332
324
325
325
323
327
330
329
339
346
349
347
348
331
339
341
334
335
341
347
352
345
355
339
346
335
342
343
340
336
344
341
334
341
340
329
332
331
338
334
332
338
337
342
347
342
357
353
338
348
336
331
333
342
338
341
347
349
344
342
339
334
328
330
328
342
329
333
334
324
319
314
320
324
325
328
329
332
329
335
338
331
331
332
326
328
318
328
328
333
326
348
347
345
342
346
355
363
359
362
343
344
343
339
338
354
342
329
340
337
334
330
334
328
344
336
340
342
341
333
326
317
311
306
325
325
325
325
334
334
335
339
335
340
331
340
355
344
348
340
337
345
335
340
341
338
340
345
348
348
345
350
345
347
336
337
325
336
330
322
320
312
313
316
313
307
312
318
317
307
312
319
329
328
328
318
315
319
328
338
342
336
322
327
331
319
316
309
316
315
305
307
298
296
288
296
304
309
308
312
321
320
329
315
316
327
330
340
338
335
337
326
341
338
343
343
339
344
343
329
330
328
329
331
326
326
327
331
341
332
344
336
344
339
343
347
355
368
364
348
347
352
357
359
354
356
355
343
340
340
343
339
343
344
349
344
343
339
336
339
346
338
347
343
339
336
331
333
338
336
337
334
322
330
327
317
320
316
301
317
311
310
316
325
325
315
322
332
326
319
326
326
332
321
320
319
322
320
310
311
315
313
326
330
334
334
327
331
333
324
323
318
324
331
332
335
334
331
335
334
324
327
328
337
332
317
330
319
315
313
321
322
323
323
333
340
333
334
336
341
349
346
343
343
339
342
339
335
334
326
351
339
330
336
345
341
340
340
346
344
341
332
342
342
339
349
343
339
335
326
336
334
339
347
346
339
340
335
336
343
343
341
342
349
349
342
342
328
335
344
342
341
345
334
330
330
321
321
310
310
307
314
313
317
322
316
316
317
321
323
327
326
329
330
318
330
329
339
325
327
325
324
324
321
323
323
317
330
328
324
326
332
337
329
335
332
326
329
319
317
322
328
340
343
348
340
345
340
341
350
342
350
348
345
347
341
342
342
330
323
316
303
316
322
328
322
337
321
309
312
307
303
306
314
314
316
313
303
310
313
311
314
311
328
332
321
327
326
328
326
324
324
332
325
335
331
327
333
333
329
342
332
332
326
343
335
331
327
324
322
321
321
328
325
318
318
313
314
306
303
304
311
313
313
307
301
304
310
302
315
321
311
318
309
316
323
318
309
300
315
320
323
317
317
312
316
320
321
318
324
317
307
310
307
301
300
283
294
310
300
299
291
294
290
287
297
290
278
278
282
278
281
285
289
288
290
288
301
292
299
304
288
295
300
286
286
291
288
294
295
302
296
296
301
306
301
302
302
291
296
294
294
297
302
304
305
315
318
315
313
315
320
320
330
322
332
322
322
323
325
329
325
322
326
325
324
329
332
323
315
315
300
307
300
279
288
288
309
305
305
291
306
288
281
272
271
288
275
279
273
263
268
273
283
265
269
268
270
274
268
279
279
281
292
276
278
280
274
267
263
255
272
259
268
278
279
278
276
294
280
289
283
274
283
294
295
290
282
290
298
293
299
303
294
291
282
274
273
288
293
287
291
296
300
295
293
294
299
303
308
308
318
314
319
319
322
316
311
312
300
304
309
309
305
310
326
320
320
320
316
315
320
304
311
316
307
310
302
327
316
316
308
311
309
308
309
312
326
311
315
316
320
310
315
317
314
314
311
314
322
310
331
329
326
315
324
319
328
317
327
325
323
314
312
307
305
303
309
309
304
306
307
311
301
314
315
305
310
305
296
294
301
297
304
311
320
321
310
304
308
311
309
314
305
311
307
298
301
287
291
311
301
305
318
322
318
323
317
314
309
317
319
317
323
320
321
320
309
311
305
316
299
302
306
309
306
307
305
302
315
317
303
304
307
299
306
307
306
308
296
300
296
299
300
311
313
313
318
327
320
322
320
317
313
321
318
304
301
300
300
300
296
304
306
304
302
313
316
308
323
313
310
310
297
300
295
304
298
301
295
297
289
300
292
290
295
288
293
285
292
286
285
294
302
300
303
304
301
313
310
308
301
307
309
303
294
296
304
292
298
299
296
296
283
290
290
287
293
308
292
311
311
314
314
313
311
311
301
302
303
304
315
315
321
323
308
317
321
329
321
312
307
304
315
313
306
310
295
296
301
293
289
304
302
307
315
321
320
315
318
328
315
312
304
310
310
315
326
335
344
335
341
329
327
312
307
305
319
317
319
321
323
320
316
326
322
328
322
311
313
310
306
302
307
306
312
317
317
303
306
308
310
302
288
300
291
293
292
297
294
299
295
310
310
311
312
304
303
297
293
291
295
297
295
287
295
296
302
305
308
311
313
303
304
308
315
304
306
307
317
319
313
313
322
316
311
328
317
310
312
308
309
310
307
297
294
304
309
316
322
336
323
318
305
312
314
314
312
310
307
306
302
307
308
311
316
322
317
325
315
324
304
302
309
305
305
311
306
304
307
311
307
308
306
305
294
288
299
312
309
322
307
306
304
306
319
315
321
304
303
305
291
298
304
314
324
327
322
322
332
331
330
324
317
311
312
311
297
298
305
298
299
286
290
288
295
300
310
305
295
304
308
316
312
319
319
318
324
320
322
319
319
324
328
337
331
321
324
312
332
318
310
312
315
316
298
296
292
305
298
299
298
314
314
311
313
308
311
311
300
291
300
302
284
289
301
301
299
298
313
310
317
312
314
311
293
312
307
301
309
303
309
310
306
311
312
311
322
320
318
316
321
331
326
325
317
315
313
314
310
315
317
312
313
310
313
315
316
312
312
312
308
306
295
295
298
293
301
312
318
313
310
306
307
308
310
312
306
306
312
298
298
289
290
294
282
285
304
298
303
314
305
297
295
308
288
298
312
303
312
305
313
296
291
305
294
295
311
299
300
300
307
306
312
318
299
288
306
304
294
294
309
307
308
316
317
322
322
309
313
293
295
290
283
291
309
312
314
312
309
315
312
304
313
307
319
332
333
338
335
319
304
325
319
319
324
324
322
321
324
340
336
338
331
325
319
329
330
314
316
305
307
305
306
312
301
311
320
307
310
311
306
295
301
308
306
318
318
314
313
317
319
329
334
335
323
325
322
330
325
340
332
326
319
316
314
306
313
314
310
309
324
319
322
317
326
317
304
313
310
313
312
307
293
313
315
320
318
314
304
312
312
310
303
293
299
293
290
299
304
303
307
315
320
318
315
312
306
309
310
308
311
309
312
309
308
305
304
291
294
306
308
313
302
300
306
310
311
307
300
305
291
296
298
295
290
297
304
306
312
311
314
301
301
290
300
305
301
306
316
309
303
315
308
308
298
302
297
296
295
301
306
318
324
327
332
324
323
318
319
322
322
324
318
322
326
322
320
329
321
326
327
322
320
321
318
314
306
317
312
311
321
308
304
300
299
309
309
306
311
308
305
289
285
299
302
306
304
306
310
310
310
309
298
299
310
311
315
310
304
307
301
301
315
314
308
303
309
322
309
305
309
316
310
311
305
301
302
309
312
311
311
312
319
328
327
324
326
331
328
329
323
326
323
322
310
320
321
329
330
330
327
334
329
320
310
306
296
296
300
292
288
292
287
292
287
282
281
274
275
277
291
286
287
291
285
294
294
295
301
292
302
287
281
285
286
284
283
280
285
293
292
303
309
310
308
306
312
317
311
309
310
306
290
284
288
281
288
312
311
299
296
304
302
309
318
315
312
311
312
309
318
313
310
308
308
303
294
296
305
307
305
313
324
326
333
323
321
320
324
325
333
327
324
321
323
324
304
311
298
309
308
300
303
304
307
311
309
309
312
315
320
317
319
317
306
303
302
295
300
295
302
296
296
283
285
295
284
297
295
301
296
294
307
297
305
311
305
308
306
314
312
304
300
311
312
313
305
324
318
317
320
308
310
302
296
302
311
318
317
313
316
311
304
301
295
292
304
293
298
299
301
313
314
312
314
302
301
302
289
297
298
297
306
313
319
309
306
304
310
305
300
307
296
302
303
300
288
299
303
291
296
291
293
303
314
313
321
316
309
308
311
305
301
302
308
294
300
307
315
315
312
315
311
318
338
330
330
324
317
315
321
315
314
322
326
322
326
320
323
313
328
339
337
345
343
343
337
336
333
327
331
331
331
329
320
319
326
321
316
326
325
331
333
326
331
323
325
325
317
329
330
330
322
319
335
330
329
331
328
323
328
329
337
344
334
338
324
329
330
336
322
318
306
315
298
297
298
292
305
298
303
308
315
308
317
309
310
309
303
301
303
306
301
303
307
308
311
299
306
307
311
322
327
320
328
326
322
312
323
332
328
338
339
325
328
325
318
325
319
320
328
325
322
325
334
333
326
328
328
318
322
316
323
331
323
332
331
325
319
326
328
320
326
322
336
327
329
331
330
327
325
318
320
324
315
315
305
307
319
298
314
305
297
292
300
301
301
305
302
306
303
301
306
303
309
303
308
305
294
290
292
289
288
290
302
294
290
298
312
305
314
303
294
289
296
298
293
287
289
296
303
295
307
314
317
311
314
313
311
317
316
311
324
319
312
323
305
302
304
315
305
317
309
305
316
311
315
312
298
309
300
314
308
306
298
300
307
301
290
283
282
283
290
302
294
303
296
304
306
298
301
302
305
296
304
312
315
298
295
302
307
300
316
312
319
321
314
311
309
314
315
315
315
314
293
297
298
303
299
315
304
306
291
299
301
307
307
302
300
309
301
288
295
300
307
301
304
295
291
298
298
300
311
323
312
300
306
296
299
290
299
300
302
311
307
301
306
315
324
316
304
312
301
312
306
316
307
313
307
309
312
311
315
319
304
295
297
306
305
300
297
304
309
312
314
318
310
312
314
303
310
307
316
320
320
325
325
326
324
325
322
323
311
322
324
321
315
316
316
313
314
321
323
325
316
309
299
296
287
291
291
295
291
295
297
309
293
298
305
322
317
319
316
312
315
312
315
305
301
306
306
303
307
319
301
303
314
300
288
303
303
292
296
290
290
299
299
299
307
305
310
322
315
322
304
309
326
317
316
308
307
304
308
313
318
318
315
326
327
318
324
332
320
325
325
318
319
321
326
320
320
327
324
334
335
339
334
326
325
330
331
319
315
322
331
328
320
317
328
325
330
331
333
327
335
328
337
323
330
332
321
317
309
307
308
316
313
314
310
317
312
310
309
311
309
311
321
325
321
318
320
317
312
313
311
319
308
308
316
318
312
310
303
306
298
300
304
294
301
304
308
307
298
300
307
302
303
303
311
312
309
315
314
309
308
319
323
310
317
314
309
298
303
302
303
308
299
303
282
294
295
301
303
292
300
297
294
302
307
309
308
319
325
312
324
321
318
326
328
324
330
323
314
326
324
327
330
329
322
323
317
334
327
326
325
333
326
318
315
320
325
323
310
314
303
316
318
317
318
320
318
311
313
301
302
310
312
312
301
309
297
315
307
300
298
301
309
304
301
298
292
288
294
297
290
284
287
291
304
307
300
284
287
285
288
285
276
282
292
284
300
294
301
300
308
310
316
321
319
321
305
315
314
318
316
312
309
309
313
316
310
306
310
312
320
328
332
336
332
327
340
339
323
327
319
317
315
319
315
315
308
314
321
324
312
315
306
304
300
308
315
305
302
305
311
322
316
308
309
308
299
294
286
299
294
279
281
290
298
299
305
308
315
295
298
298
296
311
302
295
300
295
293
307
306
314
315
326
310
303
303
304
305
311
322
319
315
316
317
318
315
302
305
314
319
323
323
319
318
319
331
324
311
311
313
316
313
315
316
314
326
328
311
316
316
322
323
314
316
323
309
311
314
312
305
295
299
314
314
322
316
316
300
312
315
300
301
300
302
313
307
299
287
297
304
309
302
299
293
277
295
302
310
296
306
294
305
309
309
306
308
298
298
299
306
304
310
319
309
299
300
304
291
302
297
299
295
294
300
300
307
316
312
310
325
318
307
314
303
305
309
313
314
317
305
307
313
310
309
321
335
332
335
328
330
324
319
320
317
316
320
325
329
323
336
328
332
324
312
308
323
320
314
311
316
317
309
298
301
299
289
296
288
280
300
297
298
306
314
308
313
310
304
311
299
317
327
317
324
322
319
323
316
318
318
317
319
333
323
320
316
323
327
327
329
323
339
332
328
334
330
339
334
332
308
315
315
319
314
308
314
317
319
317
309
314
316
319
321
329
329
320
314
314
320
313
320
325
326
321
311
321
324
325
315
320
335
333
337
329
327
321
323
309
320
321
328
319
318
301
305
305
307
304
304
299
296
290
294
305
305
297
300
289
302
302
296
298
294
294
288
293
294
306
303
305
290
287
286
293
300
299
294
308
305
300
297
307
290
280
290
282
291
277
288
271
280
279
287
294
291
290
293
289
294
286
278
279
277
276
288
295
294
296
298
302
295
299
288
270
276
273
264
256
261
265
266
270
273
269
275
278
278
277
282
271
277
279
288
300
298
302
309
312
315
323
323
328
321
315
328
320
316
315
318
323
319
326
332
334
330
333
317
323
326
333
330
318
303
309
312
295
300
306
307
306
309
315
322
313
306
311
301
309
304
309
316
321
317
324
310
316
315
321
315
321
317
325
338
327
320
318
311
311
308
311
314
319
325
326
322
315
315
318
328
326
313
325
325
328
319
323
331
324
321
323
318
325
332
335
326
316
312
315
316
310
304
291
300
283
294
292
291
302
294
298
296
295
294
305
296
300
305
311
323
323
321
322
320
322
328
321
323
313
309
299
302
298
311
314
313
319
317
316
317
326
322
315
310
312
311
316
316
321
320
325
326
333
331
334
313
316
311
313
318
304
302
316
298
307
308
321
315
322
318
309
309
302
303
302
305
301
302
294
307
304
321
311
298
300
301
297
289
296
301
291
294
290
285
295
306
303
307
311
292
298
291
304
300
302
298
305
304
311
305
305
311
310
314
307
299
308
296
291
289
280
284
269
284
286
304
292
296
296
304
295
305
294
304
296
296
299
303
309
313
313
314
304
308
306
301
307
310
310
312
310
309
310
309
309
320
324
311
316
302
299
308
315
306
307
311
318
324
323
327
314
307
304
306
313
298
297
291
295
297
290
299
283
289
280
287
289
289
291
287
284
270
275
275
277
293
291
278
282
282
293
288
278
277
281
291
285
280
295
284
279
282
285
278
286
285
289
277
283
292
301
295
305
296
297
299
301
312
305
302
310
314
307
305
313
306
306
311
319
314
316
317
319
311
310
304
303
300
296
294
301
296
299
292
297
296
308
312
312
305
310
309
306
293
300
305
308
313
316
313
307
304
305
296
301
290
300
302
309
308
312
306
294
303
301
303
301
308
309
312
302
315
320
312
304
291
299
292
291
300
283
287
299
286
287
290
295
294
302
285
301
295
285
284
295
295
295
308
299
315
297
287
291
307
307
306
305
291
287
290
295
284
292
282
284
282
279
274
283
266
275
282
283
289
288
290
280
294
275
281
282
290
299
284
286
278
276
278
279
283
283
294
295
297
284
273
276
277
275
275
279
272
272
268
267
272
273
283
277
285
285
287
289
279
284
291
299
292
282
292
289
282
288
278
280
270
268
285
280
274
280
272
279
290
291
283
273
273
285
268
270
281
290
292
286
282
288
291
296
291
281
292
291
290
293
291
289
289
301
293
306
297
289
285
293
293
296
303
295
286
285
291
296
297
292
300
296
304
301
298
299
295
306
299
300
300
295
294
286
290
304
296
299
282
292
296
297
295
290
294
286
282
280
283
284
286
289
287
283
274
283
283
284
284
286
285
283
288
272
273
279
282
284
294
279
287
287
295
300
296
293
295
292
289
302
293
287
299
303
305
307
320
314
313
309
308
296
294
295
292
299
292
290
289
287
289
295
291
287
286
285
281
279
294
296
292
297
302
298
294
291
290
295
291
292
292
294
295
291
300
293
295
293
289
290
285
300
294
295
291
298
298
301
296
297
289
291
294
285
289
296
295
290
288
293
291
289
288
291
288
281
284
275
281
276
272
277
278
285
284
283
282
271
283
285
276
265
267
254
243
264
269
268
268
265
256
252
257
254
254
249
240
238
246
236
231
234
235
245
247
245
247
246
240
249
245
246
248
240
249
244
235
248
250
257
259
265
259
262
260
262
264
261
260
262
265
263
252
259
259
259
253
245
244
254
248
256
261
260
257
261
250
247
238
240
236
241
237
238
244
240
249
242
242
238
243
254
253
247
261
264
262
253
261
258
261
264
276
272
273
263
253
261
254
257
270
268
267
276
275
266
276
277
275
256
256
256
259
254
251
251
242
246
251
247
260
269
268
266
269
260
264
256
269
265
266
269
273
270
267
265
264
263
264
265
264
259
267
269
265
261
277
266
267
264
262
261
263
261
263
259
266
267
256
250
254
242
239
247
247
247
249
237
241
247
234
223
236
239
240
239
234
237
241
239
244
248
245
247
245
253
249
249
246
261
253
254
249
256
248
253
255
260
255
253
255
260
263
260
259
262
269
267
267
277
276
269
269
266
264
266
259
261
266
271
260
258
265
258
244
241
243
253
252
251
256
254
259
257
257
261
272
260
251
251
250
254
257
250
254
241
247
248
242
241
243
243
251
241
238
251
251
252
254
259
260
249
255
258
258
247
246
241
246
247
241
235
231
236
233
240
235
240
239
245
239
228
241
244
245
255
265
260
250
257
248
255
246
255
260
263
263
259
255
251
252
247
249
256
264
266
252
254
244
254
248
255
252
254
259
253
252
262
257
263
256
244
245
237
243
251
253
255
257
249
249
253
246
242
242
237
239
234
235
231
240
233
247
253
247
253
236
246
255
253
249
246
252
246
246
239
244
240
241
230
236
223
238
238
232
229
230
235
250
245
243
253
252
256
248
250
249
254
264
258
256
260
264
257
263
260
258
252
261
259
244
246
234
237
237
241
244
242
234
246
250
259
264
265
264
264
246
252
257
256
232
237
235
243
244
238
236
244
248
241
244
243
237
237
246
256
262
260
258
241
248
248
243
264
257
263
261
269
259
265
260
255
257
253
270
268
266
270
273
266
271
262
270
266
268
265
264
260
256
252
251
253
267
262
263
255
255
260
256
260
259
257
253
264
268
265
246
253
251
252
248
252
256
255
255
251
250
249
246
250
249
260
256
261
261
261
260
270
269
262
264
264
260
264
256
259
257
256
260
263
257
251
267
256
253
247
256
243
243
240
245
242
240
246
240
245
240
239
252
254
255
252
253
253
259
252
249
239
235
241
246
230
230
235
232
233
236
245
256
253
255
262
260
254
255
257
264
260
262
262
260
251
257
255
258
259
256
253
248
251
238
248
235
238
239
245
247
269
263
253
257
246
246
252
252
250
255
255
250
243
242
249
256
252
253
264
264
261
266
273
268
265
262
256
256
262
250
251
247
255
252
249
254
248
254
259
251
265
261
265
267
269
266
260
269
262
260
273
266
262
267
258
256
261
251
252
248
250
254
254
252
260
248
240
250
266
268
253
258
248
255
254
261
250
244
258
247
254
258
257
260
259
257
250
246
241
241
244
252
246
241
243
244
248
243
247
248
258
246
248
259
247
252
257
254
262
258
262
258
262
262
268
265
267
273
279
271
279
274
279
269
267
268
278
278
282
276
276
272
267
258
270
250
257
246
246
241
249
261
261
263
264
268
254
258
253
252
254
255
248
251
262
248
248
245
244
235
252
253
259
250
243
268
269
276
267
258
252
252
255
246
245
247
245
243
242
234
244
243
232
240
232
241
235
238
239
238
234
238
236
242
245
257
246
254
264
253
263
247
245
243
245
249
254
257
255
259
262
258
262
256
259
267
266
257
251
252
239
245
254
257
258
254
252
251
254
255
253
255
261
257
254
240
251
231
238
235
239
227
242
243
241
239
243
235
232
245
242
234
244
231
236
227
233
232
244
253
254
260
258
261
267
262
265
268
264
267
256
259
255
260
258
259
269
268
266
269
270
263
253
247
247
252
268
269
271
266
268
260
258
255
253
260
256
259
261
256
252
253
239
241
234
233
231
240
233
244
242
248
236
246
235
246
252
241
240
243
243
241
244
241
240
246
245
245
248
244
247
255
246
242
245
255
248
253
259
252
245
232
242
244
235
244
242
240
237
247
246
238
241
255
255
250
254
255
250
245
245
233
242
234
248
246
246
245
247
251
245
254
254
255
245
247
246
251
244
243
245
253
252
259
261
256
260
255
249
251
252
242
254
241
236
237
255
248
240
248
250
245
245
261
261
258
262
261
262
264
269
274
268
269
269
274
266
271
270
262
262
251
256
255
247
259
245
244
245
244
235
241
250
249
245
249
255
243
252
242
252
251
253
254
254
256
249
252
243
254
255
258
251
259
251
248
252
248
253
254
258
254
257
251
254
259
256
254
247
254
254
259
253
252
256
261
260
259
266
265
276
262
264
271
267
260
254
247
240
251
243
246
250
256
249
243
246
250
244
248
249
241
235
255
253
259
243
244
241
242
245
247
244
247
245
243
240
230
243
240
224
228
246
251
259
255
246
243
241
245
246
253
260
252
256
267
254
257
264
266
267
264
260
258
252
247
254
261
247
253
250
244
246
236
239
247
248
249
244
244
249
250
251
245
243
240
242
239
242
234
240
246
257
253
247
255
247
255
257
256
251
251
252
251
239
233
237
239
234
235
233
230
240
253
247
243
239
241
242
244
250
260
264
257
252
255
252
240
237
236
241
244
232
227
230
230
228
225
226
228
225
228
238
248
247
236
252
252
254
253
261
266
272
270
273
264
268
273
267
274
278
278
265
269
268
268
281
286
281
276
262
273
261
264
262
264
266
269
270
265
267
273
266
262
260
260
254
267
264
275
275
273
264
257
252
261
252
250
254
245
247
245
250
243
256
253
253
243
246
238
237
244
247
243
247
257
260
251
244
231
234
242
238
245
249
239
244
242
241
247
241
242
244
243
252
254
263
259
253
255
253
260
253
260
258
253
259
265
249
243
240
236
245
247
254
257
252
250
243
239
235
242
242
240
232
237
235
243
239
250
245
240
239
243
235
235
225
231
228
236
232
222
225
231
223
222
224
219
225
227
223
219
226
231
234
228
235
238
243
248
248
255
247
248
252
247
241
239
234
229
232
231
236
227
233
233
226
223
227
225
227
222
222
220
222
215
225
222
210
212
207
202
201
202
203
204
200
198
208
203
198
199
205
214
212
214
213
213
218
221
233
233
231
240
231
226
221
221
225
224
226
234
224
224
232
232
230
223
220
230
239
231
236
234
228
216
223
227
228
221
230
221
227
222
224
231
230
227
228
222
227
231
238
236
240
238
237
230
230
234
230
225
242
236
241
231
230
218
224
229
231
241
244
241
234
237
241
232
219
224
219
215
220
219
230
228
240
234
239
241
245
245
241
233
239
248
245
246
250
246
241
241
244
231
233
235
230
223
229
225
234
226
231
230
228
230
238
233
234
238
247
244
247
246
247
246
248
249
249
243
227
229
236
234
238
239
233
239
242
243
237
248
238
240
238
230
231
231
227
235
234
229
228
228
229
224
229
236
232
228
240
248
250
251
248
254
248
243
240
227
237
233
234
230
238
237
236
230
235
226
246
228
242
242
240
236
247
248
245
260
257
252
240
235
222
224
219
211
217
217
225
239
243
244
235
242
231
225
229
226
226
226
239
222
213
203
217
221
215
214
217
224
219
209
213
224
208
220
231
228
235
235
227
224
224
223
230
235
241
239
247
250
256
243
244
255
252
245
245
241
234
236
237
231
231
232
238
241
232
235
240
244
231
241
236
234
227
230
228
229
227
227
230
231
243
243
232
230
234
250
244
242
240
232
237
237
234
236
229
219
222
216
228
232
233
225
223
218
222
236
237
239
240
236
237
238
247
240
237
250
243
248
250
251
247
243
238
232
235
232
238
239
232
231
231
235
226
221
234
227
236
233
224
220
215
210
215
217
217
216
229
234
236
240
220
215
220
216
217
217
226
220
224
224
233
236
238
238
238
234
225
231
227
231
226
234
247
254
242
239
236
242
244
248
248
237
235
227
231
234
240
229
233
223
241
232
233
227
235
229
234
238
235
224
227
216
223
218
216
212
204
200
208
218
222
221
223
231
227
233
228
228
233
240
236
234
230
215
221
218
217
213
206
203
213
217
226
218
234
239
224
233
231
228
220
228
223
235
240
238
243
241
236
235
224
229
246
240
234
243
250
242
237
229
232
241
256
241
234
230
225
227
246
230
240
247
249
241
258
258
251
247
244
255
245
253
248
250
244
253
244
240
238
229
226
224
214
214
222
227
236
234
242
242
238
239
244
244
253
244
244
233
235
233
234
232
238
239
242
233
244
245
243
247
246
248
255
253
253
244
235
242
238
234
241
235
232
225
233
237
229
230
234
223
225
223
229
222
220
213
214
218
218
207
200
199
194
214
211
207
205
210
220
220
229
225
231
228
216
212
210
212
217
222
213
227
222
227
226
223
224
230
226
220
222
229
226
223
233
224
236
232
231
227
226
225
230
225
217
221
213
209
212
215
217
218
223
221
223
208
216
213
221
228
228
228
234
240
230
233
220
226
226
231
231
230
226
220
224
220
218
220
223
230
224
213
212
217
216
223
226
221
217
226
213
218
228
228
234
234
229
226
221
215
213
210
218
221
228
229
223
217
211
206
199
194
211
217
224
231
224
218
223
223
229
221
227
235
234
232
240
231
236
225
226
220
221
223
216
215
221
218
208
208
214
213
207
221
231
213
229
233
217
223
228
227
234
240
228
231
229
229
219
220
237
234
233
234
228
219
222
215
213
218
222
221
230
231
239
240
231
234
233
232
234
230
237
240
231
229
222
222
218
221
223
214
216
216
201
205
213
210
218
213
226
226
223
226
231
236
227
225
222
218
212
219
229
217
209
213
200
211
212
211
216
220
214
219
225
231
224
227
226
231
243
239
236
240
242
244
229
244
249
239
237
244
237
240
232
228
226
233
234
233
232
233
235
224
236
233
243
226
235
234
227
227
233
229
225
233
234
234
237
237
248
252
250
257
251
250
245
235
235
232
230
231
234
235
237
228
226
222
225
227
223
218
225
223
215
215
223
219
221
225
219
213
220
221
219
224
223
212
215
207
206
205
206
214
216
213
214
211
210
222
231
229
225
218
228
225
222
221
225
226
216
220
216
218
212
217
219
209
213
210
225
225
220
222
225
225
217
215
215
215
220
218
222
221
229
222
220
223
214
220
212
213
215
230
234
233
236
232
230
242
239
238
242
236
233
233
235
232
237
233
237
230
235
233
230
234
233
240
245
254
237
242
245
235
230
236
241
232
242
237
234
237
236
233
232
239
241
235
236
224
229
236
242
240
234
236
230
237
228
226
233
233
229
228
232
227
242
241
248
247
247
255
258
246
247
239
238
240
249
243
250
242
244
244
238
240
232
234
234
235
231
226
222
238
237
243
226
231
231
237
227
227
228
227
229
242
232
233
237
235
236
238
243
235
235
242
239
238
236
240
240
231
239
239
239
234
233
237
242
226
231
223
224
217
225
235
238
235
220
228
224
228
219
219
219
219
211
209
212
220
226
230
230
236
225
235
243
233
238
235
240
231
238
239
243
236
246
240
243
248
236
237
227
236
240
238
241
227
234
232
240
238
232
233
242
240
235
245
241
239
249
247
236
237
244
239
239
239
236
242
236
225
224
227
223
222
218
228
222
228
225
222
218
215
214
218
215
217
225
220
228
224
228
223
232
234
241
230
233
233
241
241
241
236
229
232
227
224
228
228
235
239
246
246
231
231
235
238
246
239
236
239
246
235
232
226
227
224
221
241
237
236
241
235
241
233
227
224
227
225
231
225
230
224
224
219
226
232
219
222
220
227
221
222
226
220
223
217
204
217
220
218
219
221
226
224
220
229
228
224
226
225
233
228
234
240
234
240
243
238
238
234
237
230
234
239
235
227
227
240
234
234
241
242
240
244
234
235
243
241
238
242
231
233
229
225
226
235
233
226
225
236
230
235
241
238
241
244
240
247
251
246
241
233
232
221
219
216
220
221
225
226
224
226
215
217
212
223
227
225
216
222
235
234
243
232
228
233
233
237
235
234
233
219
227
234
231
232
244
232
239
250
254
248
246
231
230
236
233
232
230
223
214
223
222
221
217
218
221
220
222
213
210
216
212
205
214
222
225
223
228
229
230
237
233
237
227
230
228
229
234
237
238
235
233
226
232
237
233
234
244
249
246
250
244
230
229
238
232
232
229
220
215
222
226
216
217
214
220
219
212
224
224
212
220
220
222
225
231
232
228
224
224
220
216
217
220
215
220
213
214
215
216
225
211
215
215
211
207
210
211
214
221
211
216
218
199
207
209
208
212
212
223
206
205
208
199
189
205
209
221
228
236
225
225
225
225
223
223
216
217
219
224
226
214
219
229
219
215
205
217
222
218
228
230
236
234
245
230
228
230
233
230
224
229
231
230
236
218
222
223
225
222
219
214
220
214
212
222
227
226
231
227
215
221
223
222
218
225
216
221
231
225
218
224
218
214
208
221
230
223
236
240
239
236
232
229
239
235
241
231
232
240
240
237
238
235
226
220
229
222
219
226
232
224
226
227
228
224
235
230
223
217
222
217
223
238
243
241
233
232
229
239
235
240
242
239
237
239
246
248
240
240
240
237
231
237
241
235
229
224
234
231
231
228
227
233
244
231
239
241
237
232
248
245
256
258
260
251
262
256
257
257
251
256
256
260
251
250
243
238
232
247
241
232
227
232
229
227
228
220
218
224
223
223
227
232
237
236
224
225
224
225
218
216
219
219
218
222
221
231
228
224
219
222
219
228
234
223
218
229
226
224
227
223
220
211
212
207
212
211
209
216
224
224
227
234
232
228
229
231
237
235
228
235
239
226
232
236
222
225
231
222
235
247
237
234
242
225
236
235
215
219
222
227
224
230
241
240
238
236
235
241
251
242
249
248
246
250
247
240
231
218
230
217
217
218
214
223
228
233
233
218
216
212
220
221
236
231
237
240
234
229
243
239
238
234
243
231
232
228
234
225
219
218
221
224
230
221
219
225
233
227
218
230
230
234
220
233
224
223
221
220
221
226
236
238
240
239
242
244
253
254
244
241
239
242
245
248
249
250
254
252
248
251
247
244
250
250
239
230
236
230
237
241
233
234
227
234
241
231
228
226
223
223
231
239
241
238
241
234
228
218
224
229
219
216
233
228
226
229
234
233
230
239
230
235
234
240
241
242
244
240
248
241
225
222
225
228
231
239
243
241
236
228
228
232
242
241
237
225
209
224
227
232
226
222
226
217
221
216
207
216
217
216
226
227
224
221
221
218
223
221
229
222
225
232
220
218
209
211
218
220
230
226
234
234
233
230
213
227
220
221
220
229
217
220
230
219
217
221
221
227
217
221
222
224
221
220
216
224
225
229
231
237
229
220
217
217
222
222
223
217
212
208
220
227
230
231
234
223
226
230
227
223
222
226
212
216
217
217
217
212
221
216
211
228
224
231
230
230
235
234
241
235
231
238
226
227
234
230
232
221
218
219
217
214
221
209
219
230
227
225
223
224
224
230
220
227
217
226
222
227
221
233
233
228
229
236
230
232
234
231
229
229
236
222
218
223
226
234
230
229
227
231
229
241
232
237
241
240
244
248
237
250
246
244
228
229
225
235
231
225
234
231
226
232
221
218
213
217
207
209
214
217
210
212
214
226
230
221
222
230
228
228
223
223
231
226
232
231
234
234
246
237
226
240
227
232
230
233
225
237
233
226
217
212
208
220
217
225
223
221
210
209
221
212
215
219
211
214
220
216
212
223
224
230
230
232
222
237
228
226
219
221
222
233
230
227
227
225
233
234
220
221
217
226
223
214
212
218
220
215
234
230
235
223
223
230
241
238
231
237
242
241
245
239
240
247
236
236
239
244
244
239
238
230
224
220
231
241
229
240
237
239
233
235
237
231
230
231
232
233
224
233
222
230
236
227
242
236
238
224
229
231
229
228
230
231
240
238
241
237
223
228
224
232
238
243
236
241
235
227
229
233
231
237
239
234
238
237
232
231
221
224
229
227
224
233
233
233
225
224
215
221
217
222
221
218
221
231
229
225
231
234
232
239
235
227
226
240
241
231
234
236
235
236
240
228
232
239
231
240
243
239
243
237
236
239
233
227
224
225
220
223
233
232
233
229
236
233
218
219
218
225
229
234
222
217
215
207
220
218
209
216
211
203
206
216
212
220
210
206
219
224
220
218
216
223
229
226
226
223
218
221
228
232
226
222
228
225
220
216
217
218
226
217
224
224
233
233
237
236
230
226
228
225
221
217
218
217
212
220
221
225
224
223
218
217
219
226
228
223
225
223
211
220
220
231
232
236
233
236
239
239
239
236
249
244
242
239
241
245
245
243
248
240
245
245
242
240
239
243
251
248
245
234
233
234
230
230
226
228
231
224
234
236
233
228
221
222
216
223
221
218
214
225
229
218
219
228
215
227
225
225
232
228
211
214
204
216
214
214
224
227
237
241
235
233
242
241
238
241
238
243
251
248
248
241
243
249
247
243
243
241
242
243
242
243
243
228
237
233
239
230
227
229
231
226
231
232
225
226
225
223
220
227
229
226
230
230
229
230
222
226
228
228
235
241
231
231
231
224
225
230
240
236
230
233
225
230
226
229
224
222
218
220
224
212
216
227
224
226
238
238
229
230
234
230
233
228
227
225
216
217
224
235
229
240
236
229
223
222
227
224
236
238
233
233
225
213
217
219
228
231
232
231
233
229
234
239
241
242
242
231
240
239
240
234
227
230
234
225
222
227
232
221
211
209
213
207
205
209
208
204
216
216
214
211
205
207
216
219
227
229
228
222
223
223
218
218
223
226
228
229
221
219
235
240
240
233
235
231
222
222
216
207
217
220
210
216
222
219
229
222
219
218
226
225
224
221
219
224
229
230
229
226
230
232
227
218
229
233
232
236
236
232
218
232
229
234
224
239
227
226
233
224
234
226
222
224
220
228
227
220
226
211
215
226
230
225
233
228
220
219
219
213
214
209
218
221
215
218
210
212
223
230
232
237
228
224
225
221
225
234
228
231
239
239
234
242
231
235
228
228
227
235
231
243
239
243
243
231
236
228
231
230
234
235
237
240
234
244
240
238
231
233
230
240
234
231
233
228
225
217
219
212
226
216
223
225
229
228
229
225
221
232
234
236
233
235
233
226
228
230
228
222
227
223
222
225
226
234
230
231
239
240
244
241
238
241
247
247
244
234
227
226
226
205
209
216
217
224
232
230
234
238
241
238
238
240
233
236
226
223
233
230
234
237
231
223
216
212
215
218
217
227
227
236
227
225
225
216
229
233
228
223
230
235
239
239
237
229
232
235
223
224
221
225
222
220
226
221
220
222
206
215
215
220
215
215
218
218
220
225
223
220
221
215
219
217
220
209
219
210
213
209
210
211
202
206
204
212
218
211
216
211
211
199
209
206
204
202
197
194
199
194
212
201
202
208
217
204
207
220
228
226
217
224
231
224
231
230
227
234
228
227
227
233
233
236
233
230
229
226
221
226
220
220
226
221
222
228
229
230
236
226
219
216
221
214
223
227
236
227
226
225
223
216
211
208
205
213
224
223
214
217
214
226
232
232
235
229
220
218
225
216
228
226
228
229
222
222
218
223
226
229
235
231
224
221
230
228
228
229
228
226
228
228
236
249
246
250
252
236
238
232
235
225
240
243
234
229
235
237
228
229
230
233
232
220
227
222
229
218
229
230
226
238
240
236
235
233
222
231
222
222
228
232
250
239
238
233
231
230
227
218
206
211
210
217
210
224
216
221
218
212
219
217
226
236
236
237
235
234
229
244
244
243
240
246
242
239
245
243
232
238
239
235
231
240
237
233
230
239
235
232
236
235
228
236
233
228
226
225
222
224
220
223
225
230
228
226
220
229
229
229
227
234
234
231
238
231
228
235
228
226
226
221
234
231
219
222
217
215
222
227
215
215
210
215
215
215
209
213
217
216
218
221
225
222
225
215
214
215
227
227
224
218
216
239
236
240
240
243
237
242
244
249
251
248
241
249
243
244
243
237
235
241
244
246
246
245
246
248
247
242
237
247
248
235
235
241
230
241
242
237
226
229
229
226
224
240
229
238
232
234
232
240
230
225
221
227
222
226
240
235
232
233
228
237
246
235
227
232
224
218
208
223
220
232
236
237
240
243
233
230
235
239
234
229
233
228
238
236
240
235
231
224
235
227
238
239
238
228
232
218
233
236
236
245
238
247
253
250
253
251
253
253
245
251
252
253
260
262
253
249
245
242
237
235
224
224
225
230
235
234
237
225
223
223
229
230
233
230
232
230
233
235
231
233
230
229
224
227
229
223
227
232
233
235
231
234
228
233
235
245
235
236
229
224
235
230
233
235
230
233
221
228
236
224
227
221
222
209
219
212
222
217
221
214
227
233
228
233
232
231
231
216
223
228
225
238
224
229
228
217
215
223
241
229
230
223
232
228
223
213
211
220
220
214
224
220
228
224
238
234
236
232
230
226
226
222
218
223
218
215
216
218
222
222
213
226
219
233
232
238
232
232
229
220
216
222
215
219
225
225
218
220
216
223
226
222
215
218
217
223
220
228
232
237
231
224
227
222
230
236
242
238
237
241
233
234
234
234
241
230
232
237
234
235
235
235
235
230
237
231
226
218
218
217
211
220
218
227
232
228
237
229
229
234
235
234
235
235
223
232
233
231
224
215
221
224
231
220
221
217
227
225
235
232
228
227
226
231
228
224
214
222
218
223
220
221
213
215
204
212
217
214
215
215
224
215
219
214
214
214
222
234
233
224
230
235
236
231
240
245
231
226
217
221
211
218
224
234
233
238
229
231
242
242
233
235
230
241
227
220
224
220
215
219
212
218
228
224
221
219
219
217
215
218
221
230
230
233
223
234
238
237
236
241
244
248
242
236
241
240
242
245
238
234
234
227
226
222
218
222
228
215
212
212
219
221
221
228
227
232
231
245
238
242
238
227
234
228
229
231
238
244
236
239
232
227
237
227
217
224
218
216
221
220
220
225
231
227
217
223
220
220
225
225
236
224
223
224
229
220
215
220
216
220
223
222
231
235
239
237
245
245
244
245
231
226
235
227
226
223
229
232
230
226
219
214
209
218
217
221
230
221
222
226
228
233
233
235
234
233
223
223
221
219
216
206
220
221
224
222
224
230
226
221
226
235
240
246
244
228
227
230
233
224
222
226
219
207
204
215
232
229
223
227
230
230
230
245
229
237
233
233
232
235
235
231
227
229
230
223
220
228
224
219
222
224
228
214
242
236
230
232
229
233
236
221
227
234
235
230
228
225
236
235
241
236
238
231
232
229
230
225
225
227
231
239
235
230
219
226
219
217
209
219
225
226
230
226
229
225
226
229
226
219
210
218
219
224
228
228
236
231
227
229
229
228
222
227
235
238
230
231
230
231
223
224
217
218
226
227
225
230
221
224
217
225
217
220
222
232
233
216
219
224
227
231
227
223
214
218
215
225
232
232
233
226
232
231
218
228
230
233
239
238
236
247
237
230
224
234
233
220
217
221
227
218
222
216
234
227
232
236
234
241
240
234
221
224
229
216
219
221
210
214
219
206
215
211
212
213
213
216
215
208
219
217
218
224
234
229
225
225
233
232
230
219
222
213
209
212
214
206
214
216
228
229
231
235
238
238
239
225
238
242
239
236
239
235
236
233
242
245
251
256
243
240
238
232
236
238
243
237
246
246
246
249
247
249
250
256
258
260
253
254
256
259
256
254
256
250
249
246
249
237
231
235
232
223
228
221
215
229
229
232
234
229
221
213
218
217
210
212
213
219
218
221
221
216
227
236
230
223
221
226
235
235
234
236
238
235
237
245
236
239
237
239
224
225
218
220
222
224
227
238
232
235
227
226
212
217
217
219
219
212
225
217
220
229
232
241
242
242
249
251
246
248
239
237
231
225
221
223
226
214
228
229
224
229
226
235
238
230
230
231
229
232
232
222
232
230
230
230
223
222
232
228
245
245
240
229
229
213
228
222
224
231
228
224
223
217
216
224
227
223
232
233
228
230
219
211
214
211
215
204
210
227
230
239
240
231
227
221
227
235
222
225
230
234
234
244
240
242
240
231
234
237
226
225
228
235
227
235
223
233
235
238
241
245
253
254
251
249
244
245
240
245
237
238
236
241
243
252
252
260
254
246
251
254
250
255
254
253
245
239
233
244
233
246
250
246
245
231
231
235
235
236
244
240
241
239
251
255
234
237
244
242
245
248
243
238
230
236
237
225
234
228
229
228
214
229
231
230
222
230
229
233
233
234
239
222
223
221
219
224
231
226
223
217
220
210
213
209
213
212
208
209
215
216
214
207
205
207
212
219
218
215
213
218
216
209
213
215
211
211
207
202
216
214
213
211
228
228
225
209
212
212
211
220
228
228
227
227
238
239
234
235
229
228
226
223
225
232
232
238
222
234
225
224
226
228
229
223
220
226
222
218
217
214
218
218
217
223
230
231
225
228
230
236
225
233
235
232
236
239
235
232
239
234
238
240
236
250
244
249
253
247
243
243
240
237
224
224
214
226
232
237
236
233
242
237
233
228
215
232
227
227
225
230
236
221
222
224
221
223
222
233
233
232
245
254
248
245
249
243
244
244
248
241
240
227
219
225
227
226
220
219
230
224
226
226
222
226
212
208
217
220
218
201
209
212
224
215
212
211
213
211
218
224
216
210
203
207
200
199
212
212
208
215
216
218
217
210
214
217
210
207
206
218
214
214
217
212
214
214
212
214
221
218
213
215
218
220
216
216
216
221
227
210
213
204
212
211
210
218
223
215
223
225
215
214
208
213
215
212
205
208
216
206
205
210
201
207
214
219
217
215
213
206
209
202
198
201
200
192
196
196
200
197
187
177
178
183
181
198
202
199
205
192
202
199
210
209
205
207
197
199
189
200
195
199
198
199
200
195
199
203
199
209
211
213
203
208
205
209
211
212
222
217
218
224
218
225
224
228
221
215
213
211
201
200
199
204
200
197
197
194
189
198
185
200
205
204
201
192
185
183
188
186
191
187
185
183
192
191
203
210
205
206
201
203
196
198
200
197
192
183
178
191
193
199
202
198
198
206
203
214
206
207
208
213
208
212
205
203
211
215
204
201
200
197
203
198
202
189
192
199
199
203
202
202
208
213
204
199
192
188
197
196
200
196
195
196
179
177
175
171
171
180
182
186
186
186
173
170
180
179
184
178
184
182
174
184
180
181
176
176
165
175
171
185
181
176
169
171
171
176
186
184
183
189
194
183
185
190
196
190
181
178
174
176
177
170
175
171
172
182
184
184
182
183
189
198
197
188
183
189
195
191
192
184
181
178
186
193
190
185
184
188
190
193
182
184
185
187
176
181
175
185
177
168
169
164
165
173
176
167
181
177
177
172
175
183
186
188
193
194
187
187
184
187
184
183
187
187
181
186
189
194
194
190
189
194
190
187
191
185
194
199
188
192
193
181
180
172
172
177
178
170
175
178
181
187
187
179
172
173
170
174
172
172
168
166
177
183
180
182
181
187
175
182
189
183
179
181
197
193
205
208
204
211
206
207
204
205
209
204
202
194
199
205
199
203
193
194
186
185
187
191
183
182
188
180
173
182
178
180
184
177
171
178
184
186
192
195
187
185
190
186
185
190
180
181
183
188
179
186
182
180
186
178
187
189
193
191
191
195
189
190
190
190
190
195
194
195
187
186
190
186
185
189
192
195
200
209
196
194
195
187
184
186
187
196
195
194
198
206
205
201
188
193
194
194
189
189
185
180
182
179
184
179
178
195
191
175
184
179
185
183
174
169
172
177
181
185
172
176
175
184
184
183
177
179
186
183
184
176
175
181
170
177
177
184
168
172
176
188
183
187
190
186
194
185
177
176
169
176
172
168
175
166
168
175
175
179
176
171
166
170
176
179
180
179
178
180
194
201
207
213
221
213
223
207
206
192
191
191
188
184
187
186
182
184
181
191
184
183
181
190
186
189
181
173
185
183
186
170
175
170
164
168
157
171
172
181
176
177
174
176
183
175
172
165
162
168
167
166
159
156
161
164
161
158
156
158
158
156
158
159
166
177
178
169
175
173
166
161
148
148
151
148
144
148
151
152
161
163
161
163
156
164
163
164
168
150
159
160
158
153
161
150
154
156
155
151
152
149
163
158
167
162
162
164
162
161
158
153
162
164
170
168
163
161
164
163
164
162
163
160
157
162
164
169
171
172
182
181
173
171
164
166
170
164
158
157
167
163
161
168
160
164
158
163
165
162
166
169
176
178
185
190
192
184
171
168
168
171
165
171
164
163
161
155
161
159
167
165
162
158
168
163
164
161
168
163
164
153
159
157
154
155
154
151
159
161
159
158
157
154
149
157
154
154
150
147
153
153
153
154
151
159
167
173
167
168
174
170
169
162
160
170
174
168
168
174
169
172
171
171
163
163
163
162
161
165
169
160
171
166
164
158
159
162
165
162
163
161
164
166
166
159
154
151
153
158
162
167
160
157
153
158
153
154
146
152
148
159
163
169
171
172
177
174
171
161
171
178
165
173
172
175
169
169
