1293
1289
1277
1273
1271
1282
1276
1274
1271
1283
1273
1275
1263
1281
1263
1270
1275
1267
1269
1261
1269
1256
1272
1256
1253
1251
1256
1246
1258
1244
1266
1253
1235
1223
1235
1243
1240
1246
1257
1258
1237
1236
1248
1241
1253
1251
1253
1273
1266
1258
1236
1251
1248
1237
1231
1251
1258
1251
1261
1250
1262
1257
1271
1252
1262
1263
1246
1255
1273
1279
1274
1269
1254
1244
1248
1236
1242
1221
1242
1234
1257
1241
1252
1271
1252
1265
1242
1247
1250
1257
1256
1256
1245
1245
1248
1252
1250
1239
1244
1241
1251
1238
1255
1253
1259
1249
1244
1229
1261
1254
1254
1233
1254
1254
1252
1254
1245
1250
1256
1255
1250
1244
1243
1243
1227
1227
1242
1244
1235
1234
1232
1239
1234
1238
1253
1257
1267
1253
1265
1242
1258
1248
1249
1228
1231
1243
1239
1247
1245
1265
1277
1273
1261
1276
1271
1262
1253
1248
1251
1265
1245
1253
1258
1264
1254
1249
1251
1280
1287
1274
1255
1245
1257
1249
1250
1252
1273
1287
1274
1277
1254
1243
1257
1257
1247
1262
1252
1271
1268
1271
1271
1253
1270
1280
1267
1258
1254
1271
1264
1274
1273
1271
1266
1268
1277
1263
1267
1244
1264
1243
1231
1252
1242
1234
1243
1236
1247
1240
1235
1234
1247
1263
1242
1237
1226
1245
1234
1227
1231
1239
1245
1248
1253
1251
1259
1269
1252
1247
1241
1249
1262
1270
1264
1271
1266
1261
1277
1269
1275
1275
1277
1262
1275
1253
1273
1261
1258
1255
1253
1259
1251
1247
1265
1259
1235
1257
1253
1231
1256
1260
1251
1245
1254
1259
1255
1261
1266
1264
1265
1278
1266
1257
1255
1280
1258
1253
1256
1249
1245
1240
1250
1244
1252
1253
1253
1240
1255
1241
1253
1240
1250
1256
1263
1266
1248
1241
1241
1229
1244
1249
1260
1261
1250
1264
1250
1236
1244
1245
1240
1236
1226
1224
1232
1255
1249
1245
1249
1243
1258
1252
1265
1263
1269
1275
1281
1283
1280
1291
1292
1282
1271
1272
1264
1274
1268
1268
1257
1240
1231
1261
1245
1246
1245
1257
1268
1260
1258
1255
1263
1257
1245
1238
1237
1242
1234
1241
1231
1242
1238
1234
1219
1241
1246
1247
1237
1225
1226
1248
1252
1249
1250
1228
1217
1227
1240
1248
1259
1251
1269
1245
1255
1244
1246
1233
1226
1232
1224
1227
1243
1245
1209
1230
1220
1235
1246
1242
1233
1256
1249
1231
1244
1227
1227
1245
1235
1224
1220
1207
1198
1196
1187
1201
1200
1229
1243
1237
1234
1238
1229
1244
1240
1247
1276
1250
1251
1250
1259
1266
1270
1247
1255
1272
1271
1270
1262
1250
1261
1269
1266
1256
1261
1260
1277
1267
1257
1250
1252
1253
1260
1243
1236
1266
1259
1241
1253
1245
1229
1248
1243
1247
1254
1250
1271
1243
1259
1247
1274
1271
1271
1245
1253
1251
1256
1250
1263
1271
1262
1268
1272
1282
1280
1292
1272
1272
1273
1254
1248
1256
1267
1239
1242
1232
1234
1260
1255
1249
1246
1241
1244
1264
1225
1234
1229
1220
1217
1226
1229
1240
1237
1263
1247
1265
1257
1262
1274
1249
1273
1270
1251
1232
1217
1220
1237
1245
1242
1245
1241
1243
1233
1235
1243
1248
1236
1229
1232
1238
1237
1241
1239
1245
1250
1240
1229
1229
1229
1251
1238
1250
1251
1234
1239
1231
1245
1249
1253
1254
1252
1267
1246
1242
1226
1220
1228
1238
1244
1248
1239
1223
1243
1230
1255
1247
1253
1250
1256
1247
1249
1260
1256
1244
1253
1254
1256
1249
1249
1239
1259
1247
1261
1260
1249
1250
1241
1243
1248
1238
1233
1248
1250
1247
1247
1250
1248
1245
1237
1252
1245
1248
1265
1273
1253
1282
1267
1265
1244
1256
1246
1262
1249
1257
1254
1278
1248
1243
1253
1234
1256
1263
1256
1243
1249
1253
1246
1242
1256
1266
1256
1263
1243
1247
1237
1247
1249
1250
1262
1243
1278
1241
1270
1252
1243
1239
1249
1246
1258
1258
1257
1238
1247
1251
1247
1243
1258
1254
1262
1258
1246
1246
1262
1252
1267
1247
1249
1250
1268
1260
1248
1234
1234
1227
1233
1223
1232
1251
1233
1243
1232
1227
1247
1250
1259
1264
1241
1231
1222
1224
1236
1235
1241
1253
1247
1263
1248
1247
1226
1222
1216
1229
1213
1212
1215
1219
1208
1231
1246
1248
1260
1253
1243
1239
1249
1259
1250
1250
1254
1251
1249
1239
1252
1250
1245
1239
1238
1232
1222
1251
1239
1227
1220
1240
1251
1240
1237
1255
1235
1239
1234
1226
1240
1227
1236
1250
1251
1250
1250
1263
1252
1246
1255
1236
1247
1273
1285
1286
1274
1259
1259
1270
1274
1254
1233
1249
1251
1245
1244
1234
1233
1242
1251
1246
1251
1240
1233
1248
1259
1243
1236
1224
1235
1240
1258
1249
1236
1243
1236
1229
1220
1236
1226
1231
1241
1213
1223
1225
1233
1236
1240
1255
1265
1245
1250
1259
1249
1232
1257
1238
1250
1228
1230
1232
1236
1225
1233
1217
1236
1237
1215
1213
1223
1224
1231
1243
1257
1243
1262
1236
1236
1217
1213
1194
1221
1215
1218
1216
1229
1228
1215
1223
1246
1259
1258
1245
1261
1258
1241
1222
1226
1237
1221
1221
1203
1214
1220
1208
1204
1205
1201
1199
1200
1222
1231
1209
1215
1232
1215
1194
1211
1227
1228
1230
1223
1221
1231
1220
1235
1227
1209
1216
1213
1224
1223
1229
1235
1254
1245
1236
1241
1238
1218
1220
1227
1222
1216
1223
1212
1221
1233
1203
1208
1228
1209
1214
1222
1233
1216
1221
1211
1210
1199
1202
1190
1224
1216
1243
1225
1229
1225
1210
1220
1228
1222
1230
1232
1247
1228
1248
1228
1229
1231
1236
1224
1201
1222
1219
1237
1245
1242
1246
1244
1235
1243
1223
1214
1225
1207
1219
1209
1226
1235
1237
1232
1241
1221
1237
1234
1209
1221
1223
1214
1225
1215
1213
1200
1199
1215
1224
1230
1217
1200
1205
1225
1220
1219
1212
1236
1224
1232
1226
1221
1215
1226
1233
1232
1228
1228
1228
1232
1215
1216
1217
1210
1230
1230
1222
1219
1219
1226
1224
1226
1229
1247
1230
1221
1237
1225
1228
1217
1232
1224
1201
1221
1212
1227
1222
1220
1219
1221
1232
1233
1231
1231
1236
1221
1228
1218
1213
1213
1202
1214
1219
1226
1224
1227
1237
1219
1207
1240
1239
1237
1230
1234
1240
1253
1248
1240
1268
1241
1236
1218
1222
1235
1226
1231
1244
1231
1238
1239
1233
1234
1235
1243
1234
1231
1233
1224
1203
1208
1213
1221
1229
1221
1230
1226
1234
1238
1225
1254
1252
1247
1251
1252
1256
1241
1221
1202
1220
1229
1224
1228
1223
1230
1217
1244
1241
1249
1257
1242
1250
1243
1230
1240
1226
1209
1221
1218
1241
1235
1227
1222
1225
1229
1214
1225
1229
1224
1216
1219
1210
1222
1217
1220
1233
1239
1232
1234
1244
1221
1242
1249
1223
1224
1221
1223
1213
1212
1234
1231
1237
1233
1233
1245
1232
1245
1252
1254
1240
1222
1235
1238
1240
1237
1240
1249
1227
1228
1219
1224
1225
1206
1205
1203
1230
1249
1248
1260
1247
1238
1235
1218
1217
1228
1233
1238
1231
1234
1238
1244
1229
1211
1224
1203
1217
1217
1244
1215
1221
1213
1233
1215
1212
1222
1228
1234
1239
1230
1244
1236
1239
1228
1248
1243
1239
1220
1204
1205
1225
1217
1217
1218
1222
1214
1206
1215
1215
1225
1225
1224
1248
1229
1231
1229
1234
1238
1243
1241
1218
1218
1226
1215
1231
1211
1243
1249
1235
1242
1235
1224
1218
1234
1225
1244
1223
1215
1212
1222
1221
1239
1251
1220
1246
1233
1213
1218
1216
1215
1235
1230
1236
1225
1229
1225
1227
1230
1239
1236
1243
1238
1237
1233
1233
1238
1218
1229
1239
1246
1253
1255
1242
1249
1238
1227
1219
1243
1233
1241
1225
1234
1212
1230
1235
1226
1221
1229
1234
1245
1238
1231
1223
1214
1219
1214
1222
1225
1228
1223
1239
1226
1214
1217
1226
1232
1246
1248
1229
1227
1222
1231
1211
1211
1222
1213
1207
1228
1221
1241
1225
1217
1237
1232
1227
1233
1255
1256
1254
1257
1262
1249
1251
1239
1219
1233
1225
1219
1219
1234
1217
1226
1249
1248
1241
1235
1234
1213
1206
1196
1216
1212
1217
1236
1236
1241
1245
1236
1239
1244
1240
1254
1245
1256
1246
1253
1256
1251
1230
1223
1228
1227
1234
1231
1234
1225
1211
1228
1216
1222
1235
1227
1210
1220
1228
1217
1218
1211
1205
1211
1220
1218
1239
1225
1215
1227
1221
1217
1212
1211
1226
1216
1224
1205
1204
1209
1199
1204
1214
1219
1212
1201
1210
1218
1225
1211
1208
1207
1196
1188
1199
1202
1211
1192
1212
1216
1222
1212
1211
1223
1236
1243
1240
1246
1231
1232
1236
1226
1211
1235
1229
1237
1242
1229
1215
1212
1207
1205
1226
1217
1222
1228
1232
1213
1228
1234
1225
1217
1221
1216
1198
1199
1206
1208
1229
1206
1223
1211
1203
1222
1207
1213
1209
1221
1213
1213
1224
1211
1212
1201
1181
1188
1194
1214
1188
1199
1195
1192
1198
1193
1178
1186
1168
1178
1181
1173
1170
1176
1184
1183
1197
1192
1198
1185
1173
1187
1184
1189
1192
1171
1194
1192
1208
1211
1206
1201
1203
1221
1206
1213
1216
1207
1194
1178
1162
1185
1188
1178
1205
1191
1202
1190
1200
1202
1210
1209
1194
1198
1203
1196
1208
1212
1228
1230
1212
1210
1202
1198
1207
1217
1210
1227
1213
1218
1221
1237
1233
1224
1225
1226
1224
1219
1204
1197
1198
1194
1195
1204
1182
1199
1215
1210
1191
1195
1203
1187
1193
1183
1192
1185
1170
1186
1194
1204
1191
1194
1184
1166
1173
1170
1188
1192
1199
1191
1201
1186
1184
1190
1195
1183
1193
1202
1195
1191
1203
1186
1189
1198
1189
1193
1174
1168
1188
1189
1200
1201
1218
1214
1207
1216
1197
1207
1201
1200
1207
1186
1199
1212
1188
1176
1172
1185
1181
1173
1175
1178
1185
1192
1179
1181
1184
1186
1185
1182
1180
1195
1196
1204
1211
1218
1218
1197
1211
1208
1197
1218
1198
1182
1200
1197
1187
1179
1188
1209
1212
1213
1204
1211
1212
1217
1204
1210
1219
1219
1197
1197
1199
1208
1195
1202
1218
1206
1206
1222
1219
1219
1202
1203
1205
1217
1194
1199
1190
1208
1209
1188
1204
1224
1226
1215
1233
1224
1232
1227
1218
1217
1220
1220
1215
1222
1209
1196
1182
1214
1211
1217
1204
1211
1207
1185
1183
1188
1178
1184
1188
1181
1189
1203
1184
1189
1186
1193
1198
1183
1178
1183
1184
1182
1180
1175
1175
1173
1165
1145
1156
1163
1180
1171
1161
1191
1187
1178
1193
1178
1169
1184
1185
1184
1193
1204
1206
1202
1206
1205
1201
1212
1211
1200
1190
1185
1192
1190
1195
1207
1200
1191
1188
1197
1187
1196
1181
1191
1198
1192
1207
1196
1201
1198
1202
1196
1192
1191
1188
1216
1207
1200
1206
1217
1204
1212
1200
1193
1192
1173
1184
1158
1170
1183
1201
1197
1184
1178
1185
1192
1200
1189
1184
1209
1207
1199
1204
1198
1195
1190
1198
1201
1194
1200
1213
1226
1218
1214
1213
1213
1199
1208
1190
1186
1190
1200
1210
1205
1211
1202
1191
1182
1176
1194
1197
1184
1170
1171
1182
1172
1176
1183
1187
1190
1204
1202
1210
1206
1220
1221
1227
1199
1210
1202
1211
1225
1218
1206
1207
1201
1203
1198
1205
1207
1215
1230
1221
1238
1227
1244
1230
1231
1214
1201
1205
1203
1192
1191
1190
1194
1197
1182
1189
1192
1187
1195
1184
1200
1210
1196
1201
1202
1211
1213
1212
1201
1213
1208
1200
1200
1189
1190
1184
1189
1198
1194
1185
1188
1180
1165
1175
1179
1155
1169
1164
1191
1188
1183
1195
1196
1205
1223
1205
1199
1201
1201
1209
1209
1222
1206
1216
1209
1206
1207
1209
1199
1205
1209
1203
1191
1199
1197
1196
1196
1192
1181
1198
1181
1184
1166
1182
1210
1203
1208
1216
1218
1220
1213
1225
1199
1193
1187
1197
1172
1181
1204
1194
1222
1209
1210
1200
1205
1186
1182
1173
1179
1180
1178
1193
1207
1198
1191
1188
1178
1176
1184
1163
1191
1182
1185
1197
1170
1186
1185
1194
1185
1207
1210
1207
1202
1205
1194
1190
1205
1195
1216
1194
1203
1208
1209
1196
1197
1200
1213
1216
1180
1190
1183
1184
1192
1184
1183
1179
1207
1193
1204
1208
1201
1197
1199
1193
1193
1195
1181
1196
1202
1201
1195
1204
1200
1190
1184
1190
1178
1203
1191
1194
1191
1193
1205
1203
1202
1195
1197
1186
1199
1192
1209
1214
1197
1214
1196
1205
1206
1202
1197
1184
1203
1207
1194
1200
1211
1214
1206
1227
1220
1206
1205
1206
1195
1187
1200
1201
1206
1210
1202
1179
1179
1171
1180
1195
1193
1199
1166
1190
1173
1177
1174
1191
1196
1191
1193
1201
1216
1203
1225
1208
1207
1210
1194
1210
1195
1195
1194
1199
1203
1205
1221
1209
1197
1228
1215
1218
1206
1202
1226
1229
1216
1236
1243
1225
1229
1215
1225
1217
1216
1228
1232
1223
1195
1205
1207
1219
1205
1196
1186
1175
1175
1176
1161
1181
1178
1186
1169
1194
1208
1215
1215
1201
1209
1198
1190
1189
1210
1202
1196
1183
1188
1169
1175
1177
1188
1196
1170
1177
1178
1184
1186
1169
1164
1173
1180
1196
1198
1200
1194
1202
1194
1208
1202
1199
1203
1195
1199
1197
1185
1184
1188
1204
1205
1200
1210
1197
1222
1238
1215
1229
1223
1232
1219
1218
1220
1215
1225
1223
1229
1223
1227
1212
1208
1238
1241
1230
1212
1205
1189
1211
1208
1206
1194
1207
1211
1199
1190
1186
1183
1186
1193
1190
1187
1194
1184
1188
1188
1178
1197
1208
1209
1218
1222
1226
1209
1195
1184
1188
1199
1196
1213
1219
1231
1226
1203
1204
1215
1222
1228
1222
1223
1224
1218
1215
1210
1212
1204
1190
1183
1181
1209
1201
1216
1204
1207
1205
1222
1222
1223
1204
1218
1197
1210
1219
1206
1186
1211
1211
1210
1219
1217
1229
1212
1212
1208
1203
1214
1208
1190
1195
1196
1215
1211
1201
1214
1203
1205
1205
1206
1189
1188
1193
1201
1225
1214
1216
1221
1204
1212
1210
1208
1215
1215
1193
1200
1195
1204
1204
1209
1212
1233
1214
1230
1213
1216
1209
1220
1229
1225
1229
1238
1234
1252
1234
1241
1219
1229
1231
1242
1216
1202
1196
1203
1203
1223
1228
1205
1206
1213
1224
1216
1211
1210
1228
1220
1198
1195
1200
1194
1197
1194
1200
1204
1221
1227
1214
1214
1210
1233
1226
1226
1243
1233
1230
1223
1230
1228
1218
1229
1225
1209
1193
1205
1226
1206
1225
1225
1216
1219
1239
1220
1219
1223
1220
1231
1213
1212
1203
1215
1215
1218
1196
1222
1197
1223
1227
1222
1215
1216
1222
1215
1219
1205
1208
1187
1192
1188
1192
1192
1207
1211
1210
1199
1203
1201
1214
1210
1217
1211
1221
1222
1214
1201
1198
1205
1205
1207
1217
1208
1228
1228
1222
1226
1227
1233
1221
1212
1227
1228
1241
1222
1204
1205
1238
1207
1210
1214
1222
1223
1216
1229
1224
1231
1198
1204
1203
1201
1198
1195
1190
1180
1178
1179
1181
1190
1209
1214
1212
1204
1214
1213
1208
1216
1208
1201
1213
1215
1205
1208
1226
1220
1203
1201
1205
1211
1209
1197
1198
1192
1192
1204
1195
1197
1207
1199
1202
1206
1211
1207
1192
1211
1221
1205
1215
1207
1208
1220
1229
1221
1228
1220
1208
1210
1239
1237
1216
1199
1212
1217
1218
1228
1228
1228
1232
1238
1214
1215
1191
1196
1206
1199
1202
1202
1183
1189
1196
1200
1184
1191
1190
1199
1187
1176
1176
1188
1185
1182
1195
1194
1185
1200
1215
1214
1197
1192
1215
1218
1209
1199
1203
1208
1219
1217
1221
1233
1221
1205
1221
1223
1234
1254
1231
1233
1234
1238
1221
1219
1212
1213
1213
1194
1192
1209
1216
1223
1217
1207
1221
1220
1227
1219
1241
1222
1219
1230
1236
1224
1233
1229
1213
1218
1213
1223
1191
1220
1233
1225
1216
1210
1212
1218
1219
1218
1207
1207
1207
1219
1223
1228
1226
1235
1237
1231
1213
1205
1223
1221
1224
1227
1202
1192
1182
1218
1197
1199
1228
1218
1214
1220
1218
1216
1201
1202
1214
1216
1209
1218
1221
1222
1214
1211
1200
1210
1224
1218
1200
1202
1202
1205
1209
1231
1230
1234
1241
1214
1230
1230
1210
1211
1196
1192
1194
1187
1200
1193
1200
1195
1200
1205
1202
1218
1213
1223
1239
1231
1238
1225
1224
1219
1224
1230
1240
1243
1211
1228
1217
1230
1225
1218
1208
1238
1231
1233
1232
1219
1206
1221
1200
1203
1197
1210
1197
1203
1207
1225
1226
1225
1207
1240
1248
1221
1220
1213
1203
1225
1227
1217
1218
1216
1207
1217
1218
1198
1185
1172
1191
1190
1200
1205
1198
1186
1197
1200
1214
1194
1192
1197
1201
1189
1179
1189
1181
1200
1207
1212
1215
1210
1225
1214
1199
1214
1202
1207
1192
1206
1200
1207
1220
1233
1212
1214
1214
1214
1206
1200
1215
1200
1204
1209
1210
1204
1228
1237
1216
1239
1231
1224
1227
1230
1232
1243
1241
1230
1231
1226
1206
1217
1207
1215
1217
1213
1215
1202
1213
1217
1211
1210
1217
1209
1218
1197
1205
1225
1212
1219
1219
1215
1200
1209
1216
1207
1224
1220
1207
1206
1228
1225
1228
1230
1235
1239
1226
1221
1215
1221
1243
1239
1239
1225
1218
1213
1218
1217
1220
1216
1214
1210
1211
1204
1214
1203
1182
1196
1195
1211
1209
1172
1176
1176
1196
1198
1201
1203
1203
1197
1209
1220
1196
1208
1207
1230
1218
1213
1208
1224
1223
1213
1217
1219
1233
1200
1199
1208
1218
1213
1228
1206
1206
1212
1214
1217
1207
1206
1196
1195
1178
1185
1176
1192
1196
1202
1187
1206
1203
1213
1214
1240
1227
1232
1225
1221
1208
1215
1232
1211
1234
1219
1210
1197
1215
1215
1224
1230
1246
1247
1236
1228
1230
1218
1227
1218
1213
1223
1221
1229
1229
1219
1217
1230
1217
1219
1221
1224
1219
1223
1236
1237
1228
1233
1217
1212
1210
1191
1192
1186
1184
1184
1194
1203
1212
1214
1219
1220
1222
1228
1211
1204
1208
1194
1190
1194
1202
1205
1204
1223
1219
1213
1205
1214
1202
1203
1194
1193
1205
1200
1196
1206
1193
1200
1194
1185
1195
1174
1206
1203
1212
1202
1199
1182
1200
1200
1199
1197
1184
1165
1171
1187
1195
1195
1211
1207
1213
1205
1206
1209
1199
1224
1214
1209
1208
1208
1221
1210
1204
1202
1209
1209
1202
1192
1198
1204
1196
1202
1203
1198
1206
1178
1187
1194
1181
1176
1189
1202
1204
1197
1191
1178
1168
1164
1168
1169
1183
1188
1192
1190
1185
1188
1193
1185
1193
1198
1200
1218
1197
1194
1198
1172
1156
1154
1174
1171
1169
1180
1178
1186
1183
1189
1186
1185
1183
1192
1179
1193
1193
1204
1190
1197
1180
1182
1193
1182
1184
1184
1165
1168
1173
1171
1172
1175
1191
1186
1197
1195
1204
1186
1179
1181
1182
1184
1181
1170
1167
1144
1153
1155
1158
1159
1164
1151
1171
1184
1176
1186
1181
1186
1177
1167
1165
1181
1179
1175
1181
1189
1213
1203
1207
1196
1206
1202
1190
1196
1190
1189
1188
1184
1177
1184
1183
1194
1169
1181
1204
1203
1196
1202
1186
1180
1181
1185
1183
1175
1172
1189
1179
1195
1200
1206
1185
1177
1172
1179
1184
1194
1187
1178
1188
1191
1196
1175
1163
1169
1174
1175
1187
1181
1185
1176
1188
1187
1175
1182
1180
1200
1192
1194
1184
1201
1172
1208
1179
1196
1192
1189
1177
1182
1178
1183
1206
1194
1185
1201
1188
1189
1192
1197
1212
1202
1195
1200
1209
1190
1199
1213
1221
1210
1209
1203
1202
1217
1202
1213
1218
1227
1213
1208
1208
1194
1183
1192
1188
1192
1189
1189
1188
1190
1195
1170
1196
1185
1190
1195
1192
1182
1198
1221
1221
1211
1193
1193
1185
1192
1184
1171
1179
1192
1188
1196
1184
1177
1179
1176
1185
1186
1186
1168
1166
1196
1178
1167
1179
1163
1155
1156
1161
1149
1175
1171
1153
1177
1169
1161
1188
1187
1174
1193
1179
1165
1172
1186
1178
1172
1194
1162
1175
1190
1198
1187
1185
1196
1201
1211
1193
1188
1187
1193
1202
1198
1195
1195
1200
1186
1165
1174
1177
1162
1168
1175
1173
1180
1170
1174
1199
1202
1193
1196
1185
1179
1190
1195
1184
1181
1192
1211
1224
1208
1199
1206
1208
1204
1194
1193
1181
1183
1185
1185
1195
1201
1184
1182
1177
1193
1187
1188
1187
1180
1193
1178
1178
1187
1187
1180
1195
1185
1187
1175
1174
1193
1179
1181
1194
1197
1198
1221
1204
1210
1198
1192
1192
1196
1182
1174
1186
1172
1180
1191
1190
1189
1182
1182
1182
1177
1181
1175
1175
1194
1184
1177
1188
1212
1213
1218
1218
1212
1209
1210
1208
1205
1219
1207
1203
1211
1205
1208
1204
1213
1226
1215
1203
1192
1196
1207
1204
1199
1196
1217
1215
1206
1203
1190
1200
1194
1195
1193
1188
1188
1210
1198
1191
1185
1180
1200
1190
1190
1188
1179
1168
1179
1162
1178
1160
1163
1156
1167
1153
1158
1148
1162
1159
1179
1173
1183
1189
1188
1188
1193
1200
1196
1204
1212
1200
1187
1182
1197
1199
1205
1183
1193
1200
1201
1192
1181
1195
1210
1211
1215
1208
1223
1218
1200
1195
1176
1184
1172
1188
1169
1157
1166
1179
1195
1197
1184
1192
1190
1207
1191
1201
1202
1194
1204
1199
1205
1200
1193
1208
1191
1190
1167
1187
1188
1189
1188
1187
1183
1195
1194
1191
1206
1190
1195
1192
1180
1169
1151
1163
1170
1173
1169
1192
1191
1169
1170
1181
1179
1175
1164
1187
1188
1180
1191
1198
1196
1203
1183
1189
1187
1183
1188
1202
1206
1199
1194
1186
1187
1174
1169
1182
1194
1189
1191
1206
1200
1205
1196
1195
1175
1179
1182
1172
1192
1189
1175
1187
1180
1199
1190
1194
1199
1204
1210
1214
1198
1179
1180
1195
1202
1185
1195
1188
1205
1189
1183
1206
1225
1216
1208
1210
1207
1200
1192
1185
1186
1191
1187
1174
1186
1181
1193
1188
1196
1162
1185
1179
1190
1195
1197
1195
1196
1194
1203
1207
1194
1184
1183
1186
1209
1197
1190
1215
1206
1219
1209
1212
1217
1220
1210
1225
1204
1202
1224
1202
1199
1185
1191
1214
1205
1203
1195
1189
1195
1204
1195
1190
1184
1174
1185
1183
1190
1204
1213
1186
1173
1174
1184
1189
1182
1180
1190
1183
1186
1195
1177
1165
1174
1170
1178
1177
1173
1161
1168
1165
1176
1188
1188
1182
1166
1178
1181
1185
1192
1194
1200
1206
1184
1190
1197
1195
1190
1185
1176
1203
1185
1189
1195
1181
1186
1184
1182
1193
1189
1182
1195
1185
1197
1157
1161
1173
1169
1148
1161
1157
1176
1165
1165
1193
1164
1171
1179
1172
1169
1167
1174
1171
1186
1159
1180
1189
1202
1194
1186
1188
1187
1192
1182
1179
1184
1201
1202
1207
1209
1212
1208
1198
1196
1207
1202
1204
1190
1195
1196
1192
1188
1178
1170
1177
1193
1213
1207
1203
1198
1193
1194
1194
1205
1197
1190
1189
1193
1182
1189
1188
1197
1194
1191
1196
1198
1204
1187
1194
1200
1186
1196
1187
1192
1197
1194
1189
1183
1176
1207
1194
1203
1204
1191
1195
1181
1191
1187
1192
1194
1188
1171
1195
1193
1181
1184
1202
1181
1195
1207
1193
1191
1206
1209
1214
1218
1214
1223
1207
1218
1210
1216
1211
1191
1202
1186
1187
1172
1178
1173
1187
1192
1192
1184
1182
1176
1184
1184
1181
1180
1181
1189
1188
1187
1170
1199
1197
1211
1203
1182
1200
1196
1200
1209
1206
1207
1204
1213
1206
1204
1191
1196
1184
1186
1179
1191
1189
1170
1167
1173
1182
1184
1187
1202
1208
1200
1199
1184
1180
1188
1175
1183
1191
1198
1189
1182
1185
1187
1199
1217
1201
1210
1199
1201
1198
1205
1207
1210
1205
1193
1191
1199
1199
1215
1203
1190
1176
1186
1188
1178
1175
1188
1188
1196
1197
1192
1189
1190
1186
1173
1188
1186
1198
1191
1209
1175
1193
1190
1184
1172
1206
1202
1199
1200
1183
1180
1184
1172
1167
1170
1155
1175
1179
1178
1182
1163
1182
1188
1179
1201
1209
1187
1178
1176
1180
1181
1171
1176
1174
1166
1174
1182
1192
1191
1184
1179
1178
1177
1186
1174
1172
1197
1183
1167
1184
1175
1189
1180
1190
1182
1189
1171
1172
1191
1199
1184
1186
1200
1185
1200
1194
1184
1179
1188
1187
1196
1192
1184
1191
1190
1175
1180
1203
1220
1197
1203
1204
1203
1203
1200
1179
1169
1190
1177
1183
1205
1203
1208
1197
1195
1188
1199
1190
1195
1177
1165
1170
1175
1176
1177
1176
1199
1192
1185
1165
1171
1180
1183
1191
1201
1198
1185
1207
1193
1207
1199
1201
1209
1211
1206
1213
1212
1191
1221
1207
1204
1196
1208
1196
1186
1179
1165
1189
1173
1188
1192
1191
1188
1188
1192
1183
1191
1174
1160
1180
1176
1168
1174
1176
1192
1180
1178
1189
1197
1212
1198
1191
1184
1186
1197
1203
1211
1188
1200
1192
1206
1188
1199
1195
1198
1189
1200
1200
1173
1180
1175
1171
1171
1177
1186
1178
1186
1153
1190
1191
1197
1197
1198
1197
1189
1187
1193
1175
1168
1173
1182
1171
1180
1187
1195
1188
1188
1179
1161
1183
1171
1170
1194
1177
1187
1196
1204
1207
1207
1195
1197
1202
1171
1186
1173
1172
1163
1166
1176
1177
1170
1152
1160
1152
1162
1169
1171
1184
1186
1179
1183
1182
1189
1186
1186
1167
1177
1165
1169
1161
1176
1185
1176
1165
1166
1161
1156
1149
1149
1168
1167
1167
1158
1171
1158
1157
1137
1132
1128
1128
1150
1159
1163
1151
1166
1173
1189
1208
1167
1166
1165
1161
1167
1175
1161
1172
1166
1174
1156
1167
1163
1178
1174
1161
1155
1162
1151
1158
1157
1152
1163
1157
1160
1161
1146
1152
1147
1144
1152
1136
1133
1139
1147
1146
1147
1135
1144
1154
1153
1167
1158
1163
1143
1165
1149
1156
1150
1159
1161
1174
1153
1154
1154
1167
1156
1154
1153
1131
1167
1172
1165
1164
1161
1156
1145
1142
1164
1156
1156
1136
1152
1145
1165
1159
1161
1145
1159
1165
1159
1159
1164
1147
1151
1163
1161
1182
1157
1154
1163
1146
1158
1147
1155
1146
1147
1162
1154
1168
1182
1174
1177
1130
1155
1154
1166
1162
1166
1166
1151
1162
1154
1143
1153
1152
1141
1147
1153
1159
1173
1158
1152
1163
1149
1158
1158
1169
1168
1171
1181
1165
1149
1160
1165
1175
1179
1170
1168
1160
1178
1155
1178
1161
1176
1164
1168
1153
1153
1150
1143
1136
1137
1149
1147
1128
1146
1146
1141
1142
1162
1163
1164
1158
1162
1159
1150
1132
1137
1141
1135
1144
1139
1136
1130
1142
1163
1162
1162
1174
1163
1161
1169
1159
1158
1163
1159
1161
1165
1158
1152
1163
1156
1147
1161
1155
1141
1145
1144
1161
1158
1153
1159
1161
1146
1156
1150
1143
1163
1164
1158
1165
1165
1150
1148
1160
1174
1175
1175
1164
1166
1177
1176
1159
1154
1153
1139
1157
1156
1143
1152
1145
1139
1151
1158
1144
1175
1169
1172
1143
1158
1152
1153
1165
1159
1145
1152
1136
1138
1145
1156
1160
1161
1155
1151
1144
1148
1171
1164
1185
1156
1164
1136
1138
1144
1128
1129
1145
1150
1134
1140
1148
1160
1144
1146
1155
1149
1153
1137
1134
1146
1162
1155
1157
1136
1141
1128
1133
1133
1118
1132
1128
1142
1150
1158
1151
1160
1147
1159
1147
1153
1158
1153
1144
1158
1138
1151
1165
1160
1153
1148
1148
1158
1146
1131
1160
1145
1153
1171
1165
1146
1153
1150
1152
1143
1154
1140
1126
1132
1134
1130
1137
1153
1156
1161
1133
1142
1140
1129
1139
1140
1150
1119
1127
1129
1134
1129
1132
1118
1112
1107
1128
1125
1113
1110
1107
1111
1109
1108
1115
1126
1104
1106
1118
1123
1101
1113
1121
1122
1130
1128
1129
1135
1145
1139
1144
1151
1140
1118
1137
1120
1113
1130
1135
1134
1128
1139
1141
1127
1127
1136
1139
1111
1126
1126
1121
1129
1139
1137
1120
1115
1127
1122
1107
1107
1117
1100
1096
1110
1110
1108
1113
1108
1116
1129
1134
1140
1146
1148
1137
1134
1140
1149
1144
1137
1133
1117
1110
1112
1100
1112
1122
1110
1111
1112
1117
1122
1124
1117
1117
1121
1113
1116
1110
1113
1117
1126
1107
1128
1136
1134
1128
1144
1146
1142
1151
1135
1141
1143
1145
1124
1131
1138
1128
1127
1142
1133
1146
1141
1156
1140
1146
1157
1138
1136
1135
1126
1127
1139
1140
1134
1125
1135
1122
1122
1133
1129
1133
1121
1115
1108
1107
1097
1103
1111
1087
1112
1111
1115
1107
1129
1126
1117
1121
1119
1124
1136
1127
1131
1124
1117
1123
1123
1128
1146
1157
1132
1145
1164
1160
1149
1155
1151
1142
1140
1137
1132
1140
1146
1141
1136
1123
1120
1110
1110
1119
1132
1129
1140
1112
1132
1131
1121
1128
1111
1118
1129
1134
1128
1114
1138
1110
1115
1113
1116
1127
1103
1106
1097
1116
1132
1114
1106
1124
1114
1112
1106
1105
1107
1117
1103
1109
1102
1127
1138
1145
1123
1133
1122
1128
1140
1160
1154
1134
1120
1124
1111
1120
1116
1123
1118
1117
1119
1127
1123
1110
1104
1124
1134
1140
1142
1140
1136
1131
1135
1133
1116
1120
1112
1119
1127
1120
1112
1119
1130
1124
1104
1125
1111
1101
1094
1111
1102
1103
1098
1104
1113
1100
1106
1119
1116
1118
1095
1112
1102
1119
1112
1110
1110
1122
1127
1120
1119
1115
1115
1118
1118
1122
1092
1101
1114
1115
1133
1131
1136
1139
1142
1142
1123
1148
1154
1138
1132
1135
1110
1119
1114
1095
1117
1126
1130
1119
1115
1121
1126
1146
1132
1134
1151
1132
1138
1124
1124
1120
1121
1119
1109
1121
1133
1124
1126
1139
1140
1132
1124
1135
1133
1135
1140
1149
1127
1124
1124
1121
1111
1127
1128
1098
1111
1113
1113
1113
1126
1123
1123
1127
1131
1117
1129
1113
1098
1105
1100
1100
1102
1108
1113
1121
1117
1097
1093
1090
1093
1098
1105
1096
1114
1119
1120
1125
1122
1128
1129
1124
1141
1137
1136
1120
1118
1114
1133
1145
1134
1118
1115
1141
1134
1118
1115
1131
1130
1138
1126
1125
1125
1125
1113
1141
1124
1134
1129
1125
1116
1109
1124
1132
1131
1126
1132
1138
1134
1120
1121
1117
1135
1119
1132
1125
1137
1140
1142
1147
1148
1128
1131
1133
1119
1100
1103
1102
1099
1107
1129
1130
1138
1139
1133
1125
1133
1117
1117
1131
1128
1130
1119
1128
1123
1127
1137
1126
1118
1114
1125
1114
1111
1104
1083
1099
1114
1133
1136
1141
1137
1156
1140
1133
1122
1106
1114
1100
1104
1118
1115
1109
1131
1133
1150
1142
1140
1156
1144
1138
1136
1131
1129
1140
1134
1145
1139
1128
1125
1127
1103
1118
1108
1117
1112
1104
1101
1118
1126
1119
1128
1124
1118
1133
1138
1138
1143
1138
1135
1122
1133
1110
1107
1093
1128
1099
1105
1112
1101
1096
1100
1106
1107
1111
1123
1128
1129
1137
1105
1111
1105
1113
1093
1090
1075
1080
1085
1096
1107
1114
1103
1097
1116
1107
1126
1104
1113
1116
1110
1107
1127
1117
1102
1114
1126
1102
1110
1091
1102
1094
1074
1089
1090
1097
1093
1095
1102
1103
1118
1114
1112
1109
1103
1087
1100
1086
1099
1115
1112
1110
1109
1110
1117
1104
1100
1093
1093
1108
1103
1108
1111
1110
1107
1098
1111
1105
1097
1110
1107
1104
1119
1102
1106
1096
1089
1093
1104
1082
1082
1090
1091
1099
1106
1108
1084
1104
1109
1103
1111
1090
1100
1105
1110
1109
1107
1106
1107
1108
1092
1115
1105
1097
1084
1096
1101
1113
1113
1107
1120
1119
1126
1094
1095
1087
1100
1111
1110
1112
1110
1106
1093
1097
1103
1120
1113
1114
1105
1109
1132
1121
1124
1092
1102
1084
1125
1124
1117
1126
1094
1102
1114
1113
1105
1103
1112
1111
1098
1109
1096
1118
1108
1107
1113
1098
1091
1090
1098
1098
1114
1123
1097
1103
1112
1110
1114
1100
1106
1105
1105
1106
1109
1094
1078
1098
1102
1115
1115
1117
1139
1132
1125
1136
1140
1138
1127
1140
1137
1132
1122
1116
1126
1107
1112
1118
1111
1121
1128
1128
1131
1136
1138
1141
1139
1128
1137
1140
1129
1131
1136
1109
1112
1099
1102
1103
1100
1114
1112
1110
1117
1114
1108
1105
1124
1126
1113
1121
1122
1123
1126
1118
1113
1125
1114
1133
1118
1114
1120
1124
1121
1121
1119
1115
1122
1113
1117
1128
1129
1135
1131
1129
1124
1118
1120
1117
1110
1133
1133
1122
1128
1113
1115
1111
1105
1116
1127
1130
1130
1141
1125
1121
1125
1111
1125
1142
1121
1113
1106
1120
1116
1111
1118
1116
1122
1116
1108
1115
1110
1133
1135
1131
1132
1139
1129
1126
1125
1142
1119
1124
1118
1117
1120
1127
1120
1104
1101
1086
1100
1110
1097
1093
1109
1090
1110
1115
1110
1112
1103
1101
1096
1094
1103
1083
1106
1112
1118
1096
1114
1110
1101
1089
1102
1104
1086
1098
1108
1104
1111
1106
1110
1100
1113
1122
1126
1131
1133
1138
1121
1117
1120
1123
1128
1115
1122
1117
1100
1109
1102
1108
1108
1095
1117
1103
1118
1124
1140
1125
1141
1139
1123
1122
1116
1123
1102
1118
1116
1124
1104
1090
1089
1089
1093
1083
1084
1102
1108
1100
1111
1121
1105
1109
1096
1109
1111
1116
1125
1126
1125
1112
1106
1120
1115
1120
1126
1124
1112
1099
1093
1078
1107
1090
1099
1110
1101
1103
1101
1097
1109
1093
1092
1104
1115
1102
1126
1138
1108
1102
1109
1108
1117
1110
1119
1119
1112
1100
1115
1098
1108
1101
1104
1102
1114
1113
1126
1100
1118
1121
1088
1093
1083
1104
1102
1102
1105
1102
1116
1104
1100
1124
1120
1129
1112
1111
1100
1103
1122
1121
1108
1122
1130
1115
1122
1117
1109
1113
1127
1131
1143
1131
1127
1095
1083
1095
1103
1106
1103
1113
1107
1107
1108
1092
1097
1095
1106
1103
1112
1117
1103
1110
1108
1105
1109
1109
1117
1141
1111
1119
1121
1102
1101
1101
1095
1100
1099
1104
1108
1095
1110
1098
1100
1093
1098
1096
1093
1098
1099
1085
1089
1088
1070
1088
1093
1103
1097
1083
1096
1078
1110
1109
1094
1097
1106
1089
1096
1096
1106
1103
1122
1108
1114
1099
1094
1104
1111
1105
1103
1117
1106
1115
1118
1120
1120
1111
1124
1115
1141
1114
1122
1117
1134
1125
1128
1138
1122
1115
1130
1112
1119
1116
1139
1135
1123
1115
1124
1127
1113
1119
1108
1108
1115
1105
1108
1102
1092
1109
1111
1097
1098
1119
1105
1108
1105
1104
1120
1124
1118
1114
1128
1116
1139
1128
1129
1121
1137
1144
1138
1128
1123
1125
1129
1114
1089
1096
1078
1083
1102
1088
1110
1120
1109
1114
1112
1103
1113
1110
1129
1117
1127
1113
1109
1115
1107
1120
1102
1090
1101
1108
1102
1110
1121
1119
1118
1135
1131
1129
1119
1125
1146
1127
1108
1104
1110
1105
1089
1086
1090
1097
1091
1094
1082
1103
1106
1100
1111
1107
1102
1108
1101
1107
1123
1121
1120
1123
1123
1133
1135
1134
1130
1126
1141
1142
1129
1125
1138
1122
1129
1124
1123
1126
1124
1116
1118
1130
1125
1131
1131
1126
1115
1120
1125
1130
1112
1108
1102
1104
1113
1120
1113
1104
1125
1113
1093
1082
1087
1094
1074
1105
1104
1105
1101
1109
1105
1092
1084
1099
1098
1087
1091
1104
1108
1098
1091
1089
1099
1096
1110
1108
1096
1092
1094
1099
1085
1085
1094
1096
1102
1106
1091
1079
1089
1088
1094
1090
1104
1111
1116
1113
1095
1098
1097
1097
1096
1113
1118
1123
1126
1126
1134
1140
1138
1139
1138
1138
1131
1106
1111
1112
1126
1122
1114
1117
1123
1122
1123
1127
1121
1132
1133
1129
1125
1134
1130
1124
1132
1126
1127
1132
1113
1126
1116
1129
1123
1110
1106
1130
1128
1130
1125
1122
1141
1128
1124
1134
1135
1129
1130
1122
1133
1132
1122
1104
1113
1111
1110
1115
1095
1110
1111
1111
1106
1103
1128
1131
1120
1134
1123
1113
1113
1121
1112
1120
1123
1108
1116
1135
1111
1104
1094
1090
1091
1090
1074
1101
1118
1119
1111
1128
1114
1113
1125
1117
1118
1107
1109
1101
1091
1095
1095
1093
1103
1094
1106
1105
1124
1111
1131
1124
1100
1086
1099
1104
1091
1115
1105
1111
1103
1113
1114
1096
1127
1121
1109
1118
1118
1115
1107
1113
1123
1124
1140
1128
1127
1124
1111
1125
1122
1110
1135
1123
1132
1124
1109
1141
1124
1103
1123
1101
1104
1108
1114
1107
1101
1093
1092
1089
1088
1104
1096
1092
1094
1083
1079
1096
1097
1112
1104
1098
1091
1088
1093
1092
1083
1097
1111
1104
1099
1122
1127
1125
1101
1103
1111
1115
1109
1121
1122
1127
1136
1128
1112
1108
1106
1097
1111
1110
1095
1117
1101
1117
1122
1123
1112
1115
1111
1107
1122
1126
1119
1105
1108
1115
1125
1119
1120
1105
1112
1102
1131
1115
1103
1113
1113
1131
1138
1108
1116
1115
1120
1112
1111
1109
1115
1099
1094
1105
1090
1114
1124
1127
1130
1128
1121
1127
1101
1110
1126
1124
1124
1132
1130
1123
1131
1136
1119
1115
1093
1079
1081
1087
1110
1105
1086
1101
1086
1094
1112
1094
1095
1093
1083
1081
1081
1086
1084
1085
1069
1068
1071
1075
1080
1084
1076
1086
1088
1075
1083
1079
1064
1088
1082
1087
1087
1091
1096
1085
1096
1099
1095
1088
1092
1100
1091
1093
1100
1095
1089
1112
1081
1091
1077
1056
1080
1075
1077
1081
1086
1075
1067
1074
1070
1080
1091
1094
1106
1103
1092
1096
1097
1080
1077
1073
1090
1083
1086
1097
1086
1080
1081
1100
1097
1091
1103
1106
1106
1123
1117
1111
1137
1115
1114
1116
1116
1088
1101
1100
1121
1102
1106
1089
1084
1087
1108
1094
1105
1090
1091
1096
1108
1106
1111
1099
1122
1116
1102
1120
1113
1116
1123
1120
1128
1119
1111
1113
1117
1112
1127
1107
1102
1101
1097
1113
1107
1102
1101
1119
1111
1102
1119
1123
1105
1116
1116
1115
1106
1104
1119
1102
1101
1113
1103
1094
1087
1094
1099
1105
1094
1112
1102
1088
1108
1102
1085
1101
1105
1095
1106
1113
1102
1098
1110
1113
1088
1098
1093
1099
1097
1119
1121
1131
1108
1120
1109
1104
1114
1122
1103
1108
1105
1110
1106
1098
1117
1108
1106
1107
1134
1131
1147
1150
1128
1116
1114
1125
1117
1120
1107
1113
1126
1115
1106
1087
1107
1116
1117
1135
1131
1132
1128
1133
1136
1112
1116
1099
1115
1112
1112
1109
1119
1124
1123
1121
1117
1096
1101
1122
1109
1112
1124
1118
1116
1103
1102
1098
1100
1100
1105
1099
1119
1114
1113
1109
1112
1104
1111
1099
1133
1144
1154
1129
1105
1123
1105
1104
1092
1090
1096
1107
1096
1094
1097
1116
1099
1101
1099
1108
1113
1111
1117
1107
1111
1117
1120
1121
1119
1139
1144
1124
1151
1131
1128
1125
1129
1132
1132
1123
1117
1135
1126
1119
1116
1110
1129
1122
1122
1117
1145
1125
1145
1120
1131
1139
1125
1118
1122
1125
1121
1103
1116
1104
1103
1109
1112
1118
1126
1123
1128
1116
1123
1118
1126
1127
1123
1118
1121
1091
1108
1091
1104
1090
1076
1085
1084
1066
1082
1084
1092
1095
1099
1101
1118
1119
1121
1122
1119
1132
1104
1099
1103
1104
1105
1086
1088
1080
1083
1113
1113
1117
1113
1122
1131
1119
1103
1109
1108
1098
1119
1099
1115
1109
1098
1102
1109
1120
1106
1095
1094
1111
1119
1135
1135
1116
1120
1106
1114
1126
1128
1133
1131
1138
1137
1138
1132
1133
1117
1120
1113
1107
1103
1107
1109
1117
1117
1105
1119
1119
1130
1125
1124
1116
1123
1114
1119
1117
1115
1121
1120
1110
1109
1096
1099
1089
1104
1105
1117
1101
1127
1112
1127
1127
1103
1117
1111
1098
1102
1105
1130
1109
1103
1111
1098
1119
1134
1132
1115
1119
1121
1114
1137
1121
1112
1123
1105
1110
1112
1091
1095
1109
1110
1109
1116
1112
1111
1101
1116
1111
1114
1123
1115
1103
1116
1107
1105
1112
1104
1104
1105
1099
1091
1091
1100
1115
1115
1126
1108
1114
1110
1115
1116
1112
1116
1100
1107
1116
1114
1107
1112
1105
1119
1100
1102
1105
1090
1114
1110
1113
1127
1109
1107
1105
1103
1112
1121
1120
1097
1107
1116
1105
1093
1096
1117
1100
1101
1098
1092
1098
1094
1092
1110
1104
1118
1118
1116
1116
1121
1112
1114
1118
1109
1102
1099
1102
1099
1103
1114
1113
1115
1097
1108
1091
1092
1109
1098
1105
1109
1118
1119
1114
1116
1104
1118
1118
1120
1105
1115
1107
1117
1101
1128
1123
1150
1134
1146
1148
1138
1137
1138
1129
1130
1132
1128
1105
1112
1115
1100
1115
1118
1110
1106
1121
1114
1101
1102
1112
1111
1117
1113
1102
1112
1111
1108
1110
1092
1107
1103
1100
1100
1109
1116
1106
1114
1109
1110
1096
1106
1095
1099
1107
1095
1091
1108
1127
1129
1132
1137
1147
1141
1143
1137
1130
1125
1104
1094
1115
1120
1111
1091
1098
1120
1112
1117
1116
1103
1095
1082
1083
1099
1104
1104
1105
1102
1110
1111
1112
1104
1096
1091
1095
1096
1101
1103
1107
1113
1110
1104
1108
1102
1114
1116
1111
1108
1099
1092
1097
1102
1099
1097
1078
1101
1107
1101
1094
1095
1098
1105
1104
1115
1106
1117
1136
1119
1124
1123
1103
1102
1083
1092
1082
1089
1106
1124
1109
1108
1106
1114
1110
1112
1099
1109
1112
1095
1109
1120
1102
1120
1112
1108
1109
1110
1103
1089
1087
1103
1102
1127
1118
1139
1128
1119
1102
1113
1105
1103
1095
1090
1078
1108
1093
1098
1094
1098
1117
1114
1103
1110
1102
1103
1118
1123
1116
1121
1104
1113
1120
1138
1119
1118
1115
1129
1130
1134
1126
1126
1149
1147
1138
1133
1127
1118
1110
1109
1108
1108
1093
1101
1113
1111
1123
1105
1116
1102
1117
1114
1112
1132
1112
1116
1103
1100
1104
1103
1105
1121
1125
1118
1122
1109
1120
1106
1114
1103
1120
1125
1117
1125
1106
1109
1102
1111
1106
1083
1110
1088
1104
1102
1101
1098
1094
1101
1088
1106
1111
1109
1122
1126
1122
1142
1121
1122
1102
1113
1110
1114
1112
1106
1112
1105
1098
1100
1106
1091
1096
1087
1099
1099
1121
1120
1107
1102
1114
1102
1098
1098
1105
1117
1091
1091
1105
1108
1092
1103
1120
1112
1111
1122
1114
1120
1128
1130
1148
1133
1127
1114
1129
1125
1123
1125
1133
1116
1117
1120
1118
1121
1122
1111
1127
1118
1103
1118
1115
1120
1126
1115
1110
1119
1126
1139
1130
1116
1112
1121
1125
1122
1139
1125
1120
1128
1120
1125
1110
1117
1129
1109
1113
1133
1116
1108
1113
1107
1106
1094
1106
1109
1108
1115
1117
1108
1091
1106
1106
1103
1111
1111
1127
1121
1097
1096
1120
1118
1116
1116
1118
1118
1109
1116
1107
1121
1095
1108
1103
1101
1094
1079
1097
1097
1080
1076
1078
1073
1075
1094
1107
1109
1102
1101
1092
1111
1100
1106
1116
1105
1108
1092
1125
1098
1100
1114
1095
1107
1109
1099
1117
1117
1122
1109
1105
1106
1112
1119
1110
1105
1094
1092
1120
1121
1129
1130
1120
1128
1123
1127
1113
1112
1125
1127
1120
1114
1125
1123
1113
1118
1110
1102
1098
1097
1096
1107
1094
1102
1107
1109
1105
1103
1097
1116
1103
1102
1102
1107
1105
1104
1116
1123
1114
1120
1115
1123
1112
1136
1123
1120
1119
1110
1111
1110
1099
1113
1111
1122
1119
1130
1122
1118
1120
1123
1104
1130
1127
1118
1110
1110
1103
1109
1105
1104
1112
1102
1113
1127
1107
1124
1114
1115
1119
1103
1090
1087
1066
1067
1085
1089
1078
1085
1079
1103
1088
1104
1095
1084
1083
1092
1104
1094
1092
1106
1103
1102
1097
1111
1113
1110
1133
1133
1140
1134
1117
1104
1091
1101
1101
1090
1089
1100
1098
1095
1082
1084
1085
1081
1075
1099
1097
1111
1115
1110
1117
1110
1110
1113
1118
1116
1100
1097
1115
1134
1127
1131
1110
1105
1114
1081
1090
1108
1107
1100
1117
1120
1133
1117
1109
1116
1115
1120
1125
1119
1135
1121
1110
1117
1126
1110
1101
1125
1118
1106
1099
1092
1091
1082
1085
1091
1088
1081
1071
1072
1063
1078
1076
1082
1088
1081
1087
1077
1084
1105
1090
1088
1095
1085
1085
1092
1085
1086
1079
1101
1092
1114
1115
1104
1093
1110
1109
1113
1120
1121
1116
1112
1102
1111
1105
1101
1120
1117
1112
1096
1118
1102
1102
1101
1120
1114
1117
1127
1119
1114
1099
1114
1114
1109
1108
1109
1109
1107
1120
1101
1103
1110
1109
1123
1117
1102
1119
1097
1122
1116
1105
1101
1114
1102
1116
1106
1122
1114
1101
1102
1097
1108
1086
1092
1113
1108
1104
1098
1097
1098
1100
1098
1098
1100
1083
1089
1107
1111
1116
1102
1119
1106
1105
1112
1112
1121
1135
1141
1129
1118
1121
1123
1132
1120
1111
1106
1111
1097
1094
1108
1104
1107
1095
1099
1096
1101
1110
1098
1089
1116
1093
1092
1097
1098
1103
1083
1103
1100
1100
1088
1099
1104
1104
1114
1115
1113
1103
1108
1097
1101
1111
1092
1100
1111
1113
1130
1114
1109
1113
1122
1116
1105
1108
1120
1130
1131
1124
1120
1114
1121
1113
1105
1104
1124
1123
1120
1107
1135
1122
1107
1110
1102
1120
1125
1115
1104
1111
1115
1115
1106
1095
1077
1083
1097
1096
1102
1120
1104
1102
1114
1126
1115
1109
1112
1107
1105
1106
1095
1096
1109
1103
1101
1097
1113
1122
1114
1105
1116
1121
1122
1124
1108
1124
1139
1141
1142
1123
1111
1109
1103
1101
1103
1118
1117
1126
1126
1128
1101
1103
1107
1110
1107
1086
1083
1097
1098
1104
1109
1115
1108
1119
1129
1118
1110
1122
1105
1116
1096
1086
1091
1107
1087
1087
1094
1115
1102
1111
1125
1124
1117
1123
1126
1126
1121
1107
1112
1117
1113
1128
1109
1122
1112
1122
1123
1144
1140
1118
1117
1110
1117
1116
1126
1119
1128
1127
1132
1134
1151
1126
1135
1134
1125
1133
1124
1119
1116
1107
1120
1126
1129
1121
1122
1116
1131
1119
1123
1117
1123
1127
1134
1137
1116
1122
1126
1128
1113
1113
1126
1123
1121
1116
1121
1116
1119
1109
1114
1113
1113
1100
1090
1098
1102
1101
1105
1123
1108
1112
1104
1103
1110
1106
1097
1104
1099
1098
1101
1116
1109
1109
1096
1101
1101
1085
1102
1116
1121
1093
1100
1095
1104
1111
1110
1112
1109
1128
1120
1117
1129
1131
1133
1125
1127
1116
1120
1121
1136
1141
1139
1131
1143
1134
1134
1130
1121
1122
1121
1121
1121
1119
1115
1121
1110
1104
1095
1086
1081
1086
1076
1082
1086
1071
1083
1109
1100
1103
1117
1112
1110
1104
1113
1114
1106
1118
1091
1104
1101
1120
1110
1105
1106
1124
1111
1110
1098
1106
1107
1119
1107
1114
1106
1117
1119
1119
1113
1118
1124
1113
1100
1095
1091
1095
1102
1109
1105
1101
1094
1098
1096
1091
1101
1114
1106
1092
1111
1114
1117
1108
1103
1089
1093
1097
1094
1090
1094
1079
1087
1112
1113
1102
1097
1119
1106
1090
1110
1104
1119
1114
1096
1119
1111
1106
1100
1112
1112
1096
1097
1093
1105
1108
1114
1115
1103
1103
1112
1112
1103
1097
1099
1094
1096
1101
1109
1110
1102
1097
1104
1110
1109
1115
1096
1106
1101
1117
1116
1109
1088
1102
1097
1121
1112
1110
1092
1101
1094
1099
1093
1094
1089
1110
1102
1101
1109
1098
1111
1107
1099
1101
1116
1118
1116
1105
1104
1090
1087
1104
1093
1105
1114
1090
1086
1100
1108
1098
1101
1100
1091
1074
1098
1092
1104
1091
1097
1111
1118
1097
1097
1101
1080
1091
1098
1113
1104
1113
1104
1106
1098
1076
1098
1103
1098
1111
1088
1092
1097
1099
1108
1110
1097
1081
1079
1077
1076
1079
1070
1096
1092
1076
1079
1067
1085
1099
1110
1094
1085
1090
1102
1097
1096
1097
1090
1080
1104
1106
1100
1105
1115
1115
1114
1132
1108
1114
1096
1118
1107
1101
1089
1095
1083
1096
1093
1098
1107
1126
1112
1104
1113
1098
1120
1104
1098
1097
1104
1108
1111
1125
1114
1106
1098
1113
1105
1087
1089
1083
1099
1087
1100
1111
1109
1118
1107
1125
1114
1113
1101
1103
1098
1090
1109
1115
1111
1104
1121
1116
1128
1112
1111
1120
1127
1119
1111
1115
1102
1112
1108
1121
1103
1094
1092
1099
1088
1109
1093
1092
1094
1104
1106
1108
1098
1106
1115
1110
1104
1095
1090
1090
1099
1094
1092
1079
1088
1108
1095
1106
1080
1092
1091
1100
1100
1107
1090
1088
1085
1094
1085
1079
1097
1107
1126
1121
1110
1117
1125
1119
1101
1092
1095
1087
1091
1106
1104
1090
1086
1092
1088
1093
1093
1100
1092
1103
1113
1103
1099
1110
1117
1114
1114
1126
1127
1119
1113
1103
1093
1073
1076
1083
1069
1058
1071
1069
1076
1082
1101
1103
1097
1101
1094
1097
1110
1082
1099
1098
1086
1093
1088
1095
1074
1091
1084
1107
1084
1073
1087
1095
1104
1110
1123
1094
1103
1102
1100
1088
1094
1096
1100
1103
1098
1104
1103
1118
1114
1106
1086
1103
1078
1091
1080
1083
1084
1090
1088
1085
1083
1080
1098
1080
1090
1091
1084
1072
1082
1095
1078
1081
1096
1093
1096
1080
1089
1086
1089
1092
1075
1076
1089
1085
1086
1074
1109
1106
1111
1109
1097
1116
1114
1109
1121
1115
1114
1117
1116
1123
1122
1125
1124
1126
1117
1128
1113
1110
1106
1108
1098
1081
1097
1108
1093
1100
1105
1097
1090
1084
1079
1083
1080
1069
1069
1079
1099
1068
1083
1079
1084
1070
1084
1084
1092
1080
1090
1088
1083
1079
1089
1087
1093
1091
1093
1100
1081
1089
1092
1090
1091
1074
1075
1072
1080
1075
1077
1098
1086
1092
1090
1091
1089
1099
1101
1091
1099
1095
1084
1096
1102
1110
1096
1113
1105
1119
1113
1113
1118
1107
1092
1098
1091
1100
1124
1116
1114
1103
1101
1096
1098
1101
1104
1116
1105
1104
1102
1099
1103
1094
1099
1096
1096
1099
1102
1104
1114
1104
1125
1105
1104
1122
1124
1106
1128
1115
1099
1119
1097
1095
1099
1098
1088
1090
1098
1111
1099
1080
1093
1093
1087
1091
1076
1093
1097
1100
1105
1111
1118
1097
1092
1086
1078
1070
1076
1089
1090
1091
1086
1100
1102
1089
1092
1107
1097
1103
1101
1103
1102
1094
1098
1087
1095
1092
1088
1099
1106
1098
1099
1100
1071
1091
1080
1092
1073
1103
1090
1087
1101
1104
1108
1112
1105
1116
1114
1120
1107
1119
1110
1116
1117
1118
1106
1113
1119
1106
1085
1101
1092
1097
1089
1105
1106
1095
1118
1115
1119
1092
1110
1105
1086
1094
1104
1106
1111
1098
1100
1083
1089
1072
1071
1064
1084
1101
1123
1122
1115
1110
1105
1120
1108
1096
1105
1105
1094
1085
1094
1088
1088
1088
1094
1083
1089
1096
1101
1105
1107
1120
1106
1093
1081
1099
1104
1098
1111
1109
1103
1113
1109
1109
1122
1118
1119
1112
1094
1095
1094
1098
1087
1097
1083
1095
1099
1090
1085
1105
1109
1099
1098
1090
1098
1090
1098
1097
1107
1098
1102
1104
1089
1102
1092
1093
1092
1099
1092
1090
1097
1094
1095
1078
1069
1085
1078
1070
1089
1092
1083
1094
1083
1080
1093
1089
1102
1112
1112
1111
1131
1106
1100
1116
1128
1131
1124
1122
1119
1115
1106
1113
1108
1104
1113
1108
1088
1090
1095
1103
1101
1114
1113
1109
1104
1107
1126
1111
1113
1121
1106
1094
1110
1115
1094
1105
1097
1111
1104
1091
1081
1093
1105
1103
1114
1115
1129
1103
1108
1094
1112
1106
1099
1120
1109
1117
1108
1105
1090
1114
1105
1105
1099
1107
1109
1113
1106
1124
1109
1117
1116
1119
1113
1105
1109
1123
1121
1118
1110
1112
1107
1115
1103
1114
1108
1106
1106
1104
1085
1089
1082
1084
1089
1079
1102
1100
1112
1121
1124
1136
1112
1099
1105
1107
1108
1107
1120
1104
1103
1088
1105
1094
1098
1097
1113
1100
1101
1096
1107
1099
1083
1084
1094
1102
1094
1091
1100
1092
1096
1101
1097
1106
1113
1101
1116
1103
1117
1110
1093
1095
1097
1085
1077
1083
1082
1106
1094
1094
1082
1100
1099
1088
1088
1109
1091
1101
1113
1103
1099
1105
1097
1091
1082
1076
1086
1087
1095
1091
1096
1114
1119
1109
1091
1089
1104
1110
1107
1096
1107
1102
1114
1123
1101
1097
1094
1090
1079
1085
1100
1092
1114
1117
1114
1110
1106
1116
1107
1113
1114
1104
1093
1086
1088
1090
1082
1088
1082
1107
1118
1107
1108
1121
1132
1109
1093
1103
1080
1088
1097
1107
1099
1108
1103
1124
1093
1099
1107
1086
1094
1092
1097
1108
1108
1107
1107
1121
1113
1120
1126
1124
1096
1108
1103
1114
1105
1111
1129
1123
1116
1104
1105
1103
1093
1101
1100
1122
1111
1105
1094
1131
1121
1114
1119
1106
1122
1109
1102
1106
1115
1117
1106
1101
1110
1106
1101
1090
1100
1114
1107
1116
1109
1109
1106
1127
1120
1101
1106
1107
1104
1097
1105
1109
1103
1096
1101
1096
1091
1093
1100
1100
1108
1104
1112
1106
1110
1104
1087
1104
1096
1099
1083
1099
1087
1087
1092
1103
1100
1106
1102
1109
1120
1112
1113
1110
1115
1113
1121
1112
1101
1099
1107
1103
1104
1111
1112
1110
1096
1106
1102
1103
1096
1107
1099
1102
1111
1109
1132
1125
1128
1122
1115
1131
1123
1111
1099
1100
1106
1097
1100
1104
1100
1106
1101
1085
1099
1111
1112
1110
1107
1122
1114
1105
1107
1115
1105
1113
1097
1088
1105
1091
1111
1107
1108
1102
1110
1112
1093
1089
1081
1076
1076
1088
1082
1080
1085
1079
1090
1092
1090
1092
1092
1081
1078
1073
1064
1079
1069
1066
1070
1066
1068
1080
1082
1090
1092
1115
1119
1114
1111
1109
1106
1113
1103
1100
1090
1110
1098
1116
1110
1113
1116
1123
1127
1114
1116
1100
1115
1120
1110
1112
1128
1121
1115
1095
1106
1091
1075
1084
1089
1107
1097
1094
1080
1069
1077
1066
1079
1078
1086
1089
1086
1096
1078
1081
1094
1097
1085
1083
1100
1084
1070
1085
1095
1086
1095
1099
1091
1085
1083
1085
1080
1066
1101
1083
1080
1077
1076
1092
1078
1085
1077
1078
1096
1090
1104
1096
1096
1099
1099
1099
1098
1078
1065
1078
1104
1113
1124
1130
1134
1113
1099
1097
1105
1092
1110
1116
1106
1106
1086
1110
1106
1119
1121
1123
1117
1138
1115
1107
1090
1110
1116
1111
1110
1118
1120
1115
1106
1114
1119
1108
1130
1115
1110
1100
1103
1116
1120
1121
1100
1101
1126
1125
1132
1127
1108
1129
1115
1113
1117
1116
1115
1103
1095
1113
1085
1085
1088
1075
1087
1094
1110
1103
1103
1104
1083
1081
1090
1099
1094
1103
1077
1075
1095
1090
1096
1098
1107
1105
1092
1114
1106
1110
1105
1107
1115
1101
1113
1098
1110
1096
1104
1096
1102
1108
1093
1093
1109
1113
1101
1104
1096
1103
1099
1122
1124
1119
1113
1106
1111
1100
1094
1102
1097
1093
1099
1112
1085
1065
1072
1077
1071
1077
1087
1085
1070
1084
1075
1072
1087
1107
1109
1118
1127
1125
1105
1099
1114
1099
1106
1102
1117
1108
1122
1122
1129
1123
1117
1111
1107
1103
1103
1119
1120
1101
1106
1117
1119
1108
1090
1095
1090
1098
1107
1096
1099
1103
1101
1098
1096
1094
1098
1094
1106
1096
1098
1116
1117
1108
1096
1105
1109
1115
1100
1097
1095
1106
1115
1116
1102
1114
1105
1110
1106
1094
1085
1088
1075
1098
1118
1112
1103
1119
1114
1119
1109
1105
1113
1099
1128
1105
1122
1112
1115
1114
1108
1100
1108
1125
1134
1119
1123
1134
1114
1108
1123
1117
1107
1106
1113
1113
1102
1108
1108
1096
1097
1104
1101
1090
1098
1103
1107
1112
1110
1115
1108
1133
1122
1115
1118
1132
1110
1096
1113
1097
1100
1110
1108
1096
1092
1112
1106
1100
1111
1103
1108
1102
1122
1121
1108
1098
1102
1092
1089
1096
1096
1099
1085
1078
1105
1102
1095
1092
1109
1095
1101
1111
1105
1100
1088
1092
1093
1094
1107
1093
1098
1114
1110
1114
1118
1100
1095
1104
1107
1092
1107
1102
1114
1107
1118
1110
1113
1093
1102
1105
1108
1110
1113
1103
1103
1102
1113
1115
1115
1113
1114
1094
1109
1109
1108
1108
1095
1078
1092
1081
1091
1092
1085
1094
1107
1114
1107
1105
1118
1115
1101
1106
1099
1112
1098
1090
1105
1094
1079
1089
1101
1089
1095
1097
1107
1095
1087
1075
1076
1081
1083
1092
1084
1099
1079
1104
1095
1089
1112
1104
1095
1091
1079
1096
1112
1124
1111
1104
1096
1079
1102
1102
1116
1097
1091
1100
1101
1091
1086
1103
1102
1104
1093
1096
1098
1100
1105
1127
1129
1125
1122
1123
1115
1092
1106
1112
1115
1125
1120
1106
1107
1109
1099
1097
1117
1114
1107
1112
1104
1115
1115
1113
1100
1096
1093
1101
1091
1100
1100
1110
1110
1100
1104
1114
1106
1096
1092
1106
1102
1101
1103
1118
1103
1102
1109
1097
1101
1096
1119
1105
1106
1091
1105
1100
1119
1105
1107
1100
1098
1089
1098
1114
1119
1121
1093
1096
1100
1096
1097
1091
1109
1106
1091
1082
1092
1093
1089
1085
1090
1093
1107
1093
1091
1084
1089
1098
1114
1123
1114
1095
1107
1103
1099
1105
1110
1102
1108
1107
1108
1115
1091
1091
1092
1092
1110
1108
1104
1102
1093
1095
1107
1115
1123
1114
1115
1109
1095
1098
1120
1116
1104
1102
1096
1109
1099
1105
1097
1094
1098
1073
1084
1067
1070
1085
1084
1078
1082
1082
1090
1099
1078
1068
1090
1113
1092
1110
1082
1113
1111
1095
1087
1084
1086
1087
1092
1089
1071
1073
1084
1104
1094
1101
1098
1103
1103
1096
1101
1123
1121
1120
1110
1130
1113
1127
1125
1097
1111
1098
1110
1096
1124
1119
1106
1124
1110
1092
1076
1104
1103
1099
1108
1112
1096
1115
1110
1103
1098
1097
1115
1107
1112
1109
1104
1116
1106
1127
1122
1104
1125
1106
1118
1121
1105
1101
1101
1112
1092
1084
1098
1086
1090
1100
1097
1086
1081
1106
1112
1115
1125
1109
1111
1121
1119
1119
1112
1110
1089
1096
1099
1083
1091
1099
1097
1097
1102
1090
1076
1101
1095
1093
1090
1086
1098
1094
1100
1079
1109
1095
1103
1095
1091
1077
1091
1089
1090
1086
1092
1086
1075
1075
1062
1077
1079
1076
1057
1058
1078
1104
1075
1074
1074
1064
1067
1063
1042
1084
1068
1085
1081
1084
1107
1090
1101
1096
1099
1094
1102
1108
1105
1094
1102
1102
1093
1100
1105
1104
1109
1109
1119
1110
1103
1093
1109
1076
1075
1075
1085
1080
1072
1078
1067
1073
1076
1063
1064
1089
1064
1055
1061
1073
1087
1090
1090
1084
1080
1084
1087
1069
1082
1083
1084
1107
1080
1078
1067
1079
1085
1071
1090
1092
1102
1095
1105
1096
1115
1109
1100
1096
1098
1102
1098
1099
1101
1101
1085
1094
1094
1093
1111
1100
1109
1081
1083
1094
1062
1058
1059
1066
1067
1076
1076
1076
1086
1100
1090
1090
1086
1091
1081
1095
1089
1084
1064
1086
1083
1102
1078
1086
1083
1079
1079
1090
1078
1112
1111
1121
1129
1109
1108
1098
1112
1088
1100
1101
1100
1083
1098
1090
1096
1106
1085
1091
1081
1106
1106
1115
1099
1111
1098
1096
1102
1104
1104
1092
1090
1079
1094
1094
1106
1087
1092
1088
1086
1084
1099
1088
1094
1096
1095
1100
1100
1100
1109
1112
1096
1092
1107
1105
1095
1095
1087
1103
1092
1093
1086
1086
1084
1093
1096
1084
1087
1091
1090
1120
1095
1115
1118
