1448
1459
1448
1444
1446
1442
1436
1433
1437
1435
1429
1416
1431
1421
1430
1441
1435
1437
1433
1433
1438
1439
1441
1447
1436
1438
1426
1444
1452
1451
1451
1455
1445
1447
1457
1460
1449
1447
1446
1438
1429
1449
1457
1442
1444
1428
1426
1434
1431
1430
1433
1421
1417
1429
1449
1439
1448
1437
1435
1437
1428
1437
1430
1428
1417
1425
1429
1435
1427
1432
1431
1438
1431
1451
1448
1432
1430
1434
1423
1424
1445
1419
1450
1451
1459
1448
1438
1429
1435
1432
1443
1435
1436
1423
1428
1443
1424
1413
1427
1445
1446
1447
1439
1446
1436
1443
1450
1448
1435
1423
1421
1424
1418
1400
1408
1396
1424
1416
1428
1428
1436
1420
1439
1431
1428
1439
1435
1439
1426
1435
1422
1440
1433
1422
1435
1420
1416
1431
1430
1429
1437
1454
1455
1454
1469
1460
1447
1445
1441
1434
1435
1446
1447
1424
1434
1444
1451
1445
1446
1429
1436
1455
1449
1426
1427
1434
1446
1464
1437
1443
1446
1440
1455
1453
1443
1443
1451
1438
1438
1439
1434
1419
1432
1427
1436
1428
1418
1423
1400
1400
1412
1410
1431
1434
1416
1424
1428
1422
1433
1432
1440
1422
1414
1419
1400
1417
1447
1431
1433
1438
1432
1410
1416
1426
1430
1418
1422
1409
1407
1418
1407
1411
1408
1395
1408
1428
1427
1435
1446
1437
1432
1444
1419
1438
1433
1434
1444
1444
1439
1441
1437
1444
1451
1431
1432
1412
1429
1425
1429
1410
1424
1406
1419
1423
1426
1438
1442
1445
1435
1450
1427
1446
1438
1448
1423
1427
1431
1445
1417
1426
1438
1444
1447
1453
1462
1431
1426
1420
1442
1446
1443
1436
1449
1447
1436
1439
1449
1450
1451
1437
1437
1430
1442
1429
1427
1438
1455
1450
1462
1446
1442
1424
1440
1436
1449
1451
1435
1443
1441
1441
1453
1442
1433
1456
1431
1443
1449
1459
1440
1429
1433
1437
1445
1427
1439
1423
1439
1428
1426
1422
1418
1387
1409
1392
1405
1407
1426
1425
1419
1415
1426
1431
1424
1420
1426
1414
1430
1413
1435
1428
1439
1436
1441
1433
1426
1446
1446
1426
1439
1431
1426
1444
1437
1457
1452
1444
1454
1464
1447
1435
1448
1463
1450
1445
1426
1429
1424
1435
1424
1442
1440
1438
1439
1445
1441
1423
1425
1419
1429
1440
1447
1447
1409
1406
1425
1431
1426
1432
1424
1449
1433
1427
1430
1430
1428
1443
1435
1409
1432
1440
1444
1446
1433
1429
1442
1434
1442
1446
1425
1419
1427
1445
1440
1434
1406
1430
1432
1420
1420
1441
1440
1429
1405
1413
1407
1410
1425
1424
1421
1415
1405
1403
1406
1417
1423
1415
1431
1450
1452
1452
1445
1438
1440
1450
1433
1455
1452
1451
1451
1446
1414
1399
1424
1413
1419
1414
1444
1464
1426
1444
1440
1429
1419
1429
1411
1434
1430
1418
1424
1412
1436
1441
1446
1435
1450
1444
1423
1428
1450
1433
1436
1435
1435
1434
1437
1448
1421
1424
1420
1441
1436
1435
1437
1425
1427
1409
1434
1439
1435
1439
1427
1422
1417
1402
1413
1404
1402
1412
1411
1410
1417
1422
1422
1423
1436
1420
1407
1414
1416
1411
1398
1419
1411
1421
1422
1443
1419
1418
1422
1420
1415
1413
1438
1437
1441
1428
1425
1446
1428
1439
1435
1421
1434
1420
1413
1434
1443
1430
1419
1422
1441
1433
1419
1420
1420
1422
1432
1437
1413
1432
1437
1438
1443
1431
1432
1425
1437
1431
1417
1424
1430
1426
1419
1418
1418
1416
1423
1417
1424
1437
1429
1412
1409
1429
1425
1434
1448
1448
1430
1431
1427
1428
1396
1407
1418
1416
1411
1401
1407
1393
1410
1422
1412
1410
1416
1414
1437
1423
1425
1432
1424
1418
1420
1424
1426
1428
1444
1440
1451
1445
1433
1434
1454
1454
1448
1458
1458
1443
1443
1453
1441
1432
1446
1441
1421
1433
1436
1431
1433
1423
1425
1444
1429
1443
1449
1447
1429
1435
1430
1444
1447
1447
1446
1445
1446
1440
1459
1445
1429
1458
1451
1460
1432
1440
1444
1443
1427
1430
1427
1443
1447
1446
1422
1416
1433
1426
1406
1408
1429
1427
1423
1408
1428
1426
1450
1435
1446
1438
1429
1432
1437
1434
1443
1449
1445
1456
1453
1435
1450
1423
1455
1450
1438
1439
1431
1441
1441
1421
1415
1421
1425
1415
1426
1425
1422
1435
1427
1426
1431
1416
1441
1433
1434
1440
1435
1431
1411
1426
1431
1435
1443
1434
1444
1448
1440
1421
1441
1447
1424
1433
1440
1440
1434
1429
1436
1437
1440
1439
1442
1447
1442
1454
1450
1460
1441
1444
1437
1438
1430
1413
1430
1422
1434
1425
1442
1450
1422
1417
1407
1405
1422
1422
1400
1406
1425
1412
1422
1427
1431
1439
1420
1420
1416
1426
1428
1443
1447
1445
1440
1458
1457
1432
1433
1432
1417
1429
1434
1416
1405
1406
1411
1432
1436
1426
1431
1443
1458
1460
1461
1458
1454
1442
1424
1429
1418
1421
1420
1431
1444
1438
1438
1433
1438
1438
1434
1439
1439
1444
1448
1443
1436
1431
1436
1435
1416
1420
1416
1414
1411
1429
1428
1418
1424
1416
1424
1410
1450
1433
1422
1432
1424
1446
1451
1441
1430
1420
1439
1425
1424
1426
1421
1436
1421
1413
1445
1436
1450
1435
1447
1437
1441
1440
1427
1424
1445
1442
1448
1439
1450
1456
1438
1402
1428
1425
1431
1426
1415
1443
1430
1434
1436
1440
1455
1454
1454
1451
1440
1436
1444
1426
1429
1436
1444
1453
1440
1411
1446
1434
1444
1432
1431
1435
1427
1430
1430
1432
1426
1420
1433
1418
1416
1422
1422
1408
1422
1409
1412
1412
1410
1414
1423
1419
1418
1426
1428
1426
1430
1417
1436
1413
1412
1427
1428
1412
1424
1418
1417
1425
1410
1420
1417
1448
1447
1458
1439
1440
1446
1425
1433
1431
1425
1428
1422
1442
1456
1474
1450
1450
1438
1446
1446
1440
1447
1434
1425
1434
1431
1439
1444
1430
1424
1432
1439
1428
1434
1438
1435
1428
1418
1437
1425
1446
1441
1440
1428
1431
1445
1444
1430
1437
1423
1423
1429
1427
1427
1447
1453
1456
1453
1448
1452
1442
1429
1431
1437
1424
1449
1441
1449
1429
1445
1440
1449
1449
1423
1428
1440
1441
1432
1438
1432
1424
1412
1413
1412
1400
1399
1419
1412
1426
1420
1414
1417
1438
1442
1439
1449
1446
1441
1426
1435
1429
1453
1458
1445
1435
1438
1437
1427
1440
1424
1443
1441
1443
1452
1441
1450
1444
1432
1426
1421
1420
1428
1429
1422
1416
1418
1431
1420
1416
1424
1425
1424
1433
1424
1443
1420
1416
1420
1384
1395
1410
1408
1415
1408
1422
1416
1425
1426
1435
1426
1421
1426
1408
1417
1420
1404
1416
1415
1409
1406
1432
1435
1413
1425
1416
1423
1413
1416
1417
1421
1406
1403
1409
1412
1433
1412
1415
1422
1413
1406
1397
1409
1419
1433
1414
1434
1435
1435
1435
1441
1437
1440
1420
1428
1433
1445
1436
1445
1436
1435
1438
1433
1433
1436
1422
1415
1427
1410
1405
1422
1429
1421
1425
1423
1414
1396
1419
1415
1440
1449
1431
1433
1423
1425
1429
1410
1437
1436
1458
1448
1448
1435
1446
1438
1437
1433
1439
1439
1448
1452
1455
1449
1441
1430
1433
1439
1456
1433
1447
1444
1457
1455
1437
1437
1428
1436
1430
1434
1440
1442
1427
1430
1412
1402
1421
1429
1425
1431
1432
1431
1408
1421
1420
1420
1426
1414
1423
1431
1423
1416
1422
1429
1421
1429
1426
1411
1426
1427
1454
1442
1428
1418
1421
1419
1418
1433
1427
1420
1433
1430
1414
1404
1411
1406
1400
1408
1431
1450
1441
1441
1444
1434
1435
1443
1437
1423
1426
1423
1444
1422
1431
1433
1436
1431
1447
1435
1434
1442
1427
1425
1435
1435
1446
1453
1441
1444
1428
1429
1438
1454
1445
1438
1448
1428
1436
1426
1437
1441
1425
1425
1438
1428
1408
1407
1428
1412
1420
1405
1420
1411
1422
1419
1415
1424
1435
1428
1428
1423
1431
1419
1407
1417
1434
1423
1418
1434
1434
1443
1440
1444
1427
1442
1434
1430
1433
1437
1445
1444
1433
1433
1419
1426
1431
1420
1400
1407
1400
1412
1428
1421
1440
1434
1443
1456
1437
1448
1449
1435
1439
1430
1434
1440
1457
1441
1432
1447
1455
1434
1442
1437
1442
1436
1429
1438
1446
1419
1407
1439
1430
1435
1426
1430
1429
1433
1416
1425
1413
1431
1417
1435
1422
1415
1421
1429
1420
1414
1411
1429
1424
1425
1438
1441
1450
1448
1440
1422
1430
1399
1414
1419
1412
1424
1430
1410
1414
1424
1427
1431
1424
1397
1419
1408
1407
1404
1414
1406
1402
1408
1417
1411
1401
1409
1403
1426
1429
1425
1419
1408
1416
1416
1398
1406
1421
1413
1410
1403
1400
1398
1411
1412
1408
1400
1403
1400
1391
1405
1413
1404
1406
1407
1417
1415
1406
1414
1423
1426
1430
1420
1417
1424
1425
1424
1434
1417
1422
1418
1430
1426
1436
1437
1442
1450
1428
1419
1424
1433
1421
1416
1420
1413
1410
1421
1420
1421
1425
1425
1432
1421
1420
1412
1428
1402
1412
1418
1408
1406
1413
1401
1394
1391
1401
1412
1396
1411
1430
1412
1425
1416
1400
1426
1429
1427
1412
1404
1404
1420
1412
1419
1416
1406
1411
1422
1407
1399
1426
1413
1417
1408
1414
1426
1439
1430
1432
1426
1427
1414
1413
1400
1404
1401
1408
1427
1410
1402
1386
1392
1394
1397
1394
1389
1407
1397
1410
1421
1400
1421
1427
1417
1421
1393
1418
1396
1413
1404
1419
1414
1431
1400
1404
1401
1419
1391
1403
1415
1395
1400
1395
1394
1408
1408
1414
1420
1432
1429
1431
1440
1434
1434
1439
1442
1428
1431
1424
1428
1435
1419
1425
1440
1434
1450
1444
1441
1433
1438
1436
1424
1425
1430
1416
1411
1421
1433
1420
1409
1418
1409
1414
1433
1437
1440
1436
1430
1440
1444
1453
1433
1448
1435
1431
1423
1407
1419
1440
1433
1438
1423
1402
1416
1423
1408
1411
1406
1423
1426
1416
1422
1423
1408
1424
1428
1436
1424
1431
1431
1431
1419
1419
1428
1437
1446
1429
1443
1420
1421
1426
1426
1412
1419
1416
1411
1416
1426
1402
1393
1407
1412
1426
1418
1427
1419
1430
1420
1418
1418
1431
1428
1412
1409
1425
1421
1434
1424
1427
1409
1411
1416
1422
1425
1418
1415
1428
1414
1406
1404
1410
1416
1423
1423
1426
1411
1397
1403
1395
1395
1398
1382
1404
1403
1409
1406
1399
1420
1432
1426
1442
1440
1421
1439
1442
1440
1441
1440
1442
1428
1425
1443
1432
1447
1435
1432
1443
1432
1429
1424
1425
1431
1422
1427
1420
1423
1433
1433
1431
1430
1426
1418
1424
1410
1404
1393
1396
1422
1388
1409
1416
1422
1419
1417
1414
1399
1401
1414
1406
1425
1419
1427
1419
1421
1430
1427
1422
1414
1421
1429
1431
1431
1421
1402
1407
1414
1411
1412
1404
1411
1434
1424
1423
1421
1419
1403
1418
1421
1402
1417
1416
1418
1439
1430
1428
1415
1433
1433
1427
1421
1415
1438
1425
1427
1433
1440
1431
1414
1417
1411
1426
1420
1416
1427
1422
1411
1416
1426
1418
1421
1421
1428
1420
1426
1430
1442
1442
1430
1421
1427
1427
1442
1432
1416
1422
1428
1423
1420
1428
1420
1430
1446
1433
1435
1421
1415
1404
1419
1410
1413
1421
1438
1428
1405
1419
1407
1424
1426
1421
1422
1404
1402
1400
1389
1383
1401
1411
1415
1411
1404
1417
1421
1424
1419
1433
1418
1419
1409
1430
1440
1428
1424
1412
1418
1401
1414
1425
1420
1420
1436
1436
1427
1418
1391
1418
1436
1421
1398
1398
1402
1405
1411
1416
1438
1447
1442
1443
1438
1441
1429
1432
1436
1437
1417
1418
1425
1430
1433
1431
1421
1446
1434
1407
1421
1430
1406
1424
1423
1425
1429
1418
1417
1416
1406
1414
1403
1405
1405
1412
1437
1419
1414
1431
1423
1404
1402
1413
1400
1403
1390
1429
1422
1422
1432
1435
1432
1423
1411
1411
1409
1409
1402
1425
1437
1415
1424
1428
1414
1433
1423
1416
1405
1426
1417
1430
1439
1438
1428
1412
1417
1400
1416
1422
1418
1419
1419
1425
1431
1416
1411
1415
1412
1410
1437
1425
1403
1400
1396
1393
1396
1383
1386
1404
1407
1411
1410
1406
1414
1412
1401
1411
1396
1388
1407
1398
1405
1411
1418
1398
1411
1419
1429
1418
1432
1423
1436
1437
1427
1428
1424
1418
1422
1425
1429
1429
1433
1431
1444
1457
1446
1434
1439
1427
1439
1437
1442
1434
1422
1427
1423
1406
1438
1415
1415
1405
1427
1427
1415
1411
1404
1408
1403
1411
1403
1403
1410
1421
1384
1408
1416
1414
1425
1407
1417
1436
1446
1455
1434
1432
1429
1425
1433
1424
1431
1438
1430
1426
1419
1409
1412
1405
1412
1410
1421
1431
1430
1411
1411
1412
1388
1399
1413
1415
1429
1421
1419
1420
1396
1408
1418
1414
1427
1414
1433
1420
1420
1402
1400
1400
1388
1411
1425
1425
1415
1409
1424
1419
1428
1419
1420
1414
1417
1405
1417
1415
1408
1408
1418
1423
1426
1418
1431
1419
1402
1396
1400
1394
1389
1399
1404
1410
1415
1416
1415
1417
1418
1428
1429
1415
1423
1434
1429
1435
1423
1431
1430
1427
1433
1428
1423
1409
1424
1418
1425
1416
1409
1425
1429
1415
1410
1386
1385
1386
1411
1401
1413
1393
1406
1407
1400
1403
1403
1405
1407
1407
1409
1414
1400
1402
1406
1421
1431
1405
1410
1388
1404
1391
1400
1400
1409
1413
1419
1395
1407
1412
1405
1413
1413
1410
1425
1426
1409
1415
1422
1417
1431
1421
1401
1410
1414
1421
1414
1424
1426
1432
1441
1432
1436
1433
1434
1437
1426
1428
1397
1402
1399
1408
1389
1390
1393
1399
1423
1418
1412
1416
1416
1403
1426
1425
1420
1413
1399
1409
1416
1431
1429
1423
1396
1419
1406
1410
1409
1407
1399
1403
1399
1400
1417
1425
1408
1420
1412
1412
1404
1381
1413
1405
1419
1403
1417
1412
1434
1428
1438
1435
1418
1417
1400
1419
1410
1412
1416
1418
1414
1399
1415
1403
1405
1420
1419
1417
1406
1419
1418
1410
1403
1415
1412
1414
1416
1407
1422
1414
1402
1413
1439
1420
1399
1421
1422
1418
1415
1429
1427
1418
1427
1434
1419
1425
1426
1436
1409
1411
1430
1411
1421
1398
1408
1402
1410
1425
1399
1381
1395
1412
1405
1403
1406
1392
1405
1412
1411
1419
1414
1410
1400
1429
1425
1427
1417
1409
1402
1396
1406
1415
1420
1402
1403
1413
1407
1401
1407
1424
1429
1420
1428
1417
1414
1412
1418
1423
1431
1414
1416
1410
1416
1412
1399
1389
1402
1408
1408
1402
1399
1398
1421
1414
1423
1426
1422
1414
1435
1436
1440
1395
1409
1408
1412
1414
1403
1408
1395
1409
1416
1411
1403
1403
1427
1427
1425
1426
1410
1431
1419
1407
1405
1418
1419
1410
1404
1415
1416
1424
1417
1425
1423
1430
1419
1419
1425
1412
1412
1430
1431
1409
1417
1414
1407
1413
1430
1434
1438
1424
1409
1430
1410
1401
1405
1402
1393
1412
1387
1385
1403
1415
1403
1402
1386
1385
1391
1388
1403
1415
1417
1409
1416
1404
1408
1414
1418
1398
1405
1414
1403
1409
1408
1423
1421
1420
1432
1425
1437
1439
1414
1427
1417
1414
1424
1432
1429
1426
1431
1424
1433
1437
1429
1429
1431
1430
1437
1435
1415
1426
1410
1420
1416
1420
1412
1404
1409
1406
1395
1407
1404
1420
1422
1425
1418
1409
1421
1425
1423
1436
1439
1437
1428
1437
1427
1425
1441
1440
1437
1433
1433
1434
1424
1423
1433
1438
1420
1420
1438
1438
1434
1428
1418
1422
1413
1411
1426
1430
1415
1417
1413
1426
1434
1434
1427
1426
1427
1427
1421
1435
1417
1435
1439
1434
1422
1431
1422
1413
1415
1418
1417
1425
1410
1424
1416
1419
1409
1436
1436
1439
1438
1429
1437
1430
1427
1437
1427
1416
1417
1416
1410
1406
1422
1416
1404
1408
1407
1411
1398
1401
1423
1436
1411
1402
1410
1414
1417
1411
1403
1403
1403
1401
1417
1415
1407
1398
1410
1403
1391
1401
1401
1405
1385
1411
1400
1409
1421
1427
1426
1431
1447
1432
1418
1444
1433
1416
1429
1444
1426
1425
1417
1424
1441
1440
1422
1424
1422
1416
1418
1403
1409
1414
1410
1410
1414
1404
1414
1407
1419
1425
1413
1420
1422
1412
1403
1401
1392
1394
1398
1410
1425
1414
1404
1412
1409
1407
1397
1405
1404
1409
1407
1415
1419
1428
1418
1422
1428
1425
1438
1431
1427
1430
1436
1433
1429
1419
1428
1420
1405
1406
1414
1414
1403
1414
1414
1416
1419
1427
1426
1430
1411
1404
1395
1404
1412
1413
1406
1395
1394
1400
1412
1405
1413
1412
1412
1414
1399
1407
1407
1417
1420
1428
1418
1415
1414
1402
1410
1427
1424
1438
1413
1416
1416
1407
1426
1420
1416
1427
1424
1415
1422
1421
1433
1422
1408
1427
1411
1412
1406
1396
1411
1398
1392
1405
1403
1402
1408
1402
1409
1412
1406
1411
1408
1418
1407
1408
1403
1421
1420
1383
1392
1409
1401
1401
1407
1400
1365
1397
1412
1401
1398
1400
1411
1409
1409
1402
1418
1403
1401
1393
1405
1400
1383
1406
1392
1402
1406
1385
1388
1387
1395
1397
1402
1413
1403
1415
1425
1446
1446
1439
1439
1413
1416
1421
1418
1420
1429
1420
1415
1410
1415
1428
1425
1442
1428
1431
1417
1414
1414
1410
1411
1413
1425
1424
1431
1437
1434
1444
1430
1421
1425
1408
1404
1399
1401
1388
1407
1386
1389
1390
1408
1415
1416
1431
1433
1400
1405
1400
1392
1403
1392
1415
1413
1427
1418
1415
1415
1420
1420
1405
1419
1415
1406
1424
1433
1416
1432
1422
1418
1417
1420
1417
1419
1406
1394
1398
1411
1422
1421
1422
1430
1422
1430
1428
1418
1406
1430
1439
1418
1406
1411
1428
1442
1435
1437
1434
1435
1431
1411
1408
1397
1404
1433
1402
1406
1427
1406
1405
1412
1406
1419
1433
1428
1441
1423
1429
1432
1416
1427
1412
1438
1455
1436
1431
1424
1428
1433
1419
1420
1431
1421
1419
1419
1425
1437
1448
1443
1436
1427
1442
1412
1426
1422
1407
1420
1426
1422
1444
1438
1440
1438
1440
1435
1440
1441
1416
1424
1414
1425
1421
1408
1420
1411
1401
1412
1399
1396
1406
1407
1413
1419
1409
1422
1415
1433
1428
1440
1441
1431
1444
1446
1440
1437
1427
1432
1429
1416
1412
1404
1422
1409
1408
1410
1391
1388
1379
1399
1429
1414
1421
1423
1427
1427
1421
1422
1421
1420
1415
1404
1401
1408
1405
1411
1415
1420
1400
1432
1433
1430
1429
1431
1430
1428
1439
1419
1426
1434
1423
1448
1438
1424
1441
1427
1428
1414
1404
1412
1400
1414
1408
1424
1438
1425
1434
1412
1414
1426
1427
1429
1447
1426
1437
1449
1433
1455
1459
1452
1444
1427
1444
1449
1439
1442
1445
1441
1431
1431
1421
1423
1431
1427
1432
1426
1415
1422
1421
1411
1400
1410
1417
1416
1420
1414
1417
1427
1410
1405
1413
1404
1414
1418
1416
1416
1398
1393
1394
1400
1410
1425
1421
1425
1417
1430
1427
1403
1411
1420
1408
1411
1395
1414
1393
1400
1424
1390
1390
1402
1404
1417
1419
1414
1411
1413
1412
1406
1392
1401
1410
1408
1411
1403
1385
1391
1405
1404
1405
1396
1398
1398
1399
1404
1395
1381
1389
1393
1411
1396
1416
1402
1405
1402
1417
1422
1416
1415
1417
1414
1426
1421
1419
1402
1398
1388
1397
1406
1401
1404
1421
1414
1405
1425
1429
1418
1408
1403
1401
1419
1410
1416
1403
1391
1397
1396
1422
1406
1420
1412
1415
1420
1411
1401
1414
1414
1401
1404
1399
1405
1406
1415
1412
1421
1427
1413
1408
1399
1417
1411
1415
1415
1427
1419
1427
1422
1437
1421
1417
1404
1424
1408
1421
1427
1435
1428
1412
1417
1413
1431
1432
1438
1428
1428
1411
1395
1395
1418
1412
1417
1406
1396
1381
1414
1388
1403
1399
1404
1389
1380
1386
1413
1401
1405
1411
1402
1412
1416
1411
1397
1419
1398
1407
1414
1413
1390
1425
1422
1419
1406
1395
1401
1401
1407
1409
1405
1415
1406
1411
1397
1390
1397
1405
1394
1402
1388
1400
1409
1392
1407
1419
1416
1420
1419
1413
1408
1408
1410
1416
1393
1409
1425
1428
1420
1413
1420
1426
1427
1429
1438
1421
1415
1405
1424
1414
1413
1416
1398
1418
1407
1415
1406
1406
1409
1396
1391
1409
1393
1376
1382
1383
1399
1406
1407
1399
1403
1397
1399
1390
1404
1384
1405
1403
1425
1414
1430
1419
1421
1414
1428
1420
1407
1412
1415
1415
1404
1396
1389
1379
1385
1391
1401
1380
1395
1397
1414
1408
1416
1400
1386
1386
1391
1381
1403
1397
1396
1397
1401
1402
1425
1428
1415
1415
1399
1382
1369
1374
1371
1367
1384
1365
1381
1386
1381
1389
1401
1406
1401
1408
1404
1397
1411
1417
1407
1409
1422
1410
1405
1392
1410
1407
1401
1414
1415
1414
1412
1423
1420
1402
1403
1410
1393
1400
1397
1413
1413
1412
1403
1417
1413
1407
1405
1406
1407
1410
1403
1406
1417
1418
1416
1426
1414
1419
1417
1414
1412
1406
1411
1414
1415
1406
1413
1410
1402
1420
1405
1407
1417
1412
1425
1405
1412
1412
1409
1408
1403
1407
1391
1420
1417
1409
1429
1421
1419
1412
1419
1408
1414
1414
1410
1398
1397
1395
1383
1401
1399
1398
1400
1412
1413
1401
1397
1413
1399
1408
1408
1394
1398
1402
1395
1410
1412
1406
1401
1405
1399
1401
1395
1391
1377
1388
1377
1393
1394
1400
1394
1395
1399
1392
1380
1396
1393
1389
1390
1410
1410
1390
1406
1409
1393
1406
1393
1404
1413
1410
1418
1428
1431
1440
1439
1439
1433
1437
1425
1438
1421
1431
1412
1419
1405
1394
1414
1387
1410
1416
1388
1382
1403
1406
1408
1413
1421
1423
1419
1405
1416
1417
1400
1407
1407
1408
1415
1390
1406
1403
1405
1402
1397
1394
1419
1418
1423
1424
1396
1404
1420
1425
1414
1421
1403
1407
1410
1403
1393
1409
1403
1403
1402
1395
1411
1407
1426
1427
1436
1431
1419
1423
1409
1416
1397
1413
1413
1430
1409
1415
1394
1409
1406
1425
1435
1430
1432
1422
1424
1423
1432
1430
1435
1426
1424
1427
1437
1413
1415
1415
1405
1410
1412
1416
1429
1418
1421
1405
1408
1402
1390
1405
1414
1400
1402
1409
1408
1429
1420
1418
1413
1403
1409
1408
1402
1394
1405
1419
1409
1406
1403
1392
1406
1396
1414
1403
1406
1399
1411
1404
1406
1405
1400
1402
1391
1402
1413
1403
1398
1415
1426
1409
1402
1415
1417
1419
1408
1426
1421
1414
1427
1423
1403
1400
1408
1393
1392
1386
1394
1398
1399
1405
1402
1400
1415
1409
1395
1398
1380
1396
1399
1401
1399
1410
1433
1427
1419
1410
1402
1407
1398
1408
1386
1386
1411
1401
1411
1421
1428
1417
1412
1400
1391
1398
1399
1393
1406
1385
1410
1414
1407
1403
1401
1403
1407
1407
1391
1384
1404
1405
1403
1415
1419
1426
1428
1429
1398
1425
1409
1394
1399
1398
1411
1416
1400
1397
1411
1411
1417
1402
1426
1425
1405
1417
1426
1423
1402
1433
1428
1415
1430
1418
1419
1423
1422
1413
1413
1402
1388
1385
1387
1405
1411
1401
1418
1393
1394
1391
1398
1380
1389
1401
1387
1383
1385
1392
1398
1407
1404
1403
1401
1392
1386
1399
1405
1392
1395
1404
1393
1409
1417
1398
1419
1423
1422
1393
1398
1399
1422
1420
1430
1406
1416
1411
1398
1406
1391
1403
1384
1402
1397
1389
1390
1396
1399
1417
1415
1427
1426
1420
1410
1398
1388
1381
1400
1406
1396
1398
1414
1402
1390
1401
1404
1404
1405
1415
1401
1369
1397
1399
1416
1417
1398
1396
1394
1406
1394
1393
1395
1410
1400
1387
1388
1398
1395
1384
1402
1403
1381
1387
1382
1369
1386
1376
1390
1415
1412
1418
1394
1412
1401
1406
1403
1407
1409
1410
1412
1411
1409
1409
1404
1414
1407
1411
1414
1414
1413
1412
1420
1409
1404
1403
1403
1403
1422
1414
1407
1404
1401
1377
1359
1378
1377
1391
1365
1393
1387
1412
1405
1403
1397
1392
1400
1385
1392
1384
1408
1405
1416
1406
1404
1401
1404
1399
1393
1390
1392
1402
1395
1372
1400
1405
1395
1383
1380
1391
1403
1412
1394
1393
1407
1403
1407
1388
1387
1386
1405
1424
1418
1403
1396
1421
1423
1419
1417
1440
1419
1415
1417
1410
1400
1391
1404
1406
1406
1409
1413
1404
1413
1414
1420
1404
1398
1396
1412
1389
1391
1394
1400
1400
1417
1415
1405
1405
1394
1389
1393
1395
1389
1397
1404
1399
1395
1411
1414
1415
1411
1397
1401
1412
1406
1408
1408
1408
1400
1393
1386
1393
1392
1393
1409
1379
1398
1387
1400
1396
1392
1400
1394
1413
1392
1396
1391
1387
1393
1392
1384
1407
1398
1398
1401
1408
1404
1395
1367
1385
1399
1373
1365
1371
1378
1388
1394
1388
1388
1386
1392
1398
1395
1381
1391
1391
1384
1363
1402
1399
1411
1396
1410
1401
1400
1400
1401
1410
1385
1361
1391
1380
1396
1386
1398
1412
1409
1406
1386
1395
1391
1409
1404
1399
1417
1402
1397
1398
1406
1412
1415
1401
1402
1403
1405
1397
1390
1403
1399
1398
1412
1390
1399
1404
1398
1382
1382
1384
1394
1408
1408
1396
1392
1380
1388
1382
1389
1389
1393
1401
1405
1400
1396
1417
1417
1411
1404
1399
1392
1403
1409
1396
1401
1414
1416
1412
1419
1427
1410
1414
1378
1400
1393
1393
1394
1396
1389
1395
1393
1386
1403
1403
1394
1382
1398
1397
1406
1407
1400
1398
1390
1396
1399
1390
1389
1395
1384
1382
1386
1399
1393
1397
1401
1413
1415
1404
1395
1397
1407
1410
1411
1414
1411
1405
1415
1416
1389
1379
1378
1399
1403
1416
1410
1418
1394
1402
1398
1388
1382
1395
1390
1411
1400
1399
1398
1392
1383
1368
1387
1384
1385
1393
1386
1385
1399
1382
1369
1385
1384
1387
1390
1386
1380
1395
1379
1397
1390
1390
1376
1391
1409
1393
1390
1372
1364
1387
1378
1373
1363
1371
1395
1408
1391
1399
1392
1391
1391
1398
1396
1401
1394
1389
1385
1392
1408
1392
1393
1401
1396
1403
1392
1398
1388
1416
1421
1407
1410
1410
1401
1396
1393
1382
1385
1408
1410
1411
1404
1413
1397
1409
1412
1399
1412
1403
1381
1405
1382
1399
1389
1403
1400
1390
1367
1360
1380
1405
1398
1400
1401
1396
1408
1408
1401
1398
1391
1396
1405
1397
1403
1405
1395
1411
1399
1406
1405
1395
1408
1412
1422
1417
1403
1403
1411
1410
1414
1415
1393
1386
1414
1403
1409
1392
1400
1386
1385
1397
1408
1398
1382
1373
1375
1382
1387
1386
1394
1397
1381
1387
1395
1401
1401
1395
1411
1382
1400
1392
1408
1379
1393
1381
1394
1399
1391
1393
1384
1389
1404
1406
1396
1394
1391
1388
1397
1395
1392
1389
1384
1380
1397
1389
1385
1394
1391
1395
1377
1384
1383
1394
1379
1368
1382
1372
1367
1378
1390
1393
1366
1368
1354
1380
1385
1399
1404
1403
1389
1391
1397
1381
1393
1385
1383
1383
1387
1384
1384
1385
1386
1382
1410
1404
1404
1403
1398
1394
1394
1403
1414
1413
1394
1401
1379
1388
1389
1392
1398
1390
1388
1383
1385
1388
1360
1377
1377
1380
1392
1380
1376
1379
1379
1383
1401
1406
1394
1406
1413
1402
1370
1372
1386
1404
1382
1395
1394
1400
1403
1393
1383
1391
1402
1397
1400
1389
1403
1397
1409
1409
1408
1397
1392
1386
1384
1389
1379
1379
1368
1365
1372
1368
1382
1379
1375
1381
1379
1386
1385
1385
1391
1377
1375
1383
1374
1383
1368
1386
1383
1387
1413
1400
1401
1388
1385
1385
1387
1398
1397
1391
1408
1391
1382
1388
1374
1377
1378
1398
1377
1377
1376
1375
1360
1377
1379
1366
1365
1364
1362
1367
1378
1373
1369
1380
1380
1376
1368
1379
1369
1370
1375
1374
1377
1365
1378
1380
1386
1367
1369
1380
1379
1394
1384
1376
1392
1379
1397
1391
1397
1375
1379
1395
1380
1369
1379
1385
1385
1394
1392
1399
1394
1388
1386
1388
1392
1382
1382
1400
1407
1396
1406
1394
1384
1391
1397
1399
1388
1373
1376
1370
1380
1387
1386
1370
1384
1376
1372
1356
1379
1389
1374
1367
1373
1375
1355
1369
1374
1374
1374
1360
1389
1367
1363
1372
1373
1376
1381
1357
1379
1366
1387
1399
1380
1380
1398
1401
1392
1378
1378
1367
1383
1374
1369
1372
1386
1375
1388
1373
1371
1377
1385
1387
1376
1376
1372
1388
1377
1380
1391
1392
1384
1388
1383
1385
1383
1391
1378
1385
1403
1411
1416
1402
1399
1393
1396
1385
1396
1360
1369
1373
1376
1377
1362
1348
1366
1380
1366
1363
1377
1380
1368
1372
1359
1351
1364
1370
1380
1385
1372
1401
1395
1387
1392
1397
1405
1397
1399
1399
1383
1378
1365
1382
1381
1373
1371
1371
1385
1371
1399
1377
1381
1392
1381
1366
1385
1386
1378
1390
1399
1412
1396
1407
1393
1388
1382
1373
1382
1377
1384
1368
1388
1363
1380
1373
1368
1376
1373
1366
1373
1395
1396
1385
1371
1357
1368
1355
1347
1360
1376
1367
1363
1375
1373
1391
1384
1367
1382
1367
1374
1368
1374
1383
1371
1377
1376
1386
1382
1390
1394
1389
1378
1364
1391
1389
1374
1374
1393
1381
1373
1361
1369
1378
1364
1378
1365
1371
1370
1377
1384
1375
1375
1375
1359
1364
1368
1363
1378
1374
1370
1370
1382
1371
1373
1365
1367
1354
1346
1373
1377
1373
1374
1389
1385
1389
1374
1379
1377
1379
1363
1369
1355
1376
1358
1353
1370
1383
1380
1386
1383
1381
1367
1377
1372
1361
1379
1374
1396
1391
1393
1393
1397
1391
1389
1385
1396
1404
1390
1400
1396
1392
1396
1393
1404
1393
1390
1381
1379
1380
1387
1399
1383
1377
1374
1378
1371
1383
1384
1384
1388
1390
1388
1371
1383
1360
1390
1389
1397
1388
1378
1385
1393
1382
1389
1386
1383
1385
1381
1384
1372
1389
1372
1383
1383
1375
1376
1371
1373
1396
1387
1376
1395
1399
1394
1386
1390
1380
1404
1382
1388
1403
1400
1395
1397
1396
1391
1387
1383
1383
1381
1371
1378
1381
1387
1373
1372
1370
1360
1356
1351
1353
1354
1355
1354
1369
1374
1370
1375
1353
1353
1353
1364
1364
1374
1366
1366
1386
1383
1401
1391
1394
1384
1392
1371
1374
1380
1371
1398
1390
1375
1375
1370
1354
1366
1361
1379
1372
1359
1367
1365
1369
1381
1386
1373
1388
1379
1391
1390
1393
1381
1363
1372
1372
1373
1381
1376
1382
1374
1370
1374
1372
1380
1379
1384
1378
1378
1366
1370
1379
1389
1402
1402
1414
1383
1393
1367
1377
1379
1367
1358
1359
1379
1383
1389
1394
1396
1383
1380
1367
1388
1369
1369
1383
1367
1375
1386
1405
1378
1387
1385
1371
1387
1379
1382
1379
1391
1374
1380
1385
1383
1388
1360
1357
1367
1354
1357
1376
1384
1367
1380
1380
1376
1383
1373
1370
1401
1385
1385
1382
1395
1398
1391
1401
1401
1394
1401
1397
1391
1417
1405
1404
1401
1405
1396
1400
1416
1412
1412
1415
1401
1393
1398
1386
1391
1374
1385
1387
1387
1380
1391
1385
1374
1381
1378
1391
1382
1370
1366
1353
1382
1391
1373
1356
1375
1375
1380
1382
1377
1386
1381
1373
1366
1368
1369
1360
1366
1370
1395
1371
1362
1366
1370
1387
1389
1364
1353
1353
1329
1359
1360
1368
1371
1372
1383
1387
1376
1383
1394
1373
1394
1384
1381
1369
1374
1362
1359
1364
1363
1355
1356
1351
1361
1355
1366
1352
1352
1382
1371
1397
1384
1370
1372
1379
1369
1357
1366
1366
1365
1368
1369
1370
1382
1386
1375
1370
1363
1371
1379
1372
1393
1379
1372
1371
1368
1369
1363
1383
1368
1391
1392
1385
1385
1368
1382
1388
1398
1391
1380
1373
1384
1397
1398
1395
1394
1390
1396
1398
1378
1373
1365
1367
1371
1382
1359
1346
1367
1346
1360
1374
1387
1388
1377
1385
1390
1387
1390
1384
1393
1410
1397
1399
1405
1392
1392
1381
1372
1367
1375
1382
1372
1365
1373
1370
1375
1376
1394
1386
1375
1370
1371
1367
1386
1402
1397
1389
1409
1398
1401
1391
1398
1402
1386
1389
1398
1396
1396
1400
1396
1385
1395
1398
1384
1372
1396
1393
1388
1397
1406
1404
1419
1390
1394
1402
1385
1400
1396
1381
1388
1389
1409
1401
1414
1402
1405
1412
1398
1399
1380
1379
1381
1368
1363
1364
1368
1360
1365
1372
1378
1382
1377
1393
1377
1389
1395
1394
1402
1378
1388
1378
1372
1376
1348
1335
1351
1352
1351
1345
1356
1363
1377
1363
1364
1381
1377
1377
1376
1369
1368
1359
1357
1349
1338
1355
1343
1361
1357
1365
1371
1368
1386
1377
1395
1369
1377
1379
1384
1386
1386
1383
1379
1388
1392
1376
1378
1368
1376
1372
1388
1394
1384
1379
1382
1382
1381
1385
1393
1387
1387
1401
1403
1406
1390
1395
1381
1398
1390
1378
1389
1395
1393
1390
1387
1373
1368
1369
1365
1373
1373
1365
1357
1367
1375
1380
1373
1380
1375
1369
1383
1365
1371
1370
1372
1355
1376
1367
1370
1376
1389
1381
1393
1411
1390
1389
1392
1393
1392
1412
1382
1386
1397
1377
1372
1371
1376
1382
1362
1372
1371
1384
1386
1391
1385
1394
1387
1389
1375
1381
1378
1378
1378
1389
1381
1362
1360
1380
1368
1374
1383
1383
1386
1380
1370
1383
1363
1386
1382
1363
1374
1364
1364
1372
1377
1384
1379
1385
1377
1378
1377
1367
1381
1388
1374
1392
1397
1389
1418
1412
1411
1400
1391
1390
1387
1382
1385
1370
1378
1376
1398
1381
1381
1376
1373
1373
1386
1395
1381
1385
1372
1372
1370
1385
1389
1402
1410
1404
1396
1399
1389
1392
1383
1391
1394
1390
1385
1379
1390
1390
1383
1373
1375
1378
1368
1365
1382
1400
1395
1391
1390
1391
1381
1391
1404
1396
1387
1379
1395
1402
1390
1385
1370
1389
1391
1388
1392
1377
1378
1379
1364
1367
1379
1364
1373
1362
1354
1371
1375
1362
1348
1357
1366
1365
1380
1393
1390
1394
1397
1386
1383
1386
1389
1386
1395
1408
1388
1383
1379
1367
1377
1401
1383
1392
1394
1379
1381
1376
1377
1373
1361
1367
1358
1375
1383
1375
1378
1378
1374
1366
1370
1371
1367
1366
1376
1367
1358
1362
1352
1372
1369
1384
1396
1392
1383
1381
1372
1394
1388
1398
1406
1378
1378
1374
1388
1378
1364
1381
1381
1375
1397
1395
1369
1375
1383
1365
1369
1363
1371
1369
1378
1385
1393
1364
1364
1382
1380
1388
1389
1383
1387
1396
1386
1388
1376
1359
1367
1364
1381
1376
1382
1376
1375
1368
1377
1372
1377
1363
1366
1369
1372
1385
1385
1380
1384
1386
1393
1407
1387
1390
1378
1377
1384
1371
1372
1376
1391
1392
1395
1402
1405
1377
1383
1373
1397
1380
1370
1384
1378
1387
1384
1392
1372
1364
1369
1380
1377
1384
1375
1366
1365
1367
1386
1389
1389
1371
1370
1383
1381
1367
1354
1360
1350
1359
1358
1358
1347
1343
1325
1332
1346
1326
1329
1334
1339
1338
1348
1343
1358
1363
1360
1363
1345
1343
1351
1363
1366
1381
1395
1368
1377
1394
1377
1384
1366
1367
1373
1365
1398
1380
1369
1357
1370
1364
1374
1383
1363
1373
1366
1362
1376
1383
1350
1364
1365
1363
1361
1351
1348
1349
1351
1350
1345
1349
1338
1351
1347
1352
1356
1376
1385
1371
1381
1364
1375
1374
1377
1382
1366
1369
1359
1376
1368
1370
1359
1355
1350
1355
1357
1366
1367
1353
1350
1361
1347
1349
1350
1347
1350
1358
1355
1346
1375
1354
1358
1358
1354
1339
1351
1373
1375
1363
1364
1359
1346
1339
1342
1371
1365
1385
1382
1373
1366
1372
1367
1363
1347
1355
1365
1370
1369
1352
1354
1334
1344
1352
1375
1368
1367
1369
1379
1362
1362
1364
1369
1364
1358
1377
1359
1377
1382
1358
1368
1369
1364
1361
1361
1358
1361
1352
1364
1362
1367
1376
1360
1382
1385
1378
1388
1380
1354
1369
1383
1394
1379
1373
1364
1368
1386
1384
1370
1373
1367
1374
1392
1365
1368
1378
1384
1386
1377
1379
1367
1353
1357
1375
1352
1329
1342
1341
1337
1326
1336
1342
1361
1353
1373
1374
1365
1370
1373
1369
1343
1348
1356
1370
1374
1376
1362
1360
1376
1375
1356
1350
1359
1366
1367
1352
1376
1385
1371
1353
1362
1345
1361
1347
1333
1350
1353
1341
1349
1355
1370
1367
1376
1367
1383
1398
1392
1378
1369
1370
1376
1381
1388
1385
1387
1385
1385
1403
1387
1383
1371
1376
1371
1388
1378
1412
1380
1400
1386
1394
1381
1372
1384
1364
1368
1364
1371
1379
1368
1370
1372
1376
1367
1365
1386
1376
1364
1375
1381
1363
1362
1347
1350
1366
1372
1365
1361
1373
1379
1357
1356
1366
1370
1365
1358
1379
1373
1359
1352
1362
1348
1363
1358
1367
1356
1366
1386
1367
1362
1367
1370
1372
1374
1370
1362
1353
1340
1333
1349
1343
1334
1363
1354
1350
1364
1368
1364
1354
1350
1343
1372
1353
1344
1335
1341
1352
1359
1383
1373
1344
1347
1362
1376
1357
1354
1364
1370
1376
1378
1369
1369
1346
1383
1360
1362
1374
1364
1369
1358
1343
1342
1352
1358
1350
1365
1365
1357
1357
1344
1348
1335
1348
1350
1351
1360
1365
1355
1366
1346
1349
1350
1351
1356
1348
1348
1337
1361
1346
1346
1336
1344
1343
1356
1343
1358
1337
1344
1347
1336
1332
1336
1327
1347
1344
1350
1355
1335
1333
1331
1346
1361
1349
1354
1355
1355
1364
1370
1379
1359
1347
1354
1356
1357
1353
1365
1375
1370
1369
1372
1365
1354
1343
1357
1361
1346
1366
1372
1353
1356
1354
1343
1354
1349
1355
1351
1350
1356
1365
1364
1372
1346
1362
1353
1356
1355
1348
1334
1339
1350
1344
1371
1355
1346
1348
1344
1356
1358
1357
1361
1358
1363
1355
1359
1343
1345
1345
1329
1342
1356
1352
1353
1346
1356
1356
1352
1350
1344
1343
1357
1361
1364
1366
1364
1360
1376
1368
1354
1369
1370
1366
1372
1335
1334
1356
1359
1360
1351
1342
1344
1355
1376
1363
1351
1352
1362
1358
1356
1345
1366
1364
1351
1340
1335
1340
1338
1346
1353
1361
1353
1343
1347
1328
1330
1328
1324
1345
1344
1347
1347
1351
1334
1347
1354
1340
1360
1358
1365
1365
1364
1348
1358
1349
1342
1340
1346
1344
1352
1343
1353
1358
1369
1362
1361
1357
1344
1364
1371
1349
1335
1334
1352
1354
1359
1355
1361
1357
1352
1356
1369
1361
1361
1376
1365
1362
1366
1349
1340
1356
1340
1351
1354
1348
1335
1337
1331
1343
1342
1337
1333
1335
1339
1334
1334
1350
1345
1342
1331
1341
1347
1344
1345
1353
1367
1354
1357
1350
1357
1344
1333
1363
1339
1338
1341
1349
1357
1350
1357
1377
1354
1379
1375
1366
1361
1349
1364
1341
1322
1333
1340
1351
1356
1342
1349
1362
1356
1366
1356
1359
1359
1356
1340
1339
1347
1332
1348
1349
1351
1366
1366
1354
1344
1357
1359
1347
1367
1358
1373
1358
1373
1374
1369
1371
1353
1340
1347
1337
1340
1341
1346
1338
1345
1340
1345
1348
1353
1370
1353
1342
1356
1331
1344
1351
1341
1336
1321
1335
1330
1344
1343
1328
1325
1336
1309
1333
1333
1325
1305
1329
1342
1326
1338
1325
1333
1333
1339
1344
1341
1336
1345
1334
1354
1332
1329
1331
1333
1317
1342
1344
1348
1351
1340
1358
1350
1348
1342
1353
1335
1325
1326
1328
1322
1327
1352
1365
1349
1350
1352
1354
1350
1343
1336
1333
1341
1348
1347
1340
1346
1350
1346
1351
1353
1362
1365
1347
1340
1345
1346
1350
1361
1370
1373
1363
1355
1350
1364
1361
1353
1340
1352
1343
1349
1343
1333
1341
1342
1352
1329
1347
1362
1345
1352
1343
1352
1337
1354
1350
1366
1366
1345
1357
1348
1347
1341
1351
1338
1335
1355
1368
1342
1350
1348
1339
1343
1346
1337
1337
1343
1345
1341
1353
1336
1338
1338
1335
1334
1324
1310
1317
1320
1324
1321
1331
1354
1340
1354
1344
1347
1345
1350
1348
1338
1351
1330
1323
1331
1335
1343
1350
1352
1362
1339
1320
1332
1335
1322
1331
1342
1324
1330
1331
1355
1326
1340
1330
1337
1337
1323
1332
1346
1352
1353
1355
1336
1353
1345
1348
1356
1365
1352
1358
1351
1335
1319
1335
1350
1354
1345
1353
1364
1355
1349
1351
1352
1340
1347
1337
1352
1352
1326
1329
1338
1336
1357
1336
1346
1341
1336
1349
1342
1330
1339
1337
1346
1345
1337
1343
1344
1345
1335
1346
1357
1358
1345
1345
1352
1347
1344
1343
1327
1313
1323
1333
1331
1318
1329
1337
1330
1323
1317
1325
1325
1320
1333
1343
1349
1338
1334
1328
1322
1333
1316
1327
1335
1325
1328
1343
1330
1346
1359
1365
1352
1363
1350
1350
1347
1346
1349
1347
1337
1339
1352
1341
1335
1345
1343
1328
1345
1340
1329
1335
1348
1345
1340
1347
1327
1325
1333
1305
1311
1338
1339
1343
1354
1354
1344
1340
1337
1335
1338
1340
1334
1340
1351
1345
1355
1360
1355
1350
1339
1335
1343
1353
1364
1357
1329
1364
1354
1354
1341
1346
1343
1344
1344
1342
1332
1356
1346
1356
1340
1350
1364
1362
1348
1348
1343
1353
1347
1341
1336
1346
1364
1372
1340
1363
1352
1347
1337
1341
1345
1331
1331
1329
1349
1334
1323
1329
1325
1342
1329
1346
1345
1351
1341
1337
1346
1341
1340
1336
1346
1348
1356
1351
1348
1326
1330
1343
1349
1345
1334
1338
1341
1359
1337
1334
1327
1338
1355
1345
1347
1337
1337
1341
1324
1337
1335
1345
1319
1332
1331
1335
1328
1331
1321
1316
1325
1329
1327
1323
1311
1339
1338
1332
1334
1349
1347
1337
1341
1333
1329
1329
1315
1324
1357
1357
1350
1344
1335
1343
1336
1346
1344
1351
1342
1361
1357
1339
1353
1341
1346
1348
1350
1329
1349
1350
1360
1348
1332
1333
1337
1346
1349
1347
1352
1361
1357
1352
1359
1358
1345
1349
1350
1340
1330
1327
1331
1316
1323
1319
1323
1320
1321
1342
1347
1352
1357
1346
1356
1357
1350
1355
1346
1355
1344
1350
1363
1371
1354
1346
1362
1333
1358
1358
1340
1350
1358
1354
1345
1351
1358
1365
1357
1341
1350
1329
1351
1334
1340
1342
1338
1346
1336
1355
1347
1338
1338
1336
1333
1336
1353
1340
1337
1340
1352
1344
1353
1359
1359
1353
1332
1331
1338
1333
1331
1329
1335
1338
1334
1322
1326
1334
1344
1342
1334
1341
1336
1331
1341
1326
1329
1327
1346
1346
1324
1346
1352
1329
1336
1330
1341
1336
1330
1342
1344
1319
1342
1345
1351
1357
1351
1337
1334
1348
1330
1348
1342
1354
1358
1347
1343
1337
1328
1348
1348
1351
1336
1340
1326
1332
1331
1331
1338
1344
1328
1340
1361
1344
1354
1344
1318
1311
1320
1313
1314
1325
1330
1349
1347
1335
1335
1332
1311
1317
1333
1322
1335
1352
1360
1336
1329
1320
1329
1329
1329
1328
1342
1347
1347
1343
1350
1358
1347
1353
1362
1342
1356
1349
1342
1348
1339
1358
1362
1359
1374
1354
1343
1356
1354
1352
1369
1366
1367
1365
1378
1348
1358
1377
1367
1350
1354
1332
1342
1343
1352
1347
1330
1341
1342
1326
1330
1330
1336
1355
1349
1352
1346
1352
1358
1352
1349
1330
1343
1342
1336
1338
1344
1322
1318
1323
1332
1331
1350
1329
1316
1323
1306
1306
1338
1326
1331
1340
1361
1359
1346
1340
1346
1358
1365
1351
1350
1344
1357
1336
1352
1360
1354
1337
1336
1343
1340
1342
1328
1326
1335
1331
1338
1342
1347
1353
1355
1356
1358
1351
1354
1344
1353
1337
1355
1355
1349
1348
1369
1352
1348
1346
1351
1336
1337
1342
1337
1351
1346
1363
1345
1350
1342
1335
1348
1348
1343
1356
1346
1353
1360
1357
1339
1354
1351
1353
1352
1327
1317
1321
1334
1335
1330
1331
1341
1344
1320
1342
1336
1340
1356
1360
1345
1365
1353
1355
1336
1343
1337
1327
1345
1338
1336
1340
1317
1324
1311
1309
1325
1327
1323
1343
1322
1304
1309
1306
1311
1322
1326
1331
1331
1325
1317
1326
1316
1317
1309
1312
1308
1315
1314
1331
1330
1324
1332
1321
1322
1311
1341
1327
1344
1325
1322
1318
1314
1316
1321
1299
1287
1294
1311
1303
1310
1300
1299
1293
1295
1305
1306
1308
1319
1342
1341
1321
1313
1317
1338
1325
1312
1323
1311
1310
1302
1319
1314
1323
1348
1328
1327
1334
1317
1318
1323
1333
1328
1316
1318
1325
1341
1332
1323
1328
1327
1332
1342
1344
1356
1337
1343
1324
1326
1325
1326
1326
1326
1331
1318
1325
1321
1309
1307
1305
1316
1305
1314
1288
1304
1315
1323
1327
1325
1340
1331
1325
1321
1310
1315
1332
1339
1318
1327
1304
1312
1324
1339
1325
1327
1330
1304
1341
1340
1330
1343
1332
1358
1349
1340
1330
1343
1339
1313
1322
1302
1299
1306
1301
1324
1307
1312
1306
1305
1317
1319
1309
1320
1326
1333
1326
1318
1322
1303
1301
1311
1316
1315
1322
1318
1337
1312
1336
1341
1317
1307
1324
1321
1319
1335
1320
1330
1323
1300
1318
1316
1327
1317
1312
1319
1327
1343
1339
1334
1337
1347
1344
1343
1340
1337
1340
1330
1317
1326
1332
1317
1328
1313
1338
1336
1331
1318
1320
1334
1336
1313
1296
1317
1332
1332
1315
1327
1318
1337
1330
1310
1327
1333
1316
1314
1332
1330
1329
1313
1328
1327
1320
1321
1343
1328
1323
1329
1313
1320
1330
1344
1348
1335
1325
1343
1313
1306
1326
1315
1327
1309
1334
1324
1320
1314
1331
1337
1353
1358
1354
1354
1342
1335
1336
1356
1350
1334
1344
1335
1337
1326
1327
1327
1339
1325
1332
1322
1319
1333
1330
1323
1323
1326
1331
1321
1329
1321
1330
1328
1353
1345
1339
1339
1354
1339
1347
1335
1339
1326
1334
1331
1332
1326
1323
1325
1323
1331
1321
1324
1330
1322
1322
1319
1319
1336
1334
1321
1325
1314
1320
1322
1332
1330
1335
1326
1342
1333
1349
1349
1346
1334
1334
1336
1334
1342
1346
1340
1363
1347
1328
1328
1318
1313
1327
1349
1348
1359
1360
1357
1344
1342
1334
1343
1341
1329
1328
1317
1336
1329
1319
1337
1341
1317
1340
1319
1337
1331
1329
1334
1344
1331
1339
1349
1342
1338
1346
1343
1330
1327
1324
1309
1314
1313
1324
1314
1321
1314
1321
1330
1322
1318
1318
1335
1320
1331
1310
1311
1314
1316
1300
1312
1312
1305
1308
1318
1319
1311
1309
1291
1290
1309
1302
1317
1315
1317
1324
1312
1321
1317
1316
1323
1312
1313
1304
1307
1312
1304
1304
1295
1308
1295
1304
1295
1313
1306
1304
1309
1304
1317
1332
1309
1323
1318
1338
1340
1327
1339
1310
1317
1322
1314
1306
1320
1320
1317
1310
1304
1323
1320
1305
1310
1316
1324
1316
1300
1284
1293
1299
1307
1300
1304
1311
1307
1320
1317
1328
1327
1321
1328
1336
1336
1331
1316
1319
1331
1331
1329
1319
1313
1303
1306
1309
1319
1310
1322
1335
1329
1339
1332
1332
1318
1324
1322
1344
1329
1340
1333
1325
1322
1316
1324
1316
1319
1301
1298
1265
1298
1276
1294
1307
1288
1293
1285
1299
1294
1296
1298
1293
1295
1281
1295
1272
1272
1267
1284
1275
1283
1289
1292
1291
1287
1281
1300
1300
1306
1295
1316
1316
1314
1319
1327
1324
1329
1335
1325
1329
1323
1314
1313
1318
1315
1307
1315
1313
1312
1314
1310
1295
1309
1310
1304
1300
1310
1303
1294
1283
1293
1296
1307
1305
1288
1308
1299
1316
1321
1328
1310
1300
1310
1297
1305
1316
1321
1306
1300
1296
1300
1301
1293
1287
1319
1327
1310
1314
1315
1303
1295
1312
1326
1325
1325
1331
1328
1320
1307
1306
1316
1325
1310
1307
1304
1326
1315
1309
1304
1318
1313
1313
1323
1312
1314
1308
1315
1309
1310
1314
1300
1291
1311
1318
1302
1306
1310
1316
1313
1320
1309
1314
1319
1305
1304
1306
1316
1325
1323
1317
1322
1321
1326
1324
1330
1326
1329
1325
1330
1329
1328
1329
1338
1340
1316
1321
1310
1306
1307
1319
1323
1324
1314
1310
1314
1324
1322
1317
1324
1322
1312
1321
1313
1321
1311
1330
1333
1311
1309
1300
1336
1326
1336
1339
1326
1332
1331
1328
1328
1319
1331
1310
1319
1307
1326
1322
1315
1321
1320
1308
1305
1325
1314
1315
1320
1311
1309
1305
1297
1301
1294
1286
1292
1296
1299
1293
1286
1282
1299
1298
1300
1302
1295
1287
1291
1302
1301
1296
1302
1297
1309
1293
1305
1312
1294
1305
1304
1295
1309
1310
1300
1318
1309
1312
1291
1293
1298
1297
1300
1304
1285
1299
1277
1282
1298
1292
1293
1303
1317
1336
1328
1322
1312
1303
1312
1310
1303
1297
1314
1321
1316
1308
1290
1297
1310
1283
1294
1299
1297
1290
1287
1300
1290
1289
1292
1293
1279
1278
1293
1279
1276
1272
1265
1276
1256
1264
1254
1261
1280
1275
1283
1292
1283
1270
1265
1276
1285
1289
1299
1290
1288
1296
1294
1292
1290
1311
1306
1298
1290
1302
1309
1306
1297
1280
1291
1311
1288
1284
1286
1293
1281
1300
1300
1312
1303
1301
1284
1297
1306
1313
1299
1287
1297
1283
1276
1284
1296
1283
1279
1282
1268
1284
1290
1299
1297
1321
1305
1298
1275
1267
1284
1297
1296
1300
1273
1290
1282
1287
1288
1297
1283
1285
1291
1287
1285
1298
1284
1299
1299
1293
1296
1291
1284
1297
1301
1291
1286
1302
1295
1295
1298
1298
1301
1295
1300
1292
1291
1297
1290
1286
1285
1292
1289
1279
1284
1299
1300
1308
1304
1297
1303
1293
1282
1282
1298
1293
1293
1300
1300
1297
1308
1308
1303
1299
1301
1303
1302
1291
1297
1303
1306
1299
1295
1295
1308
1302
1284
1265
1266
1274
1275
1291
1281
1285
1298
1275
1286
1279
1295
1274
1277
1293
1285
1293
1302
1299
1295
1297
1274
1298
1302
1287
1292
1294
1291
1293
1290
1300
1301
1309
1306
1308
1304
1311
1312
1302
1303
1295
1307
1325
1312
1311
1309
1293
1290
1302
1307
1307
1300
1279
1300
1301
1300
1286
1291
1275
1289
1294
1308
1294
1303
1289
1287
1299
1305
1314
1308
1308
1290
1287
1289
1293
1285
1290
1281
1292
1305
1294
1292
1293
1291
1292
1289
1276
1287
1280
1292
1306
1291
1299
1311
1301
1314
1305
1307
1296
1281
1302
1303
1290
1306
1299
1298
1312
1285
1298
1311
1289
1302
1301
1290
1303
1306
1309
1317
1291
1302
1289
1289
1288
1280
1281
1295
1300
1297
1303
1286
1286
1301
1290
1290
1296
1310
1289
1299
1290
1276
1271
1272
1264
1272
1258
1265
1287
1286
1291
1285
1283
1294
1290
1301
1306
1304
1307
1304
1303
1301
1307
1293
1295
1301
1310
1309
1294
1300
1294
1281
1285
1293
1300
1307
1297
1292
1289
1289
1302
1295
1294
1291
1314
1321
1318
1317
1303
1287
1286
1272
1283
1268
1271
1269
1287
1298
1294
1298
1305
1286
1300
1283
1305
1300
1304
1298
1312
1299
1290
1292
1299
1298
1286
1281
1282
1287
1289
1301
1306
1307
1297
1304
1301
1296
1290
1291
1285
1303
1278
1305
1289
1284
1302
1312
1321
1306
1325
1294
1310
1300
1290
1306
1286
1284
1280
1298
1300
1288
1293
1289
1288
1291
1292
1301
1306
1294
1296
1306
1304
1323
1323
1317
1316
1313
1315
1311
1311
1287
1300
1310
1291
1282
1303
1304
1306
1297
1317
1299
1291
1299
1301
1305
1287
1275
1273
1280
1297
1291
1302
1311
1309
1326
1316
1306
1305
1308
1303
1305
1315
1306
1305
1316
1312
1313
1308
1291
1298
1287
1298
1298
1294
1278
1291
1280
1265
1296
1287
1283
1279
1274
1297
1303
1297
1291
1295
1300
1298
1288
1316
1303
1318
1306
1296
1302
1316
1298
1308
1314
1318
1303
1317
1325
1318
1305
1311
1298
1287
1283
1265
1274
1294
1303
1283
1285
1276
1292
1279
1277
1276
1268
1295
1276
1287
1275
1298
1281
1276
1300
1307
1311
1305
1294
1301
1299
1303
1290
1301
1304
1305
1310
1311
1297
1300
1297
1298
1291
1299
1297
1289
1284
1266
1285
1295
1310
1307
1293
1279
1283
1300
1274
1296
1293
1281
1293
1305
1294
1305
1303
1276
1288
1275
1290
1288
1290
1276
1295
1296
1298
1301
1297
1298
1304
1309
1304
1321
1315
1301
1306
1305
1314
1300
1309
1308
1297
1306
1321
1314
1324
1322
1318
1322
1332
1325
1311
1297
1301
1303
1298
1294
1317
1307
1309
1294
1289
1313
1309
1301
1290
1287
1296
1303
1312
1308
1286
1289
1310
1316
1308
1286
1288
1288
1303
1294
1291
1292
1300
1302
1296
1304
1289
1281
1263
1249
1249
1247
1234
1254
1258
1265
1267
1273
1265
1274
1285
1280
1286
1276
1296
1271
1274
1278
1306
1302
1294
1295
1300
1292
1300
1286
1276
1292
1287
1296
1273
1268
1262
1257
1272
1279
1264
1277
1295
1285
1290
1273
1270
1271
1271
1268
1283
1277
1267
1251
1269
1271
1281
1271
1285
1279
1278
1263
1280
1276
1287
1297
1298
1301
1305
1304
1297
1315
1302
1301
1305
1297
1295
1291
1290
1281
1273
1267
1291
1305
1284
1283
1280
1288
1292
1284
1277
1270
1264
1263
1249
1265
1262
1241
1268
1250
1266
1247
1251
1256
1260
1266
1279
1287
1279
1265
1283
1290
1293
1292
1307
1280
1291
1288
1284
1280
1263
1293
1299
1292
1293
1275
1291
1275
1290
1299
1289
1294
1281
1271
1283
1275
1270
1272
1277
1300
1296
1282
1284
1265
1282
1276
1282
1259
1250
1252
1250
1263
1251
1262
1272
1274
1280
1268
1261
1262
1268
1268
1260
1261
1256
1259
1263
1270
1269
1269
1263
1267
1258
1261
1267
1277
1263
1265
1274
1283
1283
1264
1280
1280
1268
1262
1254
1253
1286
1292
1267
1271
1275
1275
1278
1281
1272
1286
1296
1291
1290
1287
1288
1300
1291
1278
1276
1274
1285
1275
1278
1277
1267
1269
1287
1283
1284
1285
1298
1263
1274
1274
1272
1278
1283
1274
1272
1272
1273
1277
1240
1258
1243
1250
1240
1246
1251
1240
1248
1241
1238
1240
1240
1237
1253
1257
1248
1242
1248
1249
1265
1251
1251
1260
1264
1270
1288
1288
1282
1262
1279
1264
1277
1262
1278
1288
1290
1299
1288
1295
1297
1284
1288
1263
1267
1270
1286
1297
1307
1303
1287
1294
1291
1292
1273
1273
1284
1273
1274
1254
1260
1271
1271
1285
1270
1256
1282
1296
1287
1286
1281
1286
1290
1283
1280
1275
1270
1270
1275
1282
1287
1269
1277
1286
1283
1282
1279
1271
1260
1263
1256
1264
1243
1234
1248
1236
1247
1263
1259
1262
1269
1278
1261
1250
1267
1273
1262
1254
1251
1250
1251
1263
1274
1269
1273
1272
1281
1269
1269
1281
1270
1279
1273
1289
1290
1282
1278
1273
1274
1265
1277
1299
1276
1295
1299
1287
1277
1283
1300
1287
1281
1265
1276
1275
1280
1266
1259
1266
1258
1254
1251
1270
1252
1259
1263
1251
1250
1247
1250
1259
1270
1262
1258
1248
1233
1256
1266
1268
1265
1276
1285
1273
1281
1274
1273
1269
1263
1261
1257
1261
1249
1256
1276
1283
1279
1251
1257
1251
1254
1275
1251
1253
1237
1257
1231
1221
1238
1227
1246
1228
1239
1257
1265
1276
1264
1259
1270
1274
1272
1253
1254
1245
1245
1264
1263
1249
1240
1269
1274
1279
1282
1280
1282
1272
1282
1285
1286
1280
1270
1279
1271
1277
1271
1268
1264
1267
1274
1263
1289
1279
1270
1270
1289
1284
1273
1270
1278
1285
1274
1269
1273
1272
1268
1256
1287
1269
1280
1275
1275
1272
1276
1270
1279
1277
1273
1257
1256
1269
1250
1256
1243
1262
1261
1266
1269
1263
1265
1260
1269
1267
1259
1266
1289
1281
1284
1274
1289
1297
1302
1265
1288
1292
1278
1281
1291
1287
1293
1290
1286
1274
1278
1262
1260
1264
1255
1260
1263
1248
1241
1232
1253
1266
1252
1244
1249
1265
1271
1272
1281
1286
1277
1276
1263
1267
1273
1276
1291
1286
1284
1285
1279
1271
1275
1263
1267
1258
1258
1268
1270
1274
1275
1276
1272
1263
1285
1285
1274
1254
1271
1271
1280
1286
1276
1275
1289
1288
1277
1287
1278
1272
1274
1261
1269
1262
1256
1262
1270
1268
1284
1268
1273
1283
1271
1275
1257
1256
1267
1261
1257
1274
1272
1262
1265
1273
1271
1272
1268
1276
1279
1284
1274
1289
1292
1291
1291
1290
1300
1287
1287
1280
1273
1270
1270
1277
1271
1276
1271
1269
1255
1285
1277
1286
1281
1283
1281
1305
1288
1273
1276
1288
1286
1275
1278
1283
1286
1293
1289
1288
1280
1268
1272
1260
1253
1267
1263
1272
1275
1273
1278
1276
1263
1277
1263
1263
1256
1259
1257
1261
1260
1270
1269
1267
1274
1275
1267
1271
1278
1282
1265
1267
1254
1257
1257
1254
1260
1244
1250
1272
1242
1259
1262
1261
1267
1261
1255
1257
1258
1255
1256
1280
1269
1282
1275
1269
1277
1255
1249
1250
1259
1243
1246
1234
1261
1246
1246
1241
1255
1260
1251
1250
1250
1257
1273
1246
1262
1271
1259
1269
1269
1277
1270
1268
1258
1279
1272
1269
1268
1262
1247
1254
1257
1253
1263
1268
1262
1253
1252
1267
1263
1265
1259
1253
1260
1261
1254
1259
1253
1280
1282
1278
1275
1275
1265
1270
1265
1272
1277
1282
1290
1291
1280
1287
1271
1286
1286
1272
1285
1288
1283
1283
1282
1302
1293
1300
1291
1285
1289
1281
1272
1259
1272
1279
1265
1290
1279
1267
1278
1288
1270
1264
1258
1260
1273
1287
1272
1264
1263
1253
1264
1270
1254
1253
1263
1253
1264
1273
1262
1278
1282
1273
1292
1283
1283
1283
1273
1255
1268
1287
1268
1289
1284
1279
1297
1287
1279
1268
1264
1258
1262
1255
1259
1249
1275
1260
1265
1261
1258
1263
1267
1270
1251
1270
1267
1260
1269
1271
1276
1276
1268
1264
1288
1286
1287
1295
1290
1293
1284
1298
1272
1277
1281
1282
1269
1266
1272
1268
1270
1287
1284
1296
1281
1289
1302
1289
1294
1280
1282
1274
1274
1253
1243
1274
1270
1249
1240
1245
1248
1256
1263
1272
1258
1276
1274
1275
1287
1279
1271
1277
1248
1266
1290
1299
1266
1267
1276
1263
1285
1285
1271
1285
1283
1286
1279
1281
1283
1288
1274
1280
1279
1272
1284
1277
1276
1272
1265
1265
1265
1281
1264
1268
1253
1259
1273
1265
1264
1259
1263
1262
1264
1261
1264
1252
1269
1275
1276
1288
1287
1265
1266
1262
1278
1278
1276
1282
1281
1282
1279
1271
1281
1278
1248
1261
1253
1280
1279
1267
1264
1268
1254
1275
1268
1294
1285
1274
1263
1275
1289
1279
1264
1250
1279
1284
1286
1273
1270
1281
1273
1272
1280
1274
1287
1291
1305
1305
1289
1268
1276
1280
1284
1271
1276
1276
1279
1275
1288
1298
1280
1294
1284
1292
1288
1281
1278
1280
1296
1293
1287
1281
1263
1251
1253
1266
1272
1266
1277
1265
1274
1283
1295
1280
1276
1270
1264
1283
1286
1285
1297
1267
1272
1301
1289
1289
1290
1287
1295
1282
1272
1270
1266
1273
1267
1273
1272
1262
1224
1258
1271
1262
1268
1249
1251
1242
1248
1248
1256
1240
1242
1249
1241
1258
1257
1239
1256
1261
1255
1257
1259
1267
1272
1282
1284
1279
1278
1270
1268
1251
1272
1267
1266
1268
1260
1252
1260
1264
1260
1262
1274
1278
1283
1275
1288
1277
1273
1271
1264
1250
1255
1254
1252
1252
1245
1239
1251
1246
1255
1266
1260
1264
1278
1274
1290
1274
1288
1283
1276
1281
1284
1265
1265
1253
1254
1256
1278
1285
1270
1274
1267
1279
1277
1270
1265
1259
1259
1276
1265
1269
1281
1265
1263
1249
1251
1257
1270
1262
1269
1278
1276
1272
1275
1282
1291
1296
1269
1251
1263
1268
1264
1275
1264
1261
1264
1248
1261
1268
1267
1273
1261
1275
1272
1264
1268
1280
1278
1252
1278
1273
1288
1268
1258
1265
1285
1286
1290
1280
1293
