644
658
654
649
657
649
647
643
647
661
654
669
655
656
651
646
636
636
636
634
649
646
638
641
634
628
619
630
635
639
630
623
616
600
619
637
630
625
640
650
642
639
627
654
659
660
652
652
648
638
646
618
616
604
617
626
629
611
616
630
627
617
609
601
606
610
618
610
614
607
606
593
595
599
596
616
616
630
633
628
636
643
634
642
621
619
625
645
629
633
633
644
640
645
634
628
625
619
627
637
629
622
618
611
605
597
588
604
608
611
604
600
607
600
599
618
618
607
615
600
603
595
589
580
571
595
600
603
621
618
615
611
601
604
612
617
625
619
605
610
621
613
642
630
622
627
619
606
602
605
608
623
616
623
614
619
640
640
640
626
633
641
634
637
632
620
631
633
635
627
624
623
624
614
610
616
611
586
583
588
599
589
605
606
622
626
613
609
595
625
619
612
615
616
599
593
610
602
603
593
610
596
597
607
614
619
620
617
623
606
615
616
601
594
631
619
612
609
622
630
627
625
617
604
608
631
617
619
620
626
636
624
629
624
627
632
627
619
620
599
593
612
614
630
644
640
633
627
632
636
643
624
635
635
621
636
619
616
624
629
624
621
613
610
627
622
640
626
620
629
624
646
650
640
648
636
637
636
649
645
646
628
642
622
619
623
621
625
610
631
620
607
619
622
628
629
623
613
623
627
629
641
638
621
611
620
625
622
615
613
629
634
637
634
647
644
643
636
644
633
619
626
634
634
633
622
624
626
628
631
626
629
622
625
629
633
634
632
630
619
621
602
591
600
602
616
628
623
636
628
634
633
636
640
639
630
606
625
617
615
624
635
628
622
624
632
629
635
632
627
624
623
614
601
622
602
613
606
599
586
603
611
589
603
616
603
611
612
628
630
623
641
642
647
651
642
618
626
640
626
644
639
627
646
647
638
647
640
632
638
633
643
635
621
617
634
625
623
633
625
619
607
617
618
611
623
614
617
609
612
630
641
631
634
622
634
649
642
636
617
623
623
631
629
636
630
631
626
637
622
625
615
620
610
630
618
619
625
630
630
634
621
621
614
618
601
611
615
609
593
598
608
611
603
622
618
624
629
640
618
626
616
620
632
621
615
623
632
625
628
633
628
623
603
608
610
606
606
598
609
598
601
590
603
603
593
594
602
602
601
595
584
586
601
591
594
590
588
609
601
609
610
620
598
606
625
611
618
618
627
630
632
647
641
646
626
617
624
620
624
600
597
604
613
619
617
619
603
611
597
589
607
608
614
623
626
619
601
598
601
604
618
609
605
589
589
597
591
598
606
602
594
599
599
602
605
604
605
607
592
595
597
601
598
604
605
598
613
616
602
585
583
598
587
588
567
569
574
586
579
577
576
582
584
576
578
577
572
590
586
584
586
586
585
603
590
599
604
607
587
587
601
589
596
611
602
604
599
602
586
587
595
597
575
572
580
598
586
598
606
610
615
612
612
609
603
604
590
601
598
600
597
579
582
580
584
594
600
590
578
598
572
592
597
597
598
599
595
611
612
614
599
583
583
580
578
566
582
581
605
620
597
562
563
556
563
559
563
570
571
563
571
561
569
563
588
590
584
589
588
585
580
580
568
578
581
587
601
611
608
598
609
612
607
614
607
600
597
585
586
591
596
608
607
600
586
579
586
582
589
609
606
594
597
587
580
580
576
583
569
572
581
611
616
613
611
613
603
612
606
608
621
630
630
641
641
635
627
621
603
600
607
604
607
608
612
606
606
609
601
602
596
600
599
588
590
596
599
601
603
594
615
612
628
618
607
613
627
622
623
617
611
619
612
608
608
598
618
610
613
608
621
623
628
629
617
602
594
588
600
605
593
600
606
620
621
615
603
601
586
601
604
606
613
622
617
626
618
611
622
603
612
613
620
620
638
632
642
634
638
629
628
625
613
618
609
622
617
620
626
618
613
622
611
608
594
582
599
589
590
599
602
597
603
599
591
589
591
588
605
631
635
650
648
651
645
642
618
604
589
578
591
601
593
589
581
595
606
604
611
606
603
607
602
606
621
618
626
625
605
598
608
606
599
592
588
586
576
581
585
595
590
589
591
596
588
571
580
589
599
584
588
593
606
602
607
620
620
623
606
609
607
602
608
585
590
584
578
575
557
572
574
580
583
586
590
580
588
606
603
594
593
586
582
573
573
576
578
574
564
555
557
576
576
579
574
585
603
617
629
617
599
611
616
614
592
600
613
621
628
623
613
618
610
609
605
604
600
592
595
595
580
591
606
598
613
589
570
572
565
568
560
546
538
548
565
569
572
583
580
579
588
572
579
589
588
587
601
600
598
592
590
580
579
589
576
600
606
599
591
603
599
602
592
583
597
590
602
603
599
589
586
581
588
593
591
607
597
587
584
584
579
585
581
571
582
582
577
570
573
570
566
566
566
567
557
572
573
571
577
585
597
586
581
590
583
590
593
608
599
597
600
588
586
597
589
587
583
594
581
578
573
577
581
578
576
585
580
577
568
571
570
561
567
566
567
558
558
562
559
556
573
575
581
582
593
595
583
593
604
610
599
584
585
584
576
568
550
569
567
573
566
563
561
559
564
562
577
574
570
565
554
570
564
574
575
580
582
586
576
577
594
584
578
574
586
567
573
569
582
576
557
570
582
589
594
597
600
588
589
602
599
602
591
586
569
567
592
600
584
596
608
610
614
607
604
599
596
603
604
592
577
579
588
586
594
599
581
595
583
577
585
570
574
555
561
575
573
570
577
589
575
580
566
574
571
563
568
559
557
560
565
545
544
543
532
555
558
570
575
573
576
553
550
546
545
545
558
559
545
564
568
570
563
564
565
573
574
589
587
580
580
580
577
582
575
575
570
564
562
566
569
571
568
569
563
571
592
578
567
563
561
570
569
576
577
585
581
589
590
600
581
593
593
595
599
589
574
571
580
578
579
564
576
574
578
569
569
557
560
561
547
564
551
541
542
553
541
559
554
563
577
591
575
575
573
577
587
599
584
587
584
592
605
599
595
598
583
582
572
586
572
557
578
578
577
572
581
576
561
572
568
572
579
585
582
579
594
600
587
592
593
587
589
577
583
600
589
582
578
576
571
580
572
561
568
579
570
574
574
562
552
560
566
582
576
564
566
569
571
569
559
558
579
597
596
593
589
577
575
574
578
575
573
588
595
588
589
565
560
560
567
567
578
569
563
570
586
579
570
589
578
575
572
576
563
551
555
560
570
568
560
572
585
584
597
587
587
578
572
582
574
582
580
576
563
576
581
588
595
598
607
589
596
608
587
600
605
587
592
599
592
590
582
567
578
574
581
567
579
562
576
595
589
588
599
590
579
581
585
590
585
595
580
583
583
592
591
582
585
582
585
596
608
619
607
610
613
615
622
600
590
586
579
576
570
555
574
572
565
566
561
565
552
554
566
565
568
569
569
569
572
560
569
561
568
567
552
555
558
551
562
574
582
579
574
572
571
591
594
595
591
579
581
602
601
593
592
609
606
620
614
610
601
601
602
605
589
588
588
583
583
598
586
577
582
578
581
570
577
570
567
579
585
603
596
596
594
607
594
591
593
592
591
586
586
596
589
591
573
573
582
572
578
573
556
566
583
579
604
596
588
576
584
572
576
574
555
560
567
553
548
525
525
530
530
534
539
527
544
558
555
564
572
575
564
571
572
563
558
554
556
555
553
558
547
540
560
550
569
579
573
577
581
571
571
565
557
560
568
573
561
574
571
559
558
555
550
557
543
548
556
555
557
557
563
559
544
548
550
567
560
559
576
577
577
578
555
567
572
574
568
584
567
579
555
550
544
550
560
553
551
574
579
583
576
577
585
582
578
564
560
560
543
545
555
541
546
563
565
544
561
547
540
545
535
558
542
551
556
563
556
563
553
551
544
566
570
586
570
571
567
551
534
532
543
559
550
536
550
530
537
523
534
539
540
554
547
556
550
543
558
565
568
557
545
541
545
552
564
555
545
562
545
547
558
549
542
530
531
538
535
551
537
547
531
531
551
537
525
518
518
530
534
531
533
536
536
545
541
535
538
542
544
551
541
550
537
542
533
532
527
546
534
533
534
536
549
550
537
558
544
534
535
539
536
544
533
533
533
530
537
545
545
549
547
536
539
547
541
548
551
547
552
558
573
576
554
563
562
551
569
568
574
579
572
580
580
590
587
568
570
562
565
565
559
564
575
575
579
577
578
577
564
569
585
575
571
556
560
556
566
559
549
564
566
556
570
574
571
565
568
563
584
596
588
579
573
564
566
581
577
573
568
570
566
575
567
570
565
570
569
568
564
556
561
556
572
573
582
563
565
561
561
556
555
534
539
539
541
539
536
537
529
523
542
545
548
553
556
562
570
561
550
559
559
559
561
563
559
568
568
555
572
556
557
554
566
550
565
557
556
560
560
569
559
567
566
581
572
567
571
574
583
584
586
569
548
551
565
570
571
560
563
560
555
557
555
552
568
572
565
560
569
574
557
571
571
574
551
564
568
588
584
577
570
554
545
535
547
540
555
546
564
561
570
566
554
552
554
533
542
534
552
538
542
543
538
531
538
531
520
515
535
544
535
541
551
546
556
541
540
536
534
549
538
566
558
568
559
575
569
543
553
549
555
557
556
554
551
565
566
569
551
556
554
558
558
560
547
558
562
552
547
560
553
544
548
536
539
534
531
535
537
526
541
544
560
560
552
553
567
558
571
576
582
578
579
589
568
569
578
570
581
566
572
564
589
584
565
577
556
568
560
569
580
575
559
568
557
552
545
543
542
549
565
567
555
558
566
576
564
587
577
580
571
572
566
551
553
553
559
567
561
560
560
560
555
566
561
557
558
554
552
547
541
545
544
538
539
531
521
519
519
526
520
542
548
559
559
560
553
547
539
537
536
533
535
552
559
557
548
547
555
548
549
545
532
560
562
551
545
553
548
551
569
563
567
560
556
556
563
553
565
567
569
569
563
565
565
576
580
575
562
564
567
562
557
563
552
544
551
551
554
555
547
564
545
541
552
543
526
527
526
526
531
548
569
549
529
543
547
542
543
544
552
556
545
550
549
544
540
539
569
565
547
560
550
550
566
574
582
571
592
580
572
578
581
580
585
581
566
565
568
582
575
580
580
591
579
576
568
562
563
549
561
553
557
563
547
567
559
565
553
555
562
555
559
562
548
534
563
567
567
545
546
535
540
545
552
555
552
569
567
573
567
559
569
573
573
561
553
564
557
571
564
576
572
566
573
573
572
577
584
573
570
562
575
572
579
571
574
563
572
587
583
581
577
582
557
576
580
577
574
565
566
570
576
568
578
589
582
566
572
579
570
553
551
551
554
574
567
566
584
585
592
578
564
567
564
560
567
559
568
561
567
575
579
574
582
567
577
554
557
571
587
570
585
593
592
588
586
592
589
594
587
578
574
572
567
567
561
562
557
553
558
546
563
559
556
567
560
574
571
572
575
565
567
568
552
555
554
565
552
550
549
560
557
534
524
533
544
543
550
549
563
551
558
564
557
563
555
547
536
547
541
545
551
576
572
568
579
574
582
578
571
576
579
588
575
602
585
590
578
571
571
567
562
551
553
559
564
570
568
554
560
567
560
559
551
549
547
557
544
554
555
569
545
553
555
568
571
580
570
577
585
583
581
584
584
554
560
565
579
596
600
598
581
580
579
577
560
567
568
582
562
569
564
554
564
549
539
555
560
553
574
581
579
582
559
560
571
575
570
555
561
565
569
557
569
565
570
578
564
580
557
561
563
542
557
553
547
541
538
545
536
539
550
549
543
546
549
552
544
523
530
536
534
547
554
539
535
526
538
545
541
541
534
538
520
542
542
544
537
517
530
536
536
532
527
529
531
536
542
525
543
552
544
548
539
543
552
583
577
591
570
572
579
568
560
556
561
555
553
552
549
555
555
552
555
557
567
556
571
567
550
550
557
555
551
562
564
563
547
549
561
555
535
535
529
521
528
515
518
540
550
527
517
531
521
516
526
513
522
517
530
529
555
537
527
543
546
545
539
529
548
545
540
540
550
546
534
541
558
569
567
560
561
553
566
555
535
537
542
537
544
541
553
537
537
537
525
535
528
523
530
528
525
529
524
531
524
515
527
528
534
537
540
543
560
557
529
542
530
538
548
540
544
522
534
540
552
552
552
548
534
530
544
540
557
564
543
550
548
544
549
542
546
544
544
547
557
560
562
559
560
560
570
565
561
560
571
569
562
560
566
581
581
595
579
566
558
564
562
552
545
557
558
557
553
565
565
577
559
549
563
564
562
558
565
550
543
541
542
539
540
532
525
528
538
554
549
548
564
552
537
525
523
521
522
523
527
533
533
537
545
540
526
534
536
539
554
551
555
547
553
545
547
527
516
530
516
517
522
520
530
531
526
536
534
530
528
514
523
524
526
533
518
516
521
510
514
504
498
499
496
497
505
514
505
508
512
517
514
515
515
528
507
491
498
493
510
521
528
530
525
517
523
521
507
505
514
502
497
519
510
507
493
490
501
497
512
497
501
498
500
501
504
512
501
509
496
497
491
508
497
509
502
520
516
523
511
523
514
517
529
533
528
525
508
502
493
503
488
477
482
492
491
498
507
493
495
496
501
530
510
511
527
525
509
504
516
505
514
516
509
519
528
516
521
520
516
524
527
525
528
536
524
529
526
510
519
525
522
532
534
528
527
543
528
537
544
547
547
538
529
537
531
543
545
534
529
527
544
562
548
549
539
517
525
526
521
530
531
524
538
546
543
527
530
526
523
519
527
539
533
515
516
509
522
503
511
511
502
504
516
531
516
527
519
526
522
532
523
524
539
532
531
521
526
518
517
514
505
512
514
512
494
497
489
492
514
512
498
490
506
494
493
481
490
486
512
511
505
511
502
500
495
510
519
517
517
502
508
500
497
500
488
487
494
489
481
492
486
491
497
495
491
472
473
468
480
490
489
505
502
512
516
511
509
506
514
515
525
536
525
535
522
542
531
512
523
512
503
516
522
520
519
507
523
515
508
508
519
511
508
523
529
529
531
545
541
551
538
520
523
516
525
526
521
517
533
528
527
535
521
517
528
507
514
529
532
548
541
543
532
546
543
556
557
550
548
530
531
541
526
529
519
523
537
529
513
514
517
517
508
515
503
504
496
498
499
500
498
501
518
513
516
505
502
517
513
507
513
506
517
522
515
526
531
526
520
513
512
507
513
518
519
528
524
519
511
504
495
491
493
513
515
510
519
512
506
510
515
518
518
513
515
524
510
529
514
506
497
495
510
512
520
510
509
499
509
504
523
513
520
528
527
527
532
543
548
543
533
535
532
521
523
522
527
525
527
517
520
529
534
538
522
525
508
515
506
515
531
522
533
524
523
535
535
526
522
519
524
520
516
527
530
540
539
539
524
532
532
532
522
512
515
524
526
519
514
516
515
535
524
513
542
543
544
540
538
550
546
533
531
537
534
530
523
513
508
494
486
483
501
494
497
509
521
518
521
516
494
484
491
507
511
511
533
537
539
523
517
534
522
522
512
507
506
511
536
542
537
524
538
539
537
542
536
536
508
521
523
529
532
520
500
510
510
523
519
537
524
534
539
536
539
533
527
525
524
521
513
518
525
517
514
516
507
502
502
499
501
507
507
514
514
514
511
513
509
513
503
500
500
509
513
512
513
500
504
512
502
493
520
516
524
512
519
511
503
513
516
526
506
514
536
525
534
536
529
525
519
522
515
512
509
526
531
544
531
525
529
517
528
550
538
527
526
518
502
506
518
529
528
533
536
532
533
529
523
516
510
515
523
522
529
526
525
514
503
501
511
518
505
515
503
517
526
517
515
520
519
536
519
522
510
508
505
523
511
515
528
526
521
517
520
526
525
520
511
519
518
523
518
528
525
524
506
501
503
520
508
512
520
510
511
507
509
520
510
509
510
511
510
515
534
519
530
540
539
545
539
522
524
532
524
523
506
511
506
514
528
530
523
516
505
490
499
501
514
505
495
502
505
501
502
492
501
494
495
494
500
491
508
516
523
515
505
511
501
495
500
498
490
489
493
512
508
497
487
505
508
514
508
521
512
535
530
525
530
537
544
521
525
530
519
519
516
501
518
518
526
519
513
516
515
525
516
523
511
497
502
501
518
513
496
493
506
498
489
502
498
504
516
499
499
508
493
489
501
516
529
520
517
519
533
533
533
517
522
518
514
507
494
490
500
499
506
516
514
520
518
511
522
520
532
517
517
519
519
530
524
528
521
510
516
503
509
510
493
499
496
513
507
509
506
504
506
512
514
526
514
527
504
525
511
508
521
525
522
518
527
501
530
527
530
508
507
524
516
518
505
512
522
506
512
505
502
518
515
529
531
523
530
531
531
532
551
529
518
515
510
509
504
506
516
505
501
509
502
506
506
491
495
486
479
495
499
503
503
504
500
497
495
494
500
510
513
519
514
515
519
521
522
516
517
513
515
532
526
535
542
527
518
531
528
506
503
515
524
509
515
519
514
528
533
540
533
515
517
534
532
527
530
519
528
525
528
526
534
524
514
517
504
503
516
519
517
530
530
534
542
536
547
528
529
529
533
529
529
521
526
531
525
540
536
530
539
550
536
531
525
528
525
521
507
510
491
515
512
500
508
514
502
500
507
522
523
533
533
519
533
532
534
529
516
519
517
520
527
535
544
531
537
541
524
511
492
505
509
514
512
514
505
508
518
510
515
502
512
509
513
515
504
509
505
512
516
493
505
510
509
496
502
506
516
521
525
521
536
529
526
524
511
518
518
514
513
513
514
519
506
511
499
514
521
519
516
515
523
511
512
525
525
515
506
522
526
525
509
506
519
510
514
520
530
532
535
519
522
524
520
518
517
525
533
531
520
521
523
508
504
513
508
504
502
502
493
493
498
485
486
492
496
508
507
507
514
517
508
514
515
517
520
527
521
529
525
521
527
522
534
534
532
535
519
547
547
547
530
539
544
532
532
525
519
509
513
515
510
504
501
505
496
494
507
513
526
519
522
527
506
507
497
508
514
500
496
505
492
498
504
515
514
502
509
506
515
510
500
524
529
525
523
516
517
524
515
493
510
510
519
522
525
515
511
522
518
517
519
503
510
518
507
517
507
502
499
489
496
495
495
488
494
490
490
501
509
501
507
511
496
503
504
508
500
517
507
508
519
516
498
493
493
504
505
503
505
487
468
471
472
466
486
473
471
490
495
482
499
498
496
503
510
523
506
501
494
502
516
514
519
514
513
525
525
540
531
528
534
534
542
530
525
534
538
528
518
508
509
509
502
496
488
505
495
481
488
491
470
493
495
491
481
487
504
493
491
476
482
483
474
483
487
475
482
483
478
461
473
467
464
471
467
480
477
487
484
495
485
490
493
490
491
495
483
471
484
482
488
494
489
509
500
498
509
507
499
502
497
501
510
517
514
517
523
518
508
511
497
488
491
487
498
490
494
494
510
512
513
519
519
513
513
493
504
514
540
530
533
538
532
535
543
532
510
505
514
505
507
494
491
507
495
518
521
511
523
517
519
505
515
516
510
494
484
477
480
476
468
488
487
479
480
471
479
474
471
462
454
457
459
460
461
479
480
481
488
480
473
468
468
484
483
501
495
505
500
486
486
494
496
489
504
492
491
488
486
487
488
490
480
496
492
489
491
478
491
497
503
488
491
496
494
507
503
507
501
503
500
499
506
499
507
518
522
523
520
518
521
519
521
509
503
501
503
512
505
516
510
499
504
497
489
482
474
457
480
464
478
474
474
459
466
477
468
461
468
462
470
489
488
494
494
488
481
484
468
458
455
453
456
457
454
451
473
463
467
455
458
454
445
443
448
436
435
445
432
439
447
440
428
440
432
449
432
441
443
449
448
439
423
432
437
441
445
445
453
451
458
462
459
449
446
447
445
450
442
443
443
441
429
433
443
446
442
443
458
456
454
465
458
459
455
459
451
462
464
458
469
468
461
457
461
461
462
446
455
451
463
461
451
451
450
461
451
452
442
462
462
452
445
443
439
436
429
424
429
437
445
443
443
427
439
445
431
449
452
450
448
441
441
450
459
451
445
442
445
443
434
445
441
448
460
452
456
462
466
466
457
472
472
469
458
456
462
471
469
464
463
478
461
475
469
481
470
463
460
454
456
452
453
449
442
457
456
450
442
437
445
448
453
456
441
450
457
438
432
436
438
450
455
434
451
449
441
442
441
455
448
446
446
447
462
467
470
491
479
471
475
471
469
475
467
460
474
469
453
445
450
447
449
445
447
447
456
456
462
467
480
469
461
472
469
471
460
467
464
479
477
473
485
475
477
463
466
460
449
452
444
454
466
460
455
455
461
458
446
451
472
467
474
482
475
461
445
456
467
458
461
460
469
462
467
455
458
450
461
453
457
457
462
460
454
451
452
444
444
432
440
440
428
425
431
433
445
441
439
448
446
457
443
450
442
452
451
447
451
430
437
425
423
424
435
435
442
438
455
446
445
450
457
446
466
464
456
453
449
467
467
474
469
459
445
436
427
415
420
437
433
436
443
444
441
446
444
441
445
447
442
438
449
457
470
473
473
476
470
468
470
462
453
453
447
451
464
448
448
457
440
441
446
451
445
460
454
449
449
448
427
426
420
413
414
424
411
416
430
429
447
438
443
462
470
456
445
445
450
457
451
460
476
465
465
469
473
465
479
469
455
462
456
457
452
467
455
457
454
463
454
445
437
449
447
450
464
457
439
451
447
453
449
434
433
436
443
433
434
441
438
449
456
452
462
444
445
454
434
451
446
447
436
439
445
449
471
459
463
457
464
457
465
449
445
436
437
447
436
452
444
446
434
435
434
443
447
461
467
444
460
463
456
468
483
468
467
476
462
469
461
460
461
457
456
458
459
459
459
463
447
457
456
452
446
441
442
439
434
450
457
454
457
476
463
464
469
465
463
462
460
459
465
461
465
471
454
457
466
463
468
477
486
486
482
471
469
458
452
456
456
464
464
473
476
472
480
481
480
479
485
476
467
456
455
442
449
449
445
456
441
455
453
463
460
466
470
470
473
474
478
491
480
472
468
467
461
465
463
455
456
469
467
454
457
461
461
457
455
454
466
472
468
468
481
493
482
490
499
490
489
500
490
492
501
492
485
476
470
468
464
464
464
461
468
471
457
454
448
454
455
455
436
447
454
447
452
457
457
453
450
425
435
433
445
443
441
454
452
451
471
458
440
444
447
464
467
468
467
479
480
478
468
467
455
456
456
457
457
461
455
465
470
465
464
467
460
470
472
476
468
471
472
474
460
461
473
456
455
454
436
436
452
448
452
450
467
466
470
464
466
461
470
456
473
454
474
471
467
453
450
454
446
441
447
450
460
440
431
449
449
440
437
443
443
454
449
455
462
459
458
461
461
466
460
456
451
452
446
443
443
451
437
441
434
425
424
444
431
433
434
444
440
435
433
430
433
436
450
433
437
442
466
464
462
465
458
446
451
460
444
454
455
452
449
455
458
452
458
470
459
459
454
456
461
471
470
466
455
459
480
493
486
482
487
467
466
469
474
471
471
469
456
461
450
452
451
465
468
461
458
460
463
466
456
458
453
456
459
458
444
441
441
440
448
449
444
457
445
441
448
452
460
463
459
457
443
436
443
437
438
449
454
449
457
464
464
444
458
461
459
443
448
449
449
439
462
447
461
458
461
458
465
469
458
455
461
448
450
463
462
463
466
468
462
451
459
465
474
474
448
467
463
466
455
465
462
464
450
446
448
442
442
444
445
444
446
442
440
436
437
422
438
431
436
423
426
425
438
436
419
423
408
429
427
422
408
414
415
424
419
423
421
410
410
418
413
414
417
427
430
426
423
430
429
422
415
414
421
403
405
429
426
418
427
415
414
412
400
414
414
415
413
412
412
423
419
424
427
425
420
424
405
395
383
391
400
411
393
410
425
425
434
428
440
434
436
449
440
439
442
440
435
432
426
449
430
430
439
436
440
452
434
440
447
431
440
423
430
425
424
429
437
436
464
446
459
451
454
450
450
438
441
453
445
444
460
459
458
455
453
450
443
450
459
459
452
454
450
459
458
459
468
462
466
462
469
457
456
451
448
449
452
445
448
452
448
443
448
438
445
439
436
435
437
432
435
426
426
447
444
436
429
410
414
419
422
428
427
430
426
426
434
444
443
422
441
442
459
440
441
428
426
430
440
441
437
437
430
439
454
439
455
450
444
439
441
427
426
441
440
448
434
430
417
419
419
435
425
432
423
426
429
420
421
426
441
440
434
438
429
421
426
419
416
417
428
425
428
417
412
428
448
432
437
422
430
427
438
429
432
439
433
437
432
434
438
434
432
442
440
431
430
440
435
436
432
450
456
455
464
461
450
439
447
440
429
429
429
414
421
432
432
431
421
425
435
440
444
435
449
446
434
432
440
432
434
429
417
427
417
424
424
437
442
440
434
440
438
434
438
432
442
438
428
418
427
412
423
410
415
408
410
407
419
413
420
416
421
410
409
418
415
412
415
406
413
425
425
437
436
438
435
436
433
422
410
411
416
420
424
420
407
434
431
436
439
433
437
433
432
424
428
421
434
430
431
439
436
433
434
431
433
434
424
419
433
422
426
423
422
426
418
426
423
415
427
421
431
431
448
440
435
429
440
459
446
458
463
444
442
423
445
445
442
433
443
435
432
431
425
431
442
444
451
443
453
456
449
448
452
439
430
435
424
425
440
434
430
430
432
422
426
442
428
436
447
450
452
439
436
426
430
433
423
431
436
437
439
435
450
444
447
439
437
431
429
422
420
426
431
426
430
422
433
430
431
438
444
433
429
427
433
438
442
444
437
444
429
445
428
438
437
441
440
437
444
443
446
457
443
460
452
450
447
441
442
442
451
435
440
451
445
442
440
439
435
428
432
428
438
431
435
426
423
435
444
431
416
420
430
428
429
443
442
447
447
446
446
455
443
439
443
437
433
433
430
417
417
418
422
426
425
419
425
434
436
441
427
431
426
425
421
407
420
413
423
418
429
432
433
434
437
454
443
437
437
425
432
428
423
414
410
431
428
433
425
432
439
446
435
425
431
430
421
425
436
447
457
455
458
446
431
445
433
428
417
424
427
417
402
408
424
415
424
426
416
405
419
432
433
439
437
449
446
437
445
441
437
424
430
409
416
421
411
408
403
413
418
419
422
418
407
406
406
416
408
409
410
421
420
422
429
423
428
437
428
427
429
424
418
428
410
408
397
406
422
423
428
413
410
409
401
395
401
412
417
409
398
405
395
388
382
398
400
406
417
426
427
439
439
436
433
431
431
449
443
450
452
445
446
436
449
457
451
464
460
454
454
460
462
444
455
431
430
419
426
430
439
430
432
436
442
433
427
421
418
420
411
428
421
419
422
421
432
429
436
434
443
447
459
453
442
441
444
441
438
433
434
423
429
422
429
425
428
419
399
411
410
436
444
436
441
440
435
448
440
427
429
443
443
431
442
443
440
446
440
437
433
442
445
449
440
437
434
441
441
449
462
453
451
430
442
438
451
448
449
451
450
445
446
443
442
451
439
433
441
435
441
433
441
423
437
419
415
412
421
430
420
440
449
429
433
436
451
452
442
434
433
442
430
442
438
438
430
432
447
444
444
450
442
438
434
429
427
434
437
425
425
421
421
421
428
420
431
427
420
425
437
431
431
432
445
447
454
445
443
445
448
439
438
426
432
440
436
430
432
428
429
430
434
440
431
423
432
438
443
431
436
426
436
440
422
420
408
399
409
411
424
408
412
424
428
428
421
415
420
423
419
422
416
424
418
436
428
429
421
436
439
432
442
426
424
421
410
416
424
424
432
423
432
425
443
433
430
440
444
435
442
445
435
442
433
432
426
419
426
430
435
443
433
438
444
430
432
431
438
428
422
417
427
427
425
424
428
435
436
430
438
447
441
449
431
440
448
443
459
453
455
462
459
433
440
440
449
442
430
432
426
433
411
410
408
409
397
405
407
412
413
435
439
427
428
423
431
423
432
439
418
421
425
433
431
448
435
423
427
437
422
428
425
423
433
433
429
421
416
416
414
402
415
410
413
418
409
429
422
424
431
427
429
427
423
425
420
423
425
420
412
408
404
410
409
414
405
407
421
416
408
406
396
398
413
423
416
417
425
438
429
430
424
427
442
450
441
447
456
455
435
428
430
427
422
411
415
419
424
408
394
411
414
415
417
410
414
418
409
408
410
419
421
429
444
447
449
447
441
444
429
434
440
453
452
450
452
447
441
439
439
449
448
438
433
426
432
429
426
425
428
430
437
435
426
421
427
429
435
441
437
440
432
437
446
447
452
446
443
448
432
432
426
440
447
446
447
442
439
424
424
422
422
422
426
435
434
436
430
416
422
430
418
416
405
421
414
413
423
409
421
415
398
416
418
424
414
422
404
409
415
429
418
438
437
424
422
423
433
432
430
430
427
423
425
431
422
421
417
406
418
422
402
409
394
417
418
424
426
431
442
437
439
435
444
445
434
432
432
430
424
432
425
434
420
438
435
435
426
430
429
434
433
434
415
421
398
413
418
424
441
435
443
443
443
421
424
423
421
424
436
445
443
439
442
434
428
417
423
417
429
410
421
433
425
418
424
441
435
441
440
427
439
437
427
431
446
434
434
427
433
436
430
425
418
413
412
419
440
428
430
437
429
449
450
438
435
431
441
437
422
410
418
418
425
428
430
438
431
432
444
445
441
444
453
450
442
438
443
429
411
410
407
395
404
419
417
417
426
417
422
424
436
431
417
414
412
422
422
418
416
428
422
435
436
435
425
425
416
404
401
408
405
418
419
428
437
433
432
430
435
428
418
425
411
416
420
412
410
411
402
399
404
409
421
410
424
421
418
417
426
421
423
403
428
414
420
420
414
411
421
424
430
412
416
422
414
416
411
403
398
399
404
397
387
409
407
412
419
404
401
398
391
389
384
381
387
380
385
392
390
393
392
382
391
398
413
414
412
402
393
387
386
384
395
393
384
384
387
391
393
392
378
390
394
391
393
402
388
380
383
390
393
389
392
400
405
410
404
419
413
423
420
420
418
414
415
409
394
414
413
408
404
400
407
408
408
401
392
389
390
401
403
394
387
388
395
384
399
405
412
411
412
412
414
410
410
421
415
428
416
418
416
420
426
427
420
417
432
422
427
432
424
413
418
425
417
410
423
423
428
425
417
429
426
409
418
409
407
413
419
417
429
419
416
432
426
428
434
444
435
441
436
423
428
431
431
429
433
438
428
432
428
424
419
421
415
410
417
428
436
428
437
425
420
425
430
428
436
436
432
426
419
418
432
424
412
416
421
428
433
441
438
433
436
421
425
437
430
429
443
446
424
421
432
422
421
409
409
413
419
412
420
429
420
413
408
405
410
418
418
424
424
427
423
418
407
417
417
416
408
394
404
411
411
409
408
410
415
405
398
406
408
389
396
389
386
391
395
407
398
414
411
414
413
411
410
417
417
423
419
416
408
395
394
398
401
404
401
405
419
431
414
420
406
405
406
408
405
400
404
398
398
400
411
394
397
407
402
396
400
401
401
409
402
396
389
401
407
398
405
401
386
397
385
388
390
387
393
398
395
394
387
389
387
395
400
395
390
388
386
384
388
389
407
402
402
408
418
407
398
396
399
388
399
404
409
412
425
421
429
417
429
423
418
422
423
431
421
425
430
437
441
443
439
424
418
418
401
393
401
402
419
409
411
420
421
432
422
416
402
403
408
415
416
430
420
435
415
409
401
414
421
413
406
406
388
395
398
387
374
384
387
388
389
389
394
395
387
400
409
408
415
411
410
406
407
408
411
401
397
402
385
399
401
411
412
401
406
409
416
408
389
411
413
413
417
413
404
415
414
406
416
414
422
424
422
409
412
419
419
417
422
429
420
411
427
420
419
417
411
409
403
399
415
414
413
396
399
404
409
404
406
407
395
398
396
390
385
374
381
379
390
387
389
393
405
405
408
407
402
396
392
384
395
403
405
417
408
410
422
422
400
401
401
395
399
391
410
389
382
392
393
409
401
399
393
388
381
389
389
395
397
397
391
397
402
398
391
403
388
390
406
419
423
416
418
422
412
420
422
407
411
405
398
395
394
398
392
401
406
413
407
414
411
401
410
409
415
416
397
397
397
389
388
398
390
392
397
398
400
398
385
391
381
391
392
390
399
404
392
400
404
412
406
409
405
404
414
405
421
425
428
429
417
412
416
433
430
428
420
418
411
406
417
416
417
410
417
417
403
401
391
389
390
392
383
396
405
408
404
414
411
413
416
411
401
398
397
408
413
404
424
420
413
403
408
412
422
430
435
423
407
411
406
400
405
396
407
410
400
409
409
415
407
418
421
426
416
411
416
414
404
403
402
400
403
409
406
399
398
408
427
420
421
414
416
406
401
410
417
420
421
414
417
406
420
420
421
419
415
412
408
404
403
410
402
405
400
388
387
395
391
401
402
403
408
401
399
391
386
397
394
394
400
385
402
376
378
382
379
387
392
389
389
377
373
372
372
394
387
393
416
410
414
409
403
411
402
406
417
417
408
410
415
425
436
435
430
419
423
412
416
409
406
420
418
411
417
405
414
408
402
408
397
402
395
404
394
389
398
377
374
386
388
388
398
395
399
393
396
396
406
414
425
424
411
419
414
421
415
425
424
417
402
413
419
409
411
404
397
399
400
394
412
422
421
414
422
411
413
432
432
438
431
424
425
409
415
405
418
418
414
410
408
412
417
410
406
396
399
390
407
404
396
398
394
382
375
385
381
387
394
390
383
391
392
378
388
379
378
370
364
365
375
375
378
375
394
373
376
375
373
380
382
385
389
399
395
404
406
392
373
374
367
377
387
396
402
398
399
400
392
398
397
392
385
392
379
387
375
374
369
362
368
365
365
366
386
387
398
384
385
390
381
382
376
388
388
386
384
392
396
401
395
388
390
388
375
382
381
386
380
380
380
381
370
361
362
365
365
373
362
356
356
361
350
349
349
359
363
363
374
371
371
369
358
358
361
358
368
377
368
380
372
374
369
366
371
378
376
368
365
377
373
376
379
384
391
403
396
397
394
394
389
375
389
391
390
389
380
392
402
398
385
406
411
402
391
386
389
375
387
390
397
393
391
395
408
412
411
403
399
401
406
398
396
390
386
377
381
379
390
368
384
377
388
383
383
382
381
387
394
396
391
389
391
391
393
395
388
391
388
387
386
391
387
400
409
415
407
409
412
407
413
416
410
409
419
418
414
405
406
399
401
394
391
401
395
397
395
397
391
386
393
394
399
392
394
396
390
382
394
392
380
382
382
381
387
390
390
396
400
402
404
410
416
404
402
388
394
389
371
377
376
372
365
385
386
379
368
381
381
372
378
371
375
393
385
373
392
389
377
385
389
394
382
388
398
383
386
392
389
393
398
405
408
413
398
402
395
394
389
382
378
378
370
370
373
387
381
383
393
386
387
394
403
410
408
394
393
399
398
402
397
389
392
380
394
394
391
398
410
401
411
426
422
411
410
417
413
401
395
398
393
386
397
400
402
406
418
415
420
417
416
419
425
420
427
420
420
417
413
404
413
404
397
390
397
407
402
411
408
397
393
392
393
400
399
390
394
390
394
379
378
376
368
372
364
360
364
365
355
355
363
364
383
381
396
382
383
393
391
383
388
390
395
387
391
397
397
408
414
400
393
392
398
395
405
403
395
399
398
407
408
413
410
404
412
409
416
417
416
387
398
392
387
404
397
407
407
406
405
400
402
394
403
401
398
388
406
398
401
398
393
384
399
383
382
378
390
380
391
386
378
374
378
381
384
388
388
385
402
397
384
384
387
387
400
399
406
407
409
414
409
409
406
410
413
409
400
404
412
405
410
403
401
399
394
392
398
398
381
384
386
400
383
397
399
399
405
409
414
413
411
407
407
413
418
422
411
398
406
397
402
406
394
398
389
381
384
376
368
372
369
380
378
362
376
373
384
372
382
379
373
383
370
370
354
366
373
363
365
375
370
378
370
376
377
381
374
368
371
367
362
354
353
364
366
365
364
375
366
371
374
379
372
371
373
361
362
373
369
377
385
388
383
393
399
392
385
397
392
384
376
380
393
398
394
396
389
383
392
401
411
408
413
408
402
409
408
397
397
403
408
412
405
411
396
393
384
382
391
379
394
394
395
410
401
390
390
404
395
390
390
392
398
402
401
398
407
403
407
403
396
388
386
375
374
383
376
390
401
410
413
418
411
409
410
397
396
401
392
391
397
387
388
389
385
381
391
386
390
390
392
395
393
385
375
371
370
381
375
389
382
366
369
364
375
366
377
384
393
379
395
399
387
378
390
387
398
382
387
393
404
406
404
394
395
384
382
391
403
391
388
388
378
381
380
389
396
395
398
407
397
391
398
398
403
392
398
390
406
400
404
404
397
413
407
410
412
405
392
404
385
398
392
385
380
394
387
400
396
385
379
398
401
403
401
401
400
404
394
396
394
393
387
394
402
402
393
398
388
375
373
361
370
382
376
365
380
382
389
378
385
380
368
383
387
382
381
376
377
394
390
379
365
364
382
384
375
378
379
396
402
411
410
412
407
422
419
410
399
398
383
381
386
394
395
405
399
399
391
392
392
387
393
384
382
383
384
392
393
385
380
382
391
399
390
394
395
393
383
374
378
363
365
372
378
381
377
381
382
374
372
374
383
383
380
380
381
384
388
406
411
412
398
398
389
394
392
409
399
397
410
404
408
402
396
395
400
410
409
423
420
419
419
407
408
403
398
393
403
405
388
388
396
398
402
394
393
408
421
411
413
394
405
384
392
382
379
388
389
397
393
393
401
389
391
392
382
395
405
396
379
373
371
384
367
367
376
363
361
357
362
361
354
358
359
367
378
380
391
390
389
381
382
386
391
382
386
388
405
402
403
406
410
400
389
394
380
374
394
387
386
386
393
394
406
391
402
399
403
406
402
391
403
401
395
400
398
390
391
379
373
373
370
382
380
382
382
382
387
387
383
380
373
380
373
374
369
370
368
364
363
369
368
380
388
400
385
384
389
397
381
392
393
396
392
386
389
388
401
398
402
412
415
409
414
405
429
425
425
414
416
410
407
427
422
428
417
416
409
420
424
411
407
419
425
423
421
417
412
415
407
413
400
398
403
407
406
399
406
401
414
395
409
392
397
398
405
410
400
397
407
395
387
386
384
391
383
382
381
370
371
369
370
369
376
379
380
380
377
377
391
391
389
401
408
411
408
412
415
402
401
400
404
395
389
379
383
395
389
385
389
391
405
415
409
415
393
399
391
389
393
395
390
389
376
372
377
376
383
374
386
399
405
397
408
406
398
394
389
388
395
395
390
379
388
392
388
391
387
403
396
399
393
382
389
388
385
379
382
382
391
385
383
388
386
395
394
396
383
397
403
402
397
400
389
393
400
400
383
387
379
378
389
371
379
392
396
388
396
385
396
387
388
393
391
385
397
395
399
381
398
391
390
394
385
380
386
388
391
371
380
385
398
385
408
416
400
402
407
396
395
403
401
395
390
382
381
394
389
384
392
412
392
405
402
411
401
401
396
397
403
397
395
399
391
397
380
371
377
384
387
380
383
391
382
375
380
379
391
393
390
379
380
392
387
397
385
380
385
376
386
380
381
384
384
381
376
376
386
373
376
390
382
373
377
388
400
398
398
394
374
387
369
385
377
384
391
389
387
375
382
386
384
385
382
370
371
361
362
378
380
366
382
383
393
389
391
387
389
376
383
378
389
379
385
392
390
395
381
388
393
388
389
378
382
384
384
380
399
392
384
395
385
373
378
387
396
392
368
387
392
387
397
396
389
405
404
395
389
390
392
392
397
385
370
366
363
367
376
369
362
360
363
373
368
361
357
362
371
379
386
383
386
391
392
389
384
386
382
389
390
386
370
369
363
370
366
381
368
371
364
365
370
370
380
375
382
386
380
381
386
367
371
369
364
382
392
399
393
390
384
389
386
391
383
400
387
385
387
386
369
377
376
379
377
386
382
377
376
383
376
372
365
369
350
359
348
351
359
349
348
341
340
356
356
348
357
355
357
358
345
346
356
345
345
342
348
348
364
353
365
362
362
381
379
366
364
371
369
369
378
365
368
363
372
360
366
358
371
376
372
373
370
361
365
374
364
375
368
353
349
357
351
359
357
364
362
375
371
382
376
381
385
383
378
392
397
404
397
381
376
373
376
368
373
390
385
381
398
388
392
379
386
385
396
389
395
402
384
376
389
391
400
399
384
389
388
368
356
352
346
355
353
356
355
349
343
354
362
355
354
367
366
359
350
363
358
358
356
349
356
356
359
358
356
353
351
349
348
363
367
379
371
374
376
362
369
364
363
360
364
370
354
370
362
367
360
367
380
376
388
395
386
393
373
379
373
369
380
374
373
389
390
375
377
368
363
355
351
346
345
349
358
357
357
366
367
351
374
379
370
361
375
363
365
344
345
357
350
353
346
348
334
342
347
337
336
336
340
341
346
353
335
352
361
360
357
359
359
352
359
347
354
352
359
358
355
369
362
355
353
354
346
350
354
354
358
351
350
357
343
351
360
368
371
371
369
377
365
382
370
375
369
365
365
374
372
387
366
359
377
387
366
362
364
373
384
369
362
369
379
382
373
381
382
386
380
378
371
369
369
367
372
359
365
364
362
369
380
384
382
380
365
370
376
371
383
380
373
385
369
357
358
348
352
351
354
346
356
356
368
359
355
372
369
366
365
364
352
350
351
359
353
346
343
344
349
354
350
342
343
343
354
351
333
336
339
345
337
339
343
351
339
333
349
349
350
344
354
361
363
362
357
359
371
363
353
355
355
368
363
360
358
360
360
354
346
330
338
327
330
342
344
335
337
338
347
349
339
335
344
322
336
341
323
330
342
338
348
356
353
369
365
361
354
356
343
350
349
345
358
355
363
353
348
357
356
367
373
350
361
372
370
362
353
356
349
345
356
342
341
343
349
347
352
347
342
339
330
336
348
338
338
344
351
361
361
353
362
353
354
355
354
358
357
337
339
347
341
355
356
375
369
358
372
362
363
362
365
365
366
369
366
360
363
364
358
360
363
372
365
366
361
365
366
364
370
368
379
363
357
359
356
368
352
351
343
339
326
326
326
337
343
344
336
346
352
337
338
340
338
344
343
329
337
334
330
328
338
339
345
345
340
347
341
335
349
337
346
346
343
346
349
351
354
354
344
348
355
347
344
351
353
344
348
350
347
348
348
355
357
358
364
357
362
353
364
355
359
360
355
354
353
344
347
353
353
348
349
351
353
354
356
350
347
350
344
342
342
343
341
351
350
356
356
361
361
350
350
346
333
335
341
346
352
336
340
342
348
346
339
341
353
344
349
346
338
343
347
344
339
350
366
355
358
360
358
372
369
358
358
346
363
374
380
371
377
361
365
359
367
364
372
365
370
369
361
361
359
355
358
345
351
346
355
359
352
354
360
357
346
350
359
349
354
353
367
360
368
357
368
357
372
368
372
370
369
363
361
363
362
368
352
340
329
343
341
347
357
359
348
354
343
333
331
331
328
329
329
330
331
335
344
343
337
342
327
326
339
333
345
359
357
354
351
342
351
359
355
355
353
354
355
354
353
348
345
342
346
343
343
340
347
355
347
347
365
359
364
351
355
349
345
347
344
328
335
350
354
354
359
355
365
351
349
349
355
348
357
370
360
362
369
367
354
356
362
354
352
343
352
356
362
361
364
358
365
366
364
362
350
348
350
353
346
351
361
366
364
343
345
346
353
352
343
349
344
347
353
352
350
356
358
358
339
344
345
360
351
355
355
353
347
357
351
362
363
359
364
367
362
372
370
364
367
365
367
365
368
365
367
364
368
368
377
363
345
340
344
353
352
348
347
354
348
343
345
345
352
339
347
343
345
350
353
368
363
355
341
343
348
347
345
345
341
349
350
353
366
364
363
365
369
378
374
375
373
359
362
376
364
360
360
358
351
361
344
337
338
342
346
352
357
363
348
362
357
365
365
366
380
383
386
387
387
391
389
377
365
369
375
363
362
359
369
360
371
360
374
377
367
373
386
382
370
375
374
368
357
335
340
328
346
343
337
345
345
345
339
339
342
329
346
359
358
363
368
366
361
360
360
356
367
366
363
358
355
367
367
364
351
340
344
350
352
340
338
363
365
354
359
354
356
361
355
366
368
376
373
360
357
360
343
347
359
358
363
362
371
381
364
376
383
386
385
380
380
377
376
377
368
367
369
370
380
378
370
373
367
374
372
373
371
358
368
376
364
370
363
365
365
369
371
382
374
359
362
364
362
357
352
352
356
365
372
373
364
363
360
364
358
352
342
344
345
337
330
316
321
312
317
325
327
330
324
332
344
347
330
333
342
344
343
345
348
343
341
330
328
325
329
320
325
328
334
330
340
338
347
343
334
346
344
331
337
338
337
339
327
339
349
358
360
372
377
363
364
359
358
353
362
360
369
353
350
350
353
352
352
353
355
350
347
355
347
352
356
345
338
344
352
353
359
367
351
362
356
362
377
371
375
368
363
362
352
355
356
359
354
359
346
340
337
350
349
339
353
354
353
355
342
343
348
353
339
333
331
333
344
349
346
346
338
343
342
350
358
359
365
356
357
343
344
343
337
345
344
353
353
338
336
337
336
338
342
332
327
333
