364
349
371
362
368
363
351
348
344
353
360
362
356
347
349
349
354
350
340
337
334
332
324
320
341
338
346
361
358
350
352
357
367
350
346
343
335
336
335
343
352
347
338
345
350
350
340
332
346
346
353
350
343
344
357
355
357
358
358
362
357
358
365
353
352
361
366
363
372
353
359
355
342
346
348
347
346
337
352
356
344
368
392
367
354
351
354
361
366
364
361
355
351
352
352
344
346
347
352
352
353
349
349
353
360
369
365
366
357
340
332
331
352
346
343
345
353
350
352
354
367
361
355
334
357
345
351
343
332
333
348
343
341
339
337
335
345
344
344
361
360
356
354
357
348
354
345
338
339
342
347
348
345
344
343
350
351
339
331
333
337
334
345
337
334
334
338
343
342
335
344
357
359
367
353
364
339
334
336
330
336
338
336
327
337
334
337
334
337
334
332
347
344
345
355
341
331
324
327
334
337
348
336
339
342
335
336
330
327
334
329
328
330
327
326
333
346
345
341
355
354
360
357
367
364
367
352
354
348
344
354
365
356
359
359
357
360
344
355
353
361
353
357
359
353
350
373
362
356
353
342
343
358
360
360
356
352
364
365
360
368
371
369
356
346
346
342
360
343
355
348
363
358
353
344
357
366
368
367
365
374
375
379
367
371
365
368
373
369
365
371
387
392
388
383
368
365
366
359
357
361
360
364
360
365
369
369
367
367
360
367
355
361
367
366
367
366
356
366
371
370
384
389
387
395
390
396
392
385
368
377
369
356
366
366
372
383
384
366
354
366
367
366
354
362
360
368
377
378
365
367
353
356
362
353
344
349
363
361
366
360
371
365
360
351
350
354
353
357
359
354
360
354
334
347
340
340
335
330
326
341
358
353
352
346
358
353
339
356
366
361
370
362
374
376
368
381
364
359
352
354
357
359
361
359
361
364
370
356
357
354
366
375
365
355
350
343
339
337
336
330
333
339
335
332
344
345
342
345
347
343
338
321
331
332
331
322
331
337
344
346
350
338
337
331
337
343
334
341
335
335
331
326
336
330
336
334
339
347
341
349
347
347
338
337
329
334
333
331
340
328
332
321
325
312
310
314
312
311
314
315
310
307
306
311
307
308
312
315
321
315
317
316
308
308
312
316
319
327
332
317
325
331
324
331
329
316
323
322
314
312
309
314
313
319
325
326
324
327
325
324
334
327
327
330
328
329
323
317
331
312
291
303
302
314
312
316
307
296
300
305
311
309
306
307
297
301
289
290
290
286
286
295
288
294
298
304
296
299
306
296
298
301
307
301
319
308
303
315
302
311
322
328
335
321
318
319
315
312
314
316
321
300
286
290
284
295
301
310
317
303
302
300
296
295
293
292
305
314
308
303
293
291
294
296
298
300
307
294
297
300
307
317
309
303
326
333
342
339
337
329
337
345
334
336
315
316
321
324
319
328
332
323
328
317
320
326
309
312
311
308
312
311
311
306
307
325
304
299
295
304
301
295
310
320
325
321
309
309
306
322
315
306
300
310
299
302
301
313
304
293
301
295
307
301
300
305
317
316
298
295
305
305
307
313
313
309
306
303
309
314
318
315
298
294
298
290
302
308
324
329
318
300
305
310
303
298
297
311
310
316
308
313
319
323
321
319
311
315
319
314
317
309
307
305
297
312
307
321
313
309
312
298
305
303
297
296
290
293
293
294
292
298
300
295
300
305
310
308
309
316
329
331
330
327
326
309
315
307
299
302
304
289
279
276
281
282
292
289
289
299
310
301
293
282
284
288
281
275
283
298
289
287
296
293
284
285
287
299
301
293
299
296
303
297
294
285
291
288
283
287
282
287
276
279
278
275
285
283
276
286
295
291
300
292
285
282
286
281
294
286
292
290
300
298
294
303
291
296
305
290
291
308
306
302
300
309
301
304
298
299
303
311
309
311
305
295
299
297
293
294
298
298
308
304
298
299
294
295
282
281
279
293
285
285
291
283
280
269
277
271
267
260
259
267
268
266
269
281
280
283
285
285
293
279
276
273
278
274
272
265
259
259
256
250
244
260
258
253
259
256
275
270
264
258
247
253
267
264
267
257
251
254
249
262
256
253
253
249
252
245
249
242
243
243
238
247
242
248
249
247
260
253
263
263
252
246
246
254
248
257
260
262
260
243
249
241
244
246
247
254
253
256
259
267
267
270
276
281
274
261
240
249
251
242
246
247
250
253
246
248
268
260
252
262
260
260
262
270
275
271
272
274
268
272
272
266
270
267
268
278
262
262
266
262
269
274
276
270
274
273
261
275
275
279
277
266
276
281
274
265
265
261
274
263
254
256
276
288
286
284
279
274
275
279
281
271
283
298
286
296
297
299
292
290
287
290
295
287
283
285
277
293
282
282
268
263
275
273
279
283
282
290
287
263
264
255
269
269
269
265
259
262
271
255
252
263
268
272
270
264
265
257
258
246
246
257
262
257
260
258
270
270
270
274
266
257
257
254
260
276
253
252
256
256
243
254
247
253
258
256
255
266
266
278
279
277
264
273
276
269
274
275
263
256
267
260
249
247
240
244
241
246
246
250
249
242
244
249
262
263
256
259
261
269
260
265
265
253
248
255
255
265
251
261
247
254
260
248
243
250
260
252
250
251
240
244
246
244
254
248
248
251
246
243
250
256
262
252
247
256
254
267
257
259
256
262
262
269
275
274
262
269
259
260
248
257
264
263
271
274
275
261
250
258
253
259
258
254
251
254
254
255
268
256
252
258
261
257
249
253
250
256
255
245
247
246
247
251
255
255
265
261
255
253
249
248
245
245
258
262
260
255
261
251
244
244
243
252
257
261
263
257
260
250
245
242
243
248
253
253
255
249
248
245
242
246
253
246
240
235
234
239
249
253
242
251
251
246
247
250
248
243
239
243
251
242
245
240
248
241
237
239
230
245
250
250
254
255
244
240
236
236
236
250
248
252
249
243
253
243
243
247
250
248
243
255
256
251
266
272
266
269
255
262
258
249
251
256
252
251
255
262
257
267
260
257
256
258
245
248
235
244
245
255
250
249
245
251
252
253
256
246
239
237
227
229
228
225
218
225
228
233
244
235
234
248
241
235
234
230
243
235
231
237
232
237
228
221
224
226
227
218
218
207
205
209
208
207
208
212
213
217
211
208
215
209
208
219
227
235
237
232
224
223
223
233
238
241
238
235
236
227
238
236
235
232
237
238
235
225
229
215
215
213
213
210
206
219
211
211
222
226
216
208
211
219
207
215
228
211
213
212
215
209
207
210
216
220
218
217
219
218
224
220
225
224
222
216
224
229
219
218
225
223
214
217
220
223
224
215
227
217
223
221
220
229
220
217
225
222
225
226
219
216
218
214
210
223
220
219
213
211
218
213
211
217
210
207
208
220
215
221
214
209
206
199
202
210
204
211
199
200
210
202
195
197
198
195
195
202
188
197
195
203
185
177
197
201
200
190
186
176
171
177
173
181
190
185
169
176
171
164
172
172
173
178
178
179
178
183
168
174
175
172
178
176
174
179
178
175
179
182
190
190
186
191
186
189
196
187
182
184
198
193
189
182
176
182
181
176
184
182
186
193
187
180
180
181
184
176
185
184
190
186
185
183
175
174
170
160
164
165
157
160
167
175
182
178
170
175
176
191
180
191
182
185
194
188
182
188
185
183
190
194
199
190
195
197
193
188
188
189
177
170
168
177
176
177
186
183
179
188
186
191
187
191
191
193
187
190
184
180
182
180
179
180
183
182
183
177
185
190
188
178
186
180
179
181
187
186
184
185
179
187
178
185
191
192
190
191
186
187
188
191
191
188
183
189
183
183
191
183
187
191
184
176
171
183
188
190
182
182
182
177
181
178
186
184
189
179
185
182
183
190
190
195
194
197
192
191
181
182
187
182
178
181
182
172
175
180
177
187
186
182
182
181
179
188
189
192
192
189
180
184
186
186
184
180
187
182
185
181
186
179
173
175
176
173
183
176
187
191
195
186
189
176
179
190
182
170
169
164
165
162
167
171
167
177
173
189
184
182
180
183
172
175
174
175
181
171
169
169
167
174
175
175
170
165
170
168
172
173
184
179
180
181
172
178
173
169
167
170
168
163
166
170
173
176
174
181
187
189
184
203
209
198
199
201
195
194
196
183
180
184
177
177
183
174
177
173
187
185
175
188
174
178
180
175
183
177
186
186
189
184
177
170
166
165
169
172
171
175
172
170
180
173
166
163
161
162
158
156
163
160
164
167
171
174
172
167
175
179
185
179
177
180
179
176
172
173
185
181
178
180
182
184
177
177
175
187
187
181
179
175
173
170
165
171
176
174
176
176
173
180
173
170
171
172
183
185
192
199
187
184
184
187
182
189
191
180
184
182
179
176
186
183
178
178
181
185
185
179
183
185
186
179
184
176
185
185
186
183
170
173
172
172
172
176
183
175
176
173
178
164
170
175
168
161
161
167
158
167
163
161
160
162
161
165
164
162
166
152
160
166
176
175
171
180
187
193
185
186
189
185
190
193
188
180
182
181
186
179
185
182
182
185
179
185
172
172
177
182
174
174
169
164
159
161
166
160
164
161
165
167
171
173
169
158
161
165
162
160
156
156
163
164
165
170
165
175
167
177
169
172
171
172
173
178
176
170
164
168
170
175
175
169
167
179
173
167
167
176
172
175
171
170
172
169
172
174
172
179
175
182
191
189
177
177
175
175
177
173
182
177
181
179
163
169
171
171
166
176
181
181
184
185
178
180
176
183
179
180
182
167
163
164
167
162
160
167
174
176
177
169
170
168
174
177
176
169
180
185
190
179
182
184
181
176
166
160
163
169
176
175
168
173
169
174
181
181
174
185
183
179
179
178
180
179
184
176
177
173
168
161
170
181
168
176
184
185
181
182
180
188
189
183
179
181
177
169
169
183
179
174
169
168
178
176
177
179
182
181
190
184
187
183
180
164
159
164
169
167
157
158
160
162
162
160
158
164
166
174
169
161
161
162
165
170
165
164
164
177
179
178
188
191
178
185
182
177
184
182
179
176
178
176
182
185
176
179
173
174
190
185
197
192
186
182
182
193
176
174
185
177
182
181
176
183
184
182
175
176
170
165
167
173
181
180
177
181
178
176
176
174
168
168
166
167
174
168
165
168
173
175
178
184
176
173
187
184
187
185
185
184
181
175
174
173
171
168
170
163
166
172
173
183
179
178
173
170
178
180
186
179
176
187
179
171
168
166
170
179
175
172
177
181
187
193
196
182
188
185
175
176
170
170
163
164
163
165
161
162
170
167
168
170
169
176
185
185
186
177
183
187
179
181
172
174
173
182
180
184
184
179
181
174
181
188
183
180
187
186
193
193
194
197
193
194
195
187
185
185
180
186
183
185
179
190
186
181
185
190
177
176
170
164
158
166
160
171
179
182
180
175
176
167
173
173
169
175
179
176
165
161
165
160
155
151
160
161
172
151
150
152
153
157
160
156
157
162
162
158
156
153
150
155
156
161
160
163
165
164
171
174
171
168
155
163
170
170
164
173
176
166
177
173
170
170
178
173
161
169
166
161
157
157
163
160
167
169
173
171
170
174
164
157
168
168
179
181
186
184
179
168
172
166
166
166
169
165
161
160
158
156
158
156
161
155
164
164
166
163
160
155
150
157
160
165
166
167
165
169
162
160
153
146
137
137
139
134
132
138
138
148
142
143
148
147
147
154
147
153
141
149
145
151
154
162
158
160
159
158
156
149
151
145
151
149
153
157
150
160
162
165
170
166
155
154
159
162
155
154
157
159
168
169
171
172
163
163
164
172
161
172
169
166
162
154
164
159
163
152
155
154
157
159
167
160
154
153
153
154
158
145
154
147
155
149
149
139
144
149
153
154
150
155
152
147
146
153
160
162
159
163
158
151
156
158
158
156
154
164
165
160
154
160
154
152
149
158
160
163
161
160
154
161
161
148
155
159
162
164
158
164
166
160
161
165
163
177
169
172
165
165
165
166
169
173
170
168
162
161
165
166
169
166
172
170
163
159
158
141
144
151
155
150
154
160
164
155
149
150
154
147
143
151
147
138
144
149
154
151
152
152
153
157
148
143
150
153
162
158
155
155
158
145
144
148
143
139
137
131
146
137
141
144
142
139
135
146
154
150
148
145
148
153
148
143
147
154
153
156
151
158
157
152
153
154
160
155
157
153
152
158
158
153
146
152
153
145
151
152
146
156
155
152
151
154
150
147
148
150
159
139
144
142
146
147
149
156
148
139
149
150
137
139
139
144
146
142
139
133
141
141
143
145
152
142
147
145
141
139
140
136
137
151
152
156
159
156
155
158
168
164
165
161
164
172
173
160
163
168
164
162
173
167
168
166
167
165
170
169
171
156
155
152
147
147
151
144
150
151
153
157
152
154
161
154
157
165
165
162
154
150
156
154
154
149
155
153
154
148
147
147
146
150
151
150
154
140
145
140
136
136
133
134
134
141
147
143
143
144
141
139
136
141
148
148
143
142
144
137
146
138
137
148
133
142
134
129
128
130
128
135
137
153
145
148
150
158
157
160
155
168
157
157
152
159
153
156
158
158
157
155
160
156
154
147
157
156
155
149
155
146
152
148
143
143
135
137
135
142
140
148
158
152
152
161
154
144
157
162
157
146
156
155
158
159
151
153
151
154
151
143
152
152
154
154
157
160
163
170
167
159
160
154
155
149
148
154
152
148
150
152
159
161
160
163
157
164
161
163
154
152
142
151
144
155
158
162
150
156
151
156
159
157
158
160
158
155
161
165
163
158
155
147
138
130
134
134
129
128
121
130
133
125
136
138
135
139
137
141
145
139
152
149
149
141
145
147
144
146
141
143
141
145
148
146
139
137
138
139
137
141
138
140
131
125
116
118
121
123
115
117
115
125
120
114
111
112
111
112
118
117
119
116
119
110
113
113
118
125
123
119
121
115
116
118
122
118
115
120
116
117
122
119
120
121
118
117
119
122
121
124
120
124
121
123
119
123
123
123
114
124
118
116
113
111
119
113
122
116
113
112
113
108
114
110
108
111
108
113
117
111
118
109
108
119
120
112
114
122
121
124
118
120
113
111
113
115
108
113
102
110
107
117
124
125
130
123
124
126
125
135
137
124
124
127
130
125
125
125
127
125
123
113
115
121
117
105
111
103
110
118
115
115
115
115
108
100
116
119
111
102
106
99
101
97
100
104
110
111
119
124
119
120
122
121
119
114
115
115
115
114
119
118
124
119
131
132
126
128
127
123
111
116
111
110
109
106
108
121
122
113
120
115
121
117
117
108
105
107
109
112
112
114
116
118
121
113
114
114
118
119
125
120
123
127
125
119
122
107
111
109
106
108
110
108
107
111
114
101
102
106
116
110
112
110
117
116
119
120
117
121
117
114
118
119
113
115
114
110
113
112
113
120
123
122
123
125
122
128
125
131
127
129
129
127
120
116
114
115
114
113
118
113
120
112
118
121
127
123
130
127
126
126
128
121
118
117
121
115
114
120
134
130
127
129
129
127
129
122
112
118
121
122
124
119
126
127
119
121
119
116
121
116
122
124
119
114
118
122
120
132
124
118
119
115
120
118
124
123
118
119
122
119
117
115
115
112
112
107
102
107
108
106
107
111
105
119
117
110
113
108
109
108
110
110
100
108
101
107
108
115
113
115
112
112
106
114
111
113
103
103
103
103
99
106
100
103
106
112
115
115
118
120
114
115
114
127
130
129
122
124
124
118
120
130
136
133
131
125
123
120
133
129
126
127
123
132
135
133
126
125
124
124
124
123
118
117
115
114
110
105
100
103
110
107
105
101
102
106
101
102
103
106
105
99
95
99
102
118
113
112
108
112
112
110
104
101
108
109
100
102
104
108
110
110
114
110
107
103
105
99
103
102
97
87
87
95
88
91
92
90
100
99
110
104
104
102
102
101
99
99
96
89
91
99
100
102
96
96
94
92
100
103
97
99
100
98
104
114
111
112
116
108
106
98
98
88
99
94
98
100
91
91
93
90
95
93
93
101
97
104
99
100
99
93
87
90
94
94
95
90
84
93
94
99
93
88
99
94
90
93
98
92
94
83
89
90
89
80
75
78
81
80
82
78
79
80
83
78
84
83
88
88
86
92
88
84
85
88
83
83
91
79
80
79
87
89
89
89
101
102
100
93
93
96
89
85
87
93
93
92
89
96
83
86
90
92
89
86
86
91
95
93
96
99
97
100
90
93
95
97
96
97
96
100
106
101
102
95
96
95
93
92
92
93
100
96
94
97
92
97
89
87
91
93
93
94
98
98
99
98
100
97
100
98
96
100
104
104
108
101
104
109
110
111
118
118
115
119
118
117
112
110
111
107
107
105
102
100
107
100
99
97
94
98
99
97
98
99
100
100
98
99
105
104
100
97
95
95
104
101
99
101
99
100
97
99
100
104
104
97
101
96
104
94
95
97
98
98
93
95
104
105
99
94
94
94
99
100
103
98
93
100
97
97
95
93
90
93
96
97
95
89
92
102
105
109
114
108
109
110
111
111
105
105
105
104
101
91
98
96
96
91
93
97
98
102
95
99
99
97
97
98
96
99
106
103
109
105
105
110
102
109
106
108
102
106
105
105
102
97
96
100
104
95
96
92
95
100
96
92
96
94
92
97
97
109
111
107
109
105
105
109
110
107
106
109
111
110
109
103
102
99
103
102
98
94
97
97
92
99
92
90
98
99
97
97
103
94
94
95
96
91
92
90
89
97
93
95
91
91
93
94
90
96
96
105
101
105
107
105
102
104
100
106
98
98
96
97
96
99
98
102
100
104
99
95
95
92
88
92
90
91
104
102
93
98
98
98
105
100
98
98
93
100
100
99
98
101
101
100
101
102
105
102
97
98
103
102
99
97
97
102
96
93
93
90
92
99
92
89
92
95
90
97
105
106
106
103
99
101
98
94
102
105
102
105
109
109
110
103
102
97
93
95
89
95
101
96
92
93
89
94
94
95
101
96
93
92
96
90
96
90
93
92
98
103
106
94
93
95
96
95
89
102
101
94
99
102
99
108
105
100
97
100
100
97
97
92
89
92
85
86
86
87
88
93
99
88
99
91
93
93
91
103
93
90
90
93
95
90
89
96
100
97
91
94
99
93
95
95
92
99
105
100
105
107
104
98
106
97
106
111
108
108
104
108
104
95
101
98
104
96
104
103
97
97
93
98
102
101
103
97
101
101
101
102
103
105
101
104
103
105
101
102
100
99
98
101
91
89
91
91
83
86
88
87
83
89
91
91
90
99
99
95
97
100
96
97
99
98
98
99
95
98
91
96
97
101
100
98
95
97
91
91
87
96
98
95
95
94
92
92
93
90
87
89
91
90
84
87
91
89
86
85
81
85
82
77
84
77
79
86
82
86
84
86
84
80
86
91
85
78
88
94
92
89
91
90
92
93
91
96
90
89
88
86
89
85
85
84
81
74
78
82
82
81
87
87
94
89
85
90
95
96
97
97
96
95
95
88
96
91
89
92
98
98
109
104
98
100
101
101
105
104
110
111
110
119
112
117
116
119
113
109
110
110
105
103
110
104
103
98
99
96
99
96
98
103
95
100
90
94
97
100
105
101
102
97
98
102
99
104
100
102
100
103
106
103
108
99
94
95
91
94
99
102
96
100
99
101
94
94
95
96
96
96
90
91
94
92
93
91
93
91
93
96
96
95
88
94
93
91
92
92
92
90
96
87
85
80
80
81
81
85
88
83
88
88
86
80
83
82
82
86
84
86
84
84
84
87
87
91
93
96
95
87
83
83
80
80
80
83
85
88
92
92
98
100
98
99
99
103
98
93
91
93
93
100
100
106
105
104
101
107
102
104
107
106
106
107
103
95
101
98
98
96
103
99
103
104
103
103
101
99
100
98
100
104
98
98
95
88
100
101
104
109
100
101
102
104
100
103
93
94
99
102
100
104
105
105
107
108
105
103
102
95
97
95
90
94
93
94
96
96
98
96
97
98
102
100
104
106
102
102
108
103
103
102
105
103
102
101
103
103
101
100
109
108
116
119
117
105
100
96
95
96
87
92
86
93
98
89
89
93
96
87
85
83
91
96
97
98
103
104
100
104
99
102
94
100
108
104
108
103
103
109
107
111
107
111
106
104
103
101
101
105
113
114
118
114
118
119
118
119
113
113
108
107
108
109
108
108
107
103
112
114
114
110
108
110
104
103
102
102
100
104
107
104
101
104
101
109
109
102
107
108
108
111
111
104
106
106
111
111
109
107
109
107
105
102
99
99
94
105
106
107
106
103
103
109
104
105
106
105
104
106
101
104
105
102
103
106
108
104
103
100
99
99
98
97
105
112
107
97
103
105
101
95
97
92
93
90
88
95
99
92
90
100
102
112
113
108
111
107
102
102
104
97
107
102
100
93
101
104
101
106
100
100
101
102
104
104
100
94
102
106
95
91
93
89
84
90
89
90
88
86
85
85
88
91
90
86
87
91
87
89
90
90
92
87
89
91
96
100
94
97
94
101
109
104
108
106
107
107
107
105
108
106
109
105
110
107
103
102
102
98
102
107
102
104
106
110
106
108
104
109
105
101
99
93
93
90
90
94
97
90
90
100
100
97
95
95
88
91
95
90
95
96
99
93
93
91
97
91
91
91
96
96
99
96
97
89
93
96
97
92
91
93
93
86
88
91
83
86
83
82
78
85
84
91
97
92
97
101
100
102
98
104
99
98
102
106
101
102
96
98
101
102
101
102
103
102
101
105
106
111
110
105
104
102
105
100
103
97
94
101
97
110
110
110
106
109
109
105
103
101
98
99
103
100
102
107
101
99
95
95
92
92
103
98
103
101
104
100
102
106
99
101
105
100
107
103
101
108
93
104
102
104
99
94
98
95
89
94
95
91
89
91
84
90
84
91
90
92
93
90
83
89
92
87
84
88
89
89
88
87
79
84
79
76
79
76
77
82
85
86
84
93
93
91
85
95
97
86
87
94
96
98
91
92
96
89
101
89
92
92
89
89
89
87
92
91
94
95
93
102
100
104
102
99
97
102
104
111
106
105
98
99
92
92
95
92
91
88
91
90
94
95
95
101
98
101
110
105
110
111
113
111
113
109
105
103
108
106
109
107
104
96
102
101
103
102
97
98
106
109
106
102
111
114
107
103
101
110
112
114
114
118
110
109
116
117
119
113
113
117
114
112
109
117
117
116
112
107
102
104
106
105
107
110
100
104
102
101
105
111
109
108
103
108
105
103
103
99
108
99
102
103
109
110
105
108
107
108
106
102
98
99
109
107
107
105
99
98
101
104
104
98
99
100
96
99
97
100
90
90
85
85
78
82
80
79
80
85
85
88
87
82
96
91
89
84
91
92
93
98
97
105
109
104
101
99
100
98
102
104
97
102
107
103
102
102
96
101
109
103
100
101
105
97
99
101
105
104
101
97
96
91
93
90
90
89
91
91
93
97
101
97
94
95
103
94
85
92
92
89
94
94
104
106
105
109
109
109
115
110
100
95
97
100
105
101
106
109
109
108
100
102
105
107
109
107
97
100
104
103
98
97
96
93
90
85
85
87
86
84
79
80
88
91
99
93
101
96
96
94
95
95
92
95
97
97
93
93
93
97
91
94
100
95
100
99
94
99
104
100
95
104
102
104
102
100
90
91
87
87
87
97
99
101
100
101
100
100
103
101
101
103
102
103
109
102
104
98
98
96
100
101
101
95
92
89
92
84
85
92
95
96
95
90
89
89
84
88
87
87
89
86
87
94
110
108
104
106
102
103
99
100
103
99
98
106
109
107
105
108
108
106
100
103
106
109
111
116
112
107
104
111
109
104
96
94
97
99
99
99
94
101
97
92
94
98
94
93
96
100
105
99
95
99
96
96
97
86
85
83
86
87
85
88
83
79
79
86
87
88
82
86
81
84
85
87
88
92
92
93
88
93
99
97
94
92
87
86
85
89
90
86
78
68
74
79
77
83
77
81
77
80
79
80
80
85
84
87
86
83
83
83
79
81
81
83
86
83
84
79
77
77
77
83
84
86
89
84
89
83
84
82
81
75
86
85
84
83
82
77
80
79
76
79
75
72
75
77
71
74
70
72
72
82
85
80
83
84
82
78
85
81
84
78
78
74
76
75
72
74
80
78
72
73
67
66
69
73
68
72
73
75
71
75
75
72
72
68
65
70
72
75
68
66
72
74
76
73
73
72
75
78
80
78
71
75
69
72
68
70
66
66
69
73
70
70
71
73
75
77
78
77
76
76
74
83
87
90
84
76
74
80
84
81
78
84
78
77
88
80
75
72
78
80
77
80
69
72
73
72
77
81
73
79
80
81
84
83
81
84
85
82
80
74
79
74
79
73
69
69
74
77
77
77
66
78
79
76
82
79
82
85
85
85
87
85
87
83
86
84
84
82
84
81
82
79
72
81
74
81
79
84
78
83
88
85
83
79
81
77
82
84
85
79
85
80
82
87
82
80
82
78
74
76
78
77
78
80
79
67
71
70
73
69
77
68
73
69
66
71
63
66
73
76
77
78
84
81
82
81
78
83
73
76
81
83
83
79
88
84
84
84
83
87
84
79
85
89
89
89
90
91
89
82
81
80
85
90
85
84
90
88
85
83
84
84
77
81
84
85
81
77
80
78
77
76
80
80
87
84
82
82
82
86
82
80
74
75
78
78
77
74
78
78
83
83
87
85
83
83
82
73
78
80
86
86
83
83
85
85
82
84
86
84
82
87
87
80
79
78
81
75
73
66
70
75
75
71
72
72
73
76
81
81
86
84
84
86
87
93
88
93
92
85
87
90
83
80
85
82
84
82
90
87
86
81
85
85
84
84
80
76
78
70
71
74
71
74
79
79
82
77
81
86
83
80
84
81
82
79
75
76
81
76
78
79
87
84
83
84
79
79
81
79
68
77
77
77
85
90
88
86
88
84
88
88
86
78
76
77
79
82
80
80
78
81
82
84
84
81
83
85
86
84
78
75
76
77
79
79
79
83
81
82
82
79
84
81
80
79
81
77
88
82
81
85
84
86
86
85
79
80
76
79
75
72
64
65
73
70
72
73
74
78
77
79
82
84
91
85
85
79
78
80
78
85
89
84
87
91
88
90
89
90
86
86
84
82
87
89
87
89
90
92
83
87
90
88
85
91
89
86
82
85
84
88
86
86
81
86
89
91
85
83
86
89
83
83
77
71
76
74
66
63
67
68
72
70
73
76
76
80
79
82
84
85
83
79
80
79
80
82
79
82
79
81
83
77
76
79
76
77
82
80
75
79
82
77
81
85
77
78
77
81
79
72
75
73
71
73
74
77
79
86
84
80
76
75
75
70
74
69
75
77
79
78
81
86
84
85
79
82
82
79
77
77
81
77
84
79
86
91
95
92
92
93
99
89
90
89
89
85
88
91
95
91
92
93
92
96
91
94
94
89
92
87
82
83
84
80
80
75
75
76
75
78
77
74
77
81
80
81
78
82
81
79
82
77
76
76
70
75
70
67
72
71
67
60
61
64
71
65
67
64
69
71
66
66
68
68
69
73
70
66
67
66
70
75
74
75
73
71
74
65
74
69
70
74
76
77
76
80
75
74
77
73
74
74
82
77
76
76
76
76
77
73
74
67
70
72
73
75
79
85
90
84
84
82
81
80
78
79
74
75
79
74
77
77
78
76
72
72
76
77
70
72
71
76
73
73
80
78
75
72
74
80
88
81
76
76
83
83
75
75
77
79
78
70
71
77
76
73
72
68
65
72
76
78
81
78
79
77
79
80
81
82
90
95
95
89
90
87
86
86
82
75
78
79
80
83
81
80
83
79
78
78
81
80
81
83
76
76
80
70
74
70
75
77
73
71
73
77
77
81
80
83
79
79
73
73
70
69
72
76
74
73
74
71
80
80
82
78
80
77
81
83
81
81
82
81
80
81
83
82
91
89
82
83
76
77
78
77
82
83
83
77
81
84
84
87
87
89
91
91
87
89
82
78
82
80
80
87
80
84
86
86
88
89
84
84
85
88
85
84
81
82
86
84
86
81
80
78
77
77
77
81
80
78
84
84
85
83
78
83
79
81
86
76
71
72
70
72
71
74
70
68
74
74
70
76
77
79
79
79
84
89
83
85
86
86
92
91
89
89
86
87
88
89
90
87
89
90
91
87
92
91
92
91
92
88
89
86
87
82
78
79
74
74
70
68
69
67
69
62
76
78
71
78
83
72
70
77
76
82
80
79
81
70
68
66
67
71
75
74
67
72
69
68
71
74
71
71
77
78
90
87
85
85
81
76
85
83
78
74
84
83
80
84
79
84
78
74
71
66
74
77
75
74
77
78
76
75
77
73
71
74
75
72
73
74
73
81
75
77
75
71
75
70
72
75
73
72
76
76
74
68
68
70
72
79
78
79
77
75
80
77
80
81
81
79
80
75
70
75
80
73
74
77
74
73
79
80
80
80
80
84
75
79
76
85
84
82
84
85
88
87
86
80
83
84
86
79
80
83
85
81
79
81
78
80
80
83
84
83
79
91
83
82
86
85
78
80
79
84
76
78
72
75
72
69
78
73
79
80
78
83
78
86
75
82
80
80
79
79
84
78
80
79
77
79
79
78
78
78
79
83
83
79
84
85
84
84
79
82
83
87
88
82
78
79
79
71
67
69
74
77
81
77
71
75
73
69
73
72
74
71
73
77
79
79
77
77
77
74
70
74
75
72
78
75
74
76
81
89
86
80
87
87
80
82
81
76
69
70
67
69
67
70
66
64
64
63
66
67
70
73
73
68
67
70
70
67
67
70
67
70
65
67
70
71
69
71
71
65
67
67
64
69
61
64
63
66
68
69
67
70
69
67
64
64
69
71
72
70
79
80
81
81
82
83
76
75
74
78
79
79
71
66
66
72
71
79
74
77
71
76
77
78
76
80
75
69
65
74
77
72
82
84
83
88
85
87
86
89
92
88
85
83
74
76
84
77
86
79
77
79
71
69
69
69
66
69
69
71
67
70
68
71
77
75
77
74
76
77
78
82
80
82
77
79
79
80
81
79
79
77
75
79
81
82
79
74
69
65
70
77
77
79
76
79
80
82
79
77
75
78
79
79
78
82
83
84
80
83
84
80
85
86
84
87
94
91
97
97
91
90
93
85
79
84
84
85
79
87
78
83
81
78
84
80
75
83
85
82
81
79
84
88
85
84
84
78
77
74
77
83
80
81
77
78
76
79
76
83
89
88
86
83
85
87
88
81
87
83
83
84
84
84
83
74
83
86
84
85
76
79
81
77
74
76
80
76
78
75
73
78
74
74
78
78
75
74
77
75
74
71
70
71
69
71
76
71
76
76
76
72
77
74
72
77
85
78
82
79
71
75
71
74
77
85
86
84
82
77
82
88
81
73
78
82
85
83
84
87
90
85
83
82
86
76
80
80
86
79
78
76
74
73
71
76
73
73
73
76
77
80
80
80
81
81
85
85
83
88
77
77
75
73
73
71
73
74
75
73
76
74
76
77
79
75
79
82
84
79
78
87
91
88
95
88
86
82
87
91
84
81
77
84
87
85
82
84
85
89
81
80
74
72
74
68
71
68
71
72
77
78
75
73
81
76
71
76
79
75
75
76
83
86
82
84
85
86
82
82
83
80
82
83
83
92
93
93
95
92
89
89
84
85
83
82
84
80
83
83
76
82
79
80
83
83
82
80
80
79
81
82
76
72
79
85
84
79
84
84
83
85
81
87
87
85
88
90
84
87
83
79
85
86
88
87
86
90
86
83
81
82
80
81
78
74
80
80
75
72
67
67
70
71
68
70
67
69
70
65
63
68
69
76
79
73
71
70
70
74
83
80
75
72
70
72
73
75
81
77
74
84
88
85
86
84
85
84
82
78
76
85
80
85
79
81
75
80
82
75
73
73
79
76
78
83
80
74
77
80
79
81
81
83
78
80
76
82
78
84
88
89
92
88
91
92
85
80
79
80
81
81
76
74
77
85
88
88
84
81
77
72
78
76
80
77
77
78
75
81
91
88
85
83
90
87
93
93
93
95
93
93
92
90
90
87
90
86
90
88
83
86
78
80
78
73
74
72
77
78
75
79
83
77
84
83
85
85
84
82
81
82
84
89
88
86
90
89
93
92
88
91
91
93
84
91
91
88
89
86
88
82
80
83
75
75
77
75
72
71
76
77
76
71
71
70
67
67
73
78
76
77
82
77
77
70
73
74
75
74
74
72
72
73
73
73
70
73
67
67
66
66
67
69
72
74
77
75
75
74
77
71
75
72
71
60
61
61
67
64
60
63
58
59
57
57
62
68
61
68
60
58
59
63
58
57
65
62
62
61
64
71
73
75
75
75
70
75
78
73
72
75
73
71
74
76
75
74
73
73
67
66
70
76
72
69
73
78
73
73
79
77
76
78
80
79
77
78
76
78
78
79
76
75
77
83
83
80
76
75
77
78
78
78
77
73
75
75
80
81
89
86
88
85
88
84
91
91
87
87
86
80
80
77
77
71
77
78
84
77
82
82
83
83
78
82
75
75
78
83
77
70
74
75
73
70
76
76
79
82
80
86
89
87
87
77
72
78
81
86
83
79
79
79
83
83
81
84
85
89
85
84
85
76
82
87
87
92
88
88
89
80
82
82
80
83
80
78
75
83
78
77
78
79
79
83
74
83
79
68
82
79
85
79
85
78
74
70
82
81
78
71
71
69
64
69
67
64
69
82
78
85
80
83
73
72
74
67
70
76
78
81
81
84
79
74
71
75
85
85
82
85
81
86
79
81
80
75
70
77
75
82
79
79
83
78
75
81
81
84
80
87
83
83
78
80
80
79
85
80
76
82
82
79
71
75
72
80
78
83
82
80
82
87
94
86
89
81
86
86
89
83
85
86
84
84
84
79
77
76
72
73
73
71
77
80
82
77
80
80
79
78
81
78
82
80
80
77
80
82
85
76
81
77
71
74
77
77
77
75
77
79
84
88
81
77
83
85
89
84
82
83
84
89
87
77
77
82
73
73
77
78
70
68
71
76
76
84
83
82
81
79
76
80
78
79
77
77
76
77
74
75
75
70
65
73
74
75
74
74
76
72
75
73
74
75
76
77
76
76
82
79
83
82
84
88
81
75
73
78
74
79
74
74
76
71
77
72
72
67
67
64
74
72
66
70
69
72
71
70
68
74
72
71
70
70
71
73
66
66
61
69
64
64
69
71
74
75
77
77
75
73
82
74
82
77
69
81
83
86
89
85
82
78
77
81
87
85
87
86
89
89
87
83
81
87
87
84
76
84
84
80
79
77
73
78
73
76
73
71
76
73
73
75
79
77
78
81
77
79
79
78
72
72
72
72
69
74
75
77
71
78
76
85
80
75
70
71
70
72
79
78
81
78
74
80
77
78
72
71
71
75
76
75
72
81
79
74
80
73
69
76
78
77
83
82
85
83
79
86
81
83
75
81
75
75
78
88
92
88
90
84
85
82
85
85
84
85
86
81
77
84
75
88
86
88
86
85
77
80
81
84
80
85
81
86
89
84
82
82
77
76
83
86
86
85
90
87
82
88
78
79
76
76
84
83
82
82
80
76
80
73
74
73
70
64
71
70
76
69
70
70
66
69
62
66
67
67
68
67
74
76
80
74
71
68
68
74
68
64
64
60
61
65
58
59
60
60
61
59
66
66
62
61
66
65
61
64
59
65
58
62
65
58
65
55
51
51
51
54
54
54
54
50
56
50
54
55
55
55
56
56
61
58
58
61
60
59
61
61
64
62
64
59
61
56
58
56
56
59
62
59
66
61
59
68
67
60
66
63
65
63
64
62
61
56
59
60
68
68
67
58
60
59
60
58
58
57
60
59
55
59
59
63
63
64
63
58
59
59
59
63
61
62
60
69
66
64
67
66
67
70
68
71
65
66
68
69
66
62
71
71
66
68
67
61
66
62
54
53
57
59
58
58
59
62
62
63
59
64
66
68
65
62
62
67
64
68
59
60
60
61
56
56
54
56
59
61
62
63
62
64
59
57
60
56
54
57
54
53
57
51
54
57
53
54
50
58
53
56
60
64
65
64
63
62
60
60
58
69
65
62
64
65
57
68
62
64
62
66
66
60
62
62
62
63
63
66
65
56
61
62
63
64
62
64
63
61
58
61
57
61
62
62
60
61
63
62
61
60
62
67
64
65
58
61
61
65
65
58
60
56
59
60
61
55
61
60
60
59
60
57
64
63
60
54
59
62
58
58
55
59
56
62
60
66
60
58
56
52
55
57
56
59
55
57
59
61
60
62
59
56
54
60
63
59
53
58
59
67
59
60
60
56
59
61
61
58
56
58
62
64
58
58
59
56
56
59
63
65
68
71
67
69
64
62
60
60
60
61
63
60
58
60
63
64
61
62
65
64
65
63
55
59
55
55
53
53
58
57
55
64
64
58
55
54
49
50
53
51
50
44
49
50
47
46
55
52
51
47
46
42
46
49
43
46
45
44
44
45
45
45
47
41
43
47
43
38
40
39
41
45
44
55
54
55
54
59
56
56
50
50
50
54
52
49
49
54
54
46
49
49
47
49
49
49
53
47
46
47
44
43
45
41
47
51
48
51
53
48
45
50
49
48
45
50
48
50
50
51
52
50
45
45
44
42
42
40
48
46
43
45
47
48
44
44
46
46
43
43
43
44
45
43
42
38
38
38
32
31
35
36
39
41
40
43
43
41
43
41
47
46
42
42
42
45
42
40
41
42
42
38
41
35
39
42
38
35
37
39
42
37
38
37
43
38
35
37
37
37
33
28
32
34
34
35
36
39
35
39
38
37
38
36
35
33
31
36
33
35
34
38
38
36
35
36
39
40
35
34
38
38
41
45
42
38
38
36
41
45
45
44
43
41
40
44
46
43
42
41
40
42
41
42
41
48
46
47
44
45
40
44
41
40
44
45
42
40
40
44
43
44
43
45
47
48
47
41
39
42
37
41
42
44
43
46
43
44
35
36
35
36
39
39
35
45
40
44
40
39
37
38
37
38
42
42
40
42
40
41
35
36
36
37
36
35
37
33
36
36
38
40
39
43
38
41
34
34
33
34
39
40
37
39
36
36
37
40
42
45
46
50
49
52
49
49
42
40
38
41
40
39
42
42
41
40
37
38
34
35
37
38
41
40
40
37
38
42
44
41
41
43
41
36
36
38
42
46
45
44
40
44
45
43
40
47
47
49
45
43
49
51
47
48
45
46
44
43
42
42
41
41
42
38
39
42
40
36
37
34
34
34
37
37
33
36
34
34
39
38
38
42
48
40
44
44
39
41
36
36
36
33
33
35
39
33
33
36
37
32
34
33
32
37
39
40
38
43
45
43
42
44
41
37
39
38
34
42
37
37
39
37
41
37
37
39
36
40
40
42
39
38
38
40
37
41
46
46
45
41
43
39
42
40
41
35
33
35
42
42
38
38
42
43
38
35
40
39
38
41
40
43
40
39
40
40
40
40
44
47
46
40
41
39
41
38
40
43
39
40
35
38
39
46
45
44
48
49
48
48
45
42
42
38
39
39
37
37
31
41
43
39
38
40
39
39
44
40
38
44
40
40
42
41
42
45
41
46
39
44
44
43
43
45
39
39
37
40
36
34
32
35
40
37
39
33
38
40
41
45
45
40
37
41
44
41
44
39
39
42
41
37
38
36
36
37
38
36
39
39
37
36
36
37
36
41
41
40
40
41
45
48
43
39
39
38
37
35
40
37
39
42
39
40
43
43
45
41
39
40
36
36
41
39
45
40
39
41
40
37
39
39
35
37
38
36
35
37
39
35
36
36
39
42
42
45
46
46
45
46
43
43
45
45
48
53
50
51
48
50
45
41
43
41
39
39
41
40
46
45
44
44
44
46
44
41
44
40
34
36
41
35
38
38
37
42
42
41
42
42
42
42
37
40
42
38
38
42
42
43
46
40
42
43
44
40
45
43
40
44
45
50
44
46
46
48
47
42
41
42
43
46
41
49
46
48
47
47
46
42
42
41
41
44
44
43
44
42
42
43
41
39
46
45
43
42
42
44
44
45
42
47
44
50
42
46
43
43
42
41
39
41
43
48
44
44
47
47
48
49
50
48
53
48
48
42
44
39
41
40
36
38
40
35
36
36
40
38
40
39
40
41
38
42
41
40
41
42
41
41
39
43
40
41
39
41
41
39
41
42
40
40
38
38
36
40
38
36
36
34
34
32
41
47
42
44
44
45
47
46
45
48
47
45
45
42
39
35
36
36
35
34
40
36
45
44
40
39
41
40
41
46
45
42
41
36
39
34
32
33
27
32
31
30
33
37
38
36
40
41
38
40
38
44
44
38
38
38
37
46
44
41
40
41
43
44
43
41
48
48
46
43
48
45
43
42
42
43
45
40
40
39
42
47
47
50
48
46
45
41
41
41
46
43
44
39
41
37
40
39
37
40
36
39
38
38
36
31
34
31
35
30
31
37
40
35
37
40
41
38
39
36
40
35
41
38
40
39
35
36
37
37
34
38
41
37
37
39
35
40
38
38
36
33
34
36
34
43
35
34
37
31
32
32
32
34
34
35
35
34
34
33
33
38
34
36
37
39
44
41
40
39
40
42
39
40
39
42
46
46
44
42
42
43
42
45
46
38
41
41
44
47
45
45
42
47
43
40
38
38
35
38
38
38
37
34
35
35
34
38
37
38
39
43
42
41
43
42
44
44
43
43
43
45
47
47
49
46
45
47
48
46
43
46
42
45
45
46
40
35
37
37
38
36
38
38
38
38
39
35
31
33
35
35
33
36
38
40
35
32
36
34
36
33
35
39
39
43
46
43
41
41
39
40
39
40
36
36
38
42
39
41
43
43
47
47
42
47
43
42
48
51
48
43
43
44
41
38
37
41
39
39
39
38
38
37
36
36
38
39
38
37
40
37
33
37
37
36
38
35
34
37
37
36
36
33
36
35
39
43
41
41
38
37
38
36
40
40
41
38
34
37
38
37
40
33
32
34
33
37
40
34
36
44
40
36
36
37
37
37
35
38
37
35
38
35
41
34
35
35
34
34
38
37
45
45
44
44
42
41
39
34
36
34
38
41
37
37
35
33
33
32
34
36
34
40
37
36
33
34
35
35
35
39
40
40
37
40
37
37
33
39
38
41
40
40
43
36
35
40
42
40
38
39
35
35
40
38
40
40
41
39
41
37
38
40
37
39
40
47
42
39
33
31
33
34
35
33
35
37
37
35
35
37
36
30
25
32
36
41
38
39
45
39
38
38
39
40
37
37
40
41
37
40
41
43
42
40
48
44
47
47
44
42
38
41
41
42
41
42
38
39
38
39
46
48
48
54
50
51
48
42
42
40
46
42
40
40
41
39
41
43
44
43
48
44
39
41
39
44
44
48
48
43
44
39
38
35
38
41
40
37
35
36
36
38
39
37
39
39
37
39
36
41
39
37
36
36
32
34
36
35
40
39
34
37
37
38
40
43
41
37
34
38
38
36
35
37
36
34
39
38
40
34
36
36
38
31
37
33
31
30
33
31
33
34
37
39
40
37
41
38
37
33
36
36
35
32
34
38
40
40
33
34
35
33
39
41
42
37
37
35
35
34
34
34
34
31
34
33
38
39
39
42
39
40
44
46
40
44
44
41
40
41
50
45
48
45
44
44
44
41
40
38
39
36
43
44
42
49
46
45
45
48
45
47
42
41
38
38
32
36
34
36
36
40
40
44
41
40
42
42
43
44
41
36
38
35
32
34
32
32
30
36
36
34
37
39
41
40
39
37
38
38
40
40
41
41
47
43
41
37
38
43
40
41
42
46
39
41
42
45
41
45
41
38
41
39
37
36
35
34
38
35
31
35
35
35
33
40
38
33
37
40
36
30
30
32
30
32
34
25
27
29
26
26
26
25
24
24
26
26
29
31
30
34
33
34
34
33
36
36
32
34
36
39
40
43
38
44
40
40
42
44
43
39
38
34
43
44
45
47
46
46
46
46
40
35
38
38
36
35
35
35
36
33
34
35
41
37
40
35
39
37
39
42
41
45
41
43
44
46
42
40
44
41
43
43
41
47
45
49
45
45
44
45
45
43
45
45
46
43
46
44
40
37
43
42
39
39
37
39
40
38
35
36
32
36
35
36
39
41
41
38
38
37
38
36
41
40
43
41
41
41
39
39
39
39
37
41
35
43
40
41
38
42
38
35
41
44
44
46
41
38
43
39
39
38
42
42
39
42
43
42
44
44
43
41
41
41
40
43
44
45
44
49
46
45
45
47
49
49
44
45
49
52
50
49
45
49
51
52
47
49
45
43
41
40
39
42
40
41
39
39
34
33
40
40
43
38
40
39
39
38
38
41
40
38
38
38
38
37
37
40
39
38
37
37
39
37
38
40
38
41
46
39
42
40
41
40
37
36
39
40
43
40
43
44
42
43
40
40
40
39
44
44
41
40
40
39
38
42
42
42
38
42
44
45
48
51
45
41
44
46
41
42
41
41
43
43
39
39
40
38
41
43
44
45
40
40
35
37
41
39
43
35
36
36
33
35
36
36
33
37
38
44
44
48
47
45
43
40
37
37
36
36
39
39
44
44
38
37
39
37
42
39
39
36
37
38
38
38
40
38
39
42
45
41
39
42
47
47
47
53
48
43
41
39
38
36
37
38
37
40
42
38
