724
726
726
746
750
753
749
728
737
732
727
728
735
741
726
707
721
726
722
713
713
718
716
737
718
711
701
713
724
708
700
705
691
712
716
700
706
713
716
731
735
744
736
736
727
725
718
723
726
716
711
724
718
722
718
690
715
714
714
700
697
701
697
693
699
727
722
713
703
715
713
714
717
713
724
715
729
712
715
724
723
726
716
723
712
705
710
699
709
724
718
716
726
727
744
733
738
729
739
736
734
717
719
703
725
733
734
735
728
712
711
726
725
706
715
723
719
714
721
716
730
719
724
713
675
676
695
676
682
701
690
676
689
709
703
698
692
698
711
733
745
735
733
731
736
726
715
698
707
713
712
710
712
724
694
723
709
703
702
703
706
691
693
701
728
738
722
712
721
704
719
712
720
709
703
708
703
724
718
720
731
756
714
704
722
725
712
715
737
725
728
719
731
713
717
711
700
717
692
696
708
700
706
697
729
737
728
720
732
740
719
704
692
694
697
706
719
710
724
723
733
734
729
736
740
735
735
733
728
730
727
739
720
711
701
705
709
726
732
745
739
740
730
728
728
730
742
743
746
740
734
731
724
731
716
720
721
739
726
704
735
743
725
740
738
715
710
711
701
716
709
709
706
703
724
721
715
713
742
730
720
745
757
746
748
749
751
740
745
742
729
750
749
741
732
727
738
752
721
710
709
714
712
729
720
712
707
699
729
737
734
734
705
724
712
717
703
719
703
717
704
720
725
724
714
713
725
726
723
727
734
726
716
725
706
724
735
733
727
725
724
720
735
729
718
712
719
717
730
719
715
717
741
732
738
726
727
730
745
744
742
740
749
725
739
735
754
757
746
731
730
721
724
717
726
723
714
722
720
720
727
732
739
743
738
718
715
732
734
740
731
755
746
757
764
770
752
737
727
734
739
729
738
752
726
736
734
728
734
738
735
736
737
737
734
723
720
722
715
717
725
716
714
717
725
735
729
722
726
727
725
725
749
719
729
733
736
740
745
730
722
744
741
754
740
745
741
730
743
730
726
740
734
743
747
739
747
738
724
739
732
694
719
714
708
705
701
692
688
691
684
697
689
690
686
697
699
683
702
716
717
715
722
717
712
701
715
719
728
736
726
734
715
727
726
716
717
720
729
727
732
717
703
704
708
723
725
720
714
723
712
699
704
696
692
697
688
680
692
706
698
684
686
675
668
684
688
688
681
683
691
701
693
690
669
677
663
671
673
661
667
665
672
671
669
678
694
687
697
692
703
698
707
702
703
696
697
721
728
704
683
690
693
668
656
671
661
681
696
691
692
697
694
692
698
691
689
683
699
707
712
704
695
679
682
692
694
687
686
692
684
670
680
681
687
687
681
680
662
639
642
665
671
665
688
680
681
674
682
692
688
697
689
709
709
707
705
692
698
688
700
701
725
708
712
700
713
722
719
723
704
710
698
703
715
713
716
719
715
717
739
756
731
728
717
716
699
705
721
729
725
724
716
688
703
708
712
694
701
710
717
702
705
697
687
670
677
679
671
673
670
683
678
695
689
693
694
687
678
675
690
703
708
713
705
708
711
716
737
720
712
707
687
693
679
682
694
694
694
703
692
678
685
679
692
703
701
703
711
718
695
699
713
727
702
703
684
678
690
683
693
700
693
690
681
681
694
695
702
694
695
705
702
696
700
710
720
724
733
709
721
723
720
706
692
721
729
735
728
708
709
709
705
707
694
694
699
705
693
690
680
691
680
669
676
678
680
680
685
681
680
673
676
672
671
672
665
666
672
659
654
636
629
630
651
656
658
666
679
663
672
656
666
670
675
667
677
674
668
662
661
661
651
660
658
663
658
652
656
674
684
677
689
669
675
673
663
683
687
686
678
678
685
688
704
687
675
665
662
679
701
699
708
702
700
688
683
686
693
692
688
674
666
658
666
666
678
666
676
685
677
673
666
659
664
656
668
658
663
674
671
662
655
655
668
681
676
665
655
668
661
668
660
663
670
664
670
674
679
684
683
661
685
670
660
655
654
657
675
690
674
671
684
698
695
689
692
685
680
690
692
696
674
676
679
661
673
676
691
684
682
659
648
668
664
682
679
679
677
661
674
683
669
682
686
682
699
696
683
688
666
658
665
675
675
675
667
670
662
669
659
675
670
653
663
679
688
690
686
667
680
662
665
682
689
721
712
705
699
695
691
683
678
671
672
667
668
651
667
665
665
671
679
657
663
668
663
664
673
670
660
659
657
646
657
679
672
697
666
672
661
650
654
659
670
658
649
640
648
642
609
627
636
652
662
660
661
666
675
672
675
664
666
684
673
691
680
680
684
675
692
707
696
690
676
683
661
671
672
677
676
682
694
690
696
683
675
667
671
677
686
700
698
687
677
654
665
668
655
645
653
668
658
664
653
657
673
668
681
682
665
665
670
670
663
666
646
639
640
644
647
648
635
651
658
657
650
662
678
667
657
663
675
682
682
679
690
694
689
672
682
679
692
683
677
670
685
675
674
669
645
655
653
650
660
658
660
665
671
670
666
662
659
670
670
681
673
685
672
662
658
653
646
655
633
641
648
645
643
637
625
636
639
624
641
630
619
633
644
633
623
619
600
617
611
606
611
620
619
631
632
636
634
637
645
631
634
641
635
643
650
652
648
646
649
648
647
647
647
661
659
664
661
688
706
695
677
692
667
665
657
654
651
633
636
660
659
655
673
678
664
681
667
651
650
643
658
668
643
654
643
635
650
653
655
654
665
638
637
645
632
626
643
655
643
642
640
650
662
668
633
634
639
631
653
653
642
639
645
627
643
640
638
639
636
643
634
634
609
639
632
639
650
656
663
656
678
669
675
650
669
666
669
638
636
641
631
644
637
641
631
641
626
637
632
648
662
642
632
647
651
660
670
671
650
653
667
668
671
674
670
671
681
673
670
687
682
684
710
703
698
686
692
681
674
688
691
691
689
678
680
672
678
679
689
687
693
697
685
683
673
674
674
673
648
638
643
643
649
653
650
666
668
661
651
654
660
656
661
665
686
671
675
671
678
665
687
678
678
664
672
671
665
659
677
678
686
675
664
666
662
684
674
683
664
670
661
669
675
649
662
669
675
683
683
676
667
657
647
639
638
639
650
655
657
673
667
663
651
646
642
629
645
658
671
644
655
660
657
668
657
668
659
664
669
673
667
662
650
653
647
650
644
642
649
676
680
679
662
684
676
653
670
671
672
683
686
692
685
655
658
641
648
642
639
630
637
642
646
646
641
638
659
658
660
666
641
644
654
658
656
646
661
656
637
636
644
646
650
652
660
646
662
650
656
664
657
669
671
675
684
681
675
666
665
657
659
655
649
638
646
640
647
645
640
656
660
675
673
656
648
654
642
652
651
662
659
659
665
664
659
658
663
662
674
671
673
660
679
674
656
666
665
668
675
668
652
655
648
659
660
671
663
648
648
650
645
647
637
627
643
641
645
647
653
643
653
654
659
657
658
666
680
668
662
662
662
674
667
690
686
668
676
673
660
663
650
651
663
664
673
681
688
674
671
659
658
646
646
657
643
632
620
624
642
655
657
658
655
658
660
668
681
676
678
677
657
658
652
629
636
647
645
652
646
644
639
640
643
638
632
636
633
631
630
607
625
628
637
639
631
645
645
650
665
672
664
678
689
680
674
675
673
653
657
667
649
656
659
643
653
663
663
659
643
629
626
654
649
650
650
662
652
647
639
647
664
661
651
642
632
641
647
645
626
616
631
623
608
604
605
600
604
613
622
610
615
632
625
635
632
628
627
627
628
635
633
630
609
642
628
623
625
634
643
646
638
630
646
626
616
611
611
605
602
600
633
619
636
629
619
627
632
628
622
625
621
628
652
655
652
660
662
658
653
662
665
666
664
664
656
647
637
634
645
638
627
625
635
627
641
634
637
648
645
646
640
638
633
649
634
632
640
631
630
640
638
634
629
631
637
637
644
635
641
632
623
642
630
633
637
646
631
641
645
627
624
625
626
633
623
638
645
635
638
645
640
639
634
632
632
633
617
612
622
626
634
626
617
617
611
622
612
623
601
607
619
613
610
623
617
597
614
607
624
625
623
611
614
619
621
631
632
618
630
622
627
633
632
633
626
633
644
636
622
621
626
624
637
641
619
628
623
629
634
625
624
629
641
618
624
631
625
618
629
634
641
639
639
627
604
612
616
610
603
607
605
603
613
612
605
608
614
611
604
621
621
620
629
626
637
633
622
625
629
599
627
631
631
645
648
650
651
648
663
651
640
628
627
630
630
613
619
620
617
609
627
638
618
624
625
624
623
626
611
610
609
589
577
579
579
610
614
612
606
617
625
617
614
607
600
600
587
616
622
630
621
631
616
624
629
629
632
644
634
630
630
622
628
611
618
615
605
606
606
613
627
622
616
625
622
632
632
631
609
615
615
627
639
633
639
637
641
646
637
630
640
640
659
648
645
635
636
615
631
621
627
630
638
633
630
617
611
612
617
618
616
621
605
627
636
634
619
630
634
641
642
642
634
628
632
624
618
611
632
644
647
635
635
624
626
638
629
617
625
620
611
614
607
612
611
600
607
585
586
594
608
616
601
609
606
628
630
643
643
631
621
618
623
621
618
632
615
627
628
624
636
633
630
625
628
635
631
619
621
617
621
632
631
625
628
624
623
623
620
625
615
605
635
627
636
621
634
635
630
605
616
619
620
624
626
634
628
623
635
612
626
612
606
603
605
601
605
626
621
609
612
610
604
623
621
619
618
616
624
626
614
607
621
631
641
635
626
630
616
615
614
619
611
618
620
623
634
633
621
631
636
627
614
624
623
623
621
613
626
623
638
633
644
628
635
623
629
633
638
622
634
625
612
621
622
624
608
591
595
607
609
606
625
605
595
602
614
624
602
621
609
602
606
604
596
603
594
600
609
610
610
636
631
613
614
615
613
621
600
604
615
606
615
613
596
614
612
615
613
612
599
605
591
595
596
598
599
594
608
609
590
601
595
604
597
611
613
612
625
610
613
619
635
633
613
620
615
584
598
607
609
608
602
609
621
620
601
606
606
622
612
595
608
581
590
600
599
604
606
614
610
624
623
615
597
598
598
600
593
609
609
615
607
614
610
630
624
619
629
642
641
639
638
636
624
612
610
607
610
614
608
609
617
624
610
608
617
596
614
620
621
617
607
610
622
624
618
622
626
621
603
610
593
597
601
599
606
616
624
637
627
620
617
616
609
605
601
602
611
606
606
613
620
615
601
622
638
636
631
622
628
629
615
611
605
605
601
616
612
618
625
622
616
617
618
620
624
622
617
627
614
617
618
625
631
625
631
632
615
637
627
629
631
629
619
606
610
604
628
619
629
619
614
607
593
592
587
606
610
622
621
623
619
619
606
617
610
624
620
624
635
644
643
630
621
620
609
608
617
628
626
624
631
632
632
647
661
643
648
657
643
650
659
665
674
663
663
640
632
636
637
623
626
623
616
601
606
605
600
593
589
587
581
572
580
592
583
577
572
577
584
600
607
620
606
605
591
594
598
600
588
589
573
576
597
599
601
612
621
617
625
624
631
612
607
609
591
601
600
580
600
586
590
614
593
595
607
596
590
587
595
580
574
590
598
598
604
600
596
585
593
598
611
614
610
616
608
598
590
588
580
575
576
591
606
597
607
595
606
598
593
583
593
599
598
613
600
603
610
590
601
583
593
597
608
596
618
603
609
610
607
602
605
595
596
597
609
606
584
579
572
571
571
587
581
569
596
575
585
586
588
588
585
586
584
584
578
595
581
603
606
614
610
607
604
602
592
611
610
597
588
587
578
591
586
605
598
600
598
607
591
600
611
603
608
598
578
595
589
594
597
605
608
610
621
623
608
610
622
607
609
610
606
616
617
611
626
619
620
620
626
624
614
610
602
624
613
621
627
615
609
603
606
622
613
616
604
600
598
596
598
612
604
609
604
603
603
606
599
593
588
586
596
599
599
597
599
613
610
614
626
624
619
611
609
619
614
624
621
615
632
641
631
616
620
623
615
627
616
611
603
611
613
616
607
624
612
619
629
620
609
610
608
610
592
605
598
603
609
615
621
618
613
613
627
622
610
619
636
629
624
624
620
602
596
606
592
600
602
602
626
634
625
610
609
623
621
613
607
620
631
633
634
634
642
637
638
623
618
611
614
623
625
608
606
595
590
601
602
608
605
621
609
613
618
619
620
599
602
596
591
612
619
608
595
600
604
604
615
613
608
614
613
614
591
593
609
624
627
623
639
627
624
621
624
602
626
622
617
627
610
617
608
610
629
629
627
645
639
652
648
640
645
646
649
651
645
636
608
623
616
623
626
600
617
615
591
603
591
613
610
606
609
601
600
600
616
630
630
634
622
622
622
627
636
632
633
624
623
619
615
611
602
607
621
604
592
576
597
603
588
598
600
592
594
587
574
585
611
599
617
599
601
607
602
608
600
597
601
598
611
601
605
605
611
626
614
594
592
597
617
599
587
603
626
602
610
612
612
619
623
625
617
607
632
624
626
629
611
619
616
624
632
618
614
594
601
599
596
593
607
622
625
618
620
612
612
606
606
589
592
596
590
596
592
599
599
584
598
588
583
591
591
600
586
590
579
585
573
590
599
604
615
618
608
616
592
615
591
600
601
593
605
606
591
595
603
605
615
605
614
604
593
602
600
618
606
600
626
612
624
612
621
624
635
626
625
626
616
608
592
598
595
581
603
586
592
587
586
594
588
601
606
615
602
601
606
600
603
608
594
598
577
578
575
574
574
604
600
591
592
608
611
609
594
596
593
587
586
605
611
596
592
605
608
618
602
597
594
619
623
607
601
609
605
613
615
600
599
599
612
621
612
603
616
610
603
598
595
607
607
617
608
608
617
618
614
624
626
628
623
631
617
627
623
608
586
589
581
585
577
588
593
601
609
601
614
604
604
603
602
607
606
586
583
595
584
570
564
572
579
603
587
601
591
596
609
608
605
594
594
605
576
573
586
591
573
575
575
577
578
596
592
608
605
612
608
601
601
594
576
567
581
591
592
604
582
589
594
602
604
598
599
619
617
628
630
623
623
625
627
629
610
611
623
601
613
605
602
593
592
604
613
595
597
586
602
599
613
618
614
625
621
618
610
618
616
612
601
617
618
611
616
603
598
593
592
615
617
614
615
613
621
615
619
619
611
595
603
616
623
626
607
621
621
618
614
619
632
628
637
637
637
632
630
615
603
613
620
604
607
615
612
617
610
606
588
603
609
597
609
616
613
609
608
602
610
601
603
596
592
593
595
589
592
584
579
581
568
583
583
601
599
605
600
601
599
609
595
599
587
600
606
597
584
588
592
586
594
593
591
619
625
608
606
610
596
626
610
621
629
618
618
602
602
586
616
614
624
616
606
608
603
630
617
618
625
622
609
626
631
637
634
629
622
616
616
615
613
588
588
607
599
610
600
587
596
596
596
585
587
595
601
595
583
579
577
583
577
584
579
583
586
579
569
568
575
563
564
575
575
579
579
583
585
570
586
594
603
617
611
622
627
628
620
617
619
613
606
621
611
607
603
595
605
596
596
580
578
596
579
583
588
588
597
579
573
583
583
599
589
582
586
590
603
596
608
604
601
604
611
609
611
609
608
609
601
607
596
610
611
603
597
601
616
600
600
590
580
586
586
583
592
596
592
606
601
592
571
582
572
567
567
578
574
564
569
574
547
549
563
573
583
580
578
571
587
588
580
581
585
598
597
608
616
615
626
615
616
605
601
619
610
612
621
606
599
612
597
585
601
615
615
623
615
608
615
611
609
608
613
615
614
614
609
608
599
600
594
565
570
581
580
578
575
584
583
572
568
562
580
576
588
577
593
587
589
585
590
584
570
582
591
589
579
590
600
597
593
574
585
600
592
603
596
589
591
599
604
604
591
592
594
605
601
610
619
619
618
611
620
606
600
591
588
602
589
595
592
585
582
576
579
588
584
579
581
594
588
605
574
578
583
576
585
580
581
580
580
587
594
584
586
580
588
581
586
589
601
606
595
596
602
603
591
608
590
590
600
612
603
614
602
617
605
612
611
624
621
615
620
618
619
613
604
604
599
612
594
613
590
579
581
584
586
604
612
601
611
613
610
613
612
608
603
598
586
598
587
602
596
594
603
619
621
602
603
601
600
591
588
586
584
584
589
603
609
612
611
608
615
614
609
611
610
603
578
593
590
597
604
606
590
592
587
592
601
599
601
600
606
621
620
607
620
606
602
592
596
590
594
579
589
584
584
570
570
571
573
567
569
571
560
564
569
569
553
553
563
579
572
575
570
574
575
589
591
567
570
584
593
589
586
605
600
597
595
587
595
594
608
602
596
587
586
580
574
561
576
594
602
604
585
587
588
586
579
564
561
556
568
574
577
560
580
568
590
592
600
597
604
621
623
614
625
625
608
626
606
597
608
588
600
597
586
600
602
611
611
605
617
603
602
620
600
622
611
611
621
612
609
605
600
601
592
576
581
577
578
562
564
567
562
596
587
571
576
595
591
597
595
607
620
622
605
599
582
572
570
583
593
600
610
610
609
590
579
576
588
588
592
592
585
578
582
588
587
570
570
545
548
558
554
562
557
551
565
566
581
574
588
600
612
603
595
590
599
588
573
573
566
574
594
598
586
582
584
575
574
580
584
568
565
577
572
560
572
581
575
576
573
588
597
593
612
601
603
591
594
585
597
599
604
577
580
576
600
591
614
612
608
595
592
607
594
589
586
607
608
603
589
574
585
576
576
573
588
591
588
593
594
616
611
610
621
618
607
610
596
595
589
611
603
581
580
598
591
586
589
590
587
592
572
581
568
553
570
566
567
578
557
559
558
574
569
566
556
544
555
583
584
564
582
579
594
588
587
591
582
583
586
593
600
589
586
594
621
611
615
611
604
603
610
604
616
602
598
593
598
592
582
600
588
602
598
604
612
629
630
619
617
610
617
614
612
596
616
620
627
626
626
630
630
622
614
629
610
597
600
606
601
591
578
581
579
590
600
598
582
595
601
624
619
624
615
615
594
609
603
598
595
582
571
584
569
573
569
573
581
592
590
602
591
588
577
582
563
562
574
590
573
557
561
564
563
567
568
572
574
567
582
600
607
583
594
589
592
582
588
580
572
567
586
585
584
592
586
589
578
586
583
577
579
591
594
610
609
605
606
613
615
602
613
618
616
614
594
586
576
595
597
583
600
613
617
618
614
619
617
604
601
609
603
604
609
605
628
638
637
620
621
612
611
628
632
614
607
617
642
633
621
625
609
609
618
605
594
598
582
565
558
568
574
566
564
582
581
587
578
578
595
609
600
587
583
585
569
559
569
568
563
556
552
569
564
566
570
575
580
573
586
590
581
586
570
564
564
559
584
580
574
579
575
588
587
601
601
588
590
591
601
596
589
590
581
593
605
590
565
562
569
562
574
576
567
556
561
583
589
577
584
596
601
609
606
591
586
586
597
591
594
591
590
593
582
578
577
578
581
574
576
571
559
553
557
579
561
582
585
589
591
585
573
576
589
599
588
597
586
587
582
576
592
592
592
589
589
595
590
577
587
590
588
589
595
591
604
605
602
581
594
595
590
596
596
587
573
574
573
571
578
579
591
575
576
581
608
575
587
596
607
613
612
590
587
604
604
614
603
598
588
588
589
569
572
571
571
570
582
590
606
605
587
596
581
592
586
570
576
569
574
559
556
567
568
556
576
585
562
576
577
579
582
574
588
596
587
573
567
575
581
583
586
583
591
594
586
594
587
605
622
631
639
627
616
613
602
609
611
613
588
589
595
598
603
608
609
614
611
608
604
601
594
593
600
617
618
607
605
596
588
582
584
580
569
564
558
575
572
570
541
527
545
552
564
571
582
576
583
568
571
566
577
586
579
573
594
584
561
567
582
570
546
546
541
548
558
550
552
529
551
561
568
571
579
567
575
554
543
552
558
554
556
575
564
562
553
547
552
552
548
554
546
540
532
543
552
538
549
561
569
565
564
568
560
552
537
536
543
545
538
557
549
540
548
537
549
546
543
536
543
537
537
546
550
532
542
556
540
548
532
540
537
555
548
536
538
533
534
531
548
548
558
559
557
544
519
551
570
572
552
547
549
559
558
562
555
548
560
564
562
556
550
552
546
549
555
556
571
560
570
560
546
569
556
558
560
547
525
532
535
534
549
539
534
526
527
533
532
538
532
523
526
533
540
544
535
527
526
535
543
541
536
541
544
537
552
553
541
537
535
566
562
567
560
554
536
533
547
546
563
561
562
568
548
543
547
550
550
539
544
556
556
549
543
549
558
556
559
576
587
581
582
579
577
558
561
578
577
573
590
585
585
578
574
561
588
581
575
563
560
579
573
565
591
591
565
553
551
556
553
569
558
550
555
540
535
537
528
527
526
533
547
539
520
534
545
559
552
544
546
562
558
564
564
567
560
572
565
556
554
546
555
555
552
567
552
537
538
532
551
544
553
555
556
553
557
545
561
538
564
563
578
564
559
569
579
580
573
574
562
571
559
549
544
548
544
566
564
566
572
566
572
558
556
578
574
576
576
574
569
575
569
563
557
558
546
559
544
559
563
553
547
548
557
547
546
547
557
566
558
557
548
546
547
542
545
533
535
550
543
540
562
561
555
566
558
555
569
564
563
542
533
541
534
523
531
536
528
532
542
536
531
527
540
539
538
541
541
557
553
540
530
527
529
530
537
526
526
516
515
527
530
521
525
524
518
524
517
521
537
531
528
542
526
540
541
529
524
541
519
537
555
561
555
564
548
541
543
540
544
532
522
536
549
564
551
576
582
575
586
586
577
583
578
553
552
561
547
540
558
566
563
555
552
551
542
548
534
538
532
549
558
548
537
546
561
557
559
564
565
569
586
577
584
566
578
563
570
575
572
560
570
563
563
571
563
588
597
581
576
577
578
574
574
580
574
588
584
587
585
555
553
548
546
539
553
552
546
552
554
549
547
551
551
545
530
540
545
556
569
560
551
555
551
543
552
560
570
574
576
576
569
571
583
580
582
577
561
546
555
535
538
542
549
554
549
555
555
561
556
552
546
545
539
521
532
546
546
532
543
530
533
534
534
552
546
554
538
535
539
532
542
543
536
536
531
520
535
529
558
536
538
542
548
559
557
555
548
541
538
533
551
538
541
538
532
533
542
533
546
545
537
518
531
533
527
520
536
534
542
546
548
558
548
549
536
526
546
552
562
534
534
537
540
540
550
556
538
532
548
539
542
535
543
557
540
539
540
546
547
525
544
559
558
577
586
576
567
562
565
561
569
579
577
570
562
553
555
540
539
543
550
543
543
545
550
532
545
545
549
542
540
544
542
539
530
535
523
529
527
530
520
522
515
509
508
507
507
508
526
529
523
536
523
533
549
558
539
547
540
549
535
522
513
521
536
535
537
534
533
524
528
518
524
537
524
533
515
505
510
515
520
512
539
536
532
528
522
518
541
524
519
534
518
525
528
523
519
531
530
534
527
513
507
494
496
507
506
500
503
510
504
500
521
529
522
512
505
507
504
496
497
487
502
506
493
490
490
491
504
498
505
501
507
501
505
501
491
496
504
486
485
480
469
471
473
469
469
470
472
468
487
498
490
495
483
482
468
480
486
478
487
494
494
485
496
500
502
492
486
512
510
504
505
501
522
519
509
504
506
520
519
513
524
518
508
513
516
512
516
492
502
493
489
498
491
485
487
480
489
490
498
499
504
504
502
520
520
502
503
508
500
494
503
500
497
500
496
498
498
494
486
492
482
481
484
492
487
484
489
497
503
486
494
494
487
496
490
475
470
474
491
484
465
460
457
470
465
463
474
463
464
477
466
471
464
467
475
471
464
466
468
471
464
466
467
476
469
467
466
476
462
453
476
467
471
477
478
474
481
482
488
493
481
488
479
495
491
486
483
468
470
466
468
454
460
457
458
456
468
473
467
482
483
479
470
468
467
469
477
478
492
483
476
479
482
490
500
501
503
473
488
481
488
459
465
458
462
463
456
468
465
471
473
470
469
472
479
475
483
475
471
472
465
466
485
469
485
478
477
467
456
475
472
466
466
483
479
475
476
476
473
478
484
486
481
477
481
499
495
496
501
488
484
492
484
479
496
484
483
488
481
483
489
495
465
470
458
469
464
469
466
481
482
482
475
478
463
467
456
471
484
478
466
470
466
460
453
463
475
471
471
487
479
475
461
453
465
463
476
470
482
467
457
463
453
440
458
450
456
448
457
457
456
451
446
474
488
489
485
486
481
481
486
458
456
465
467
460
461
464
466
466
474
474
473
465
479
463
478
475
477
488
481
479
481
487
474
464
448
451
460
472
465
478
487
486
484
491
495
497
493
500
491
486
489
497
486
479
487
485
498
495
487
483
479
479
479
465
456
467
451
469
460
463
474
477
480
478
474
464
462
466
479
465
462
471
469
464
471
467
464
466
471
451
446
452
451
455
463
458
446
438
440
438
432
435
434
446
446
443
435
459
449
452
460
460
464
480
501
495
490
471
486
479
481
492
494
476
473
475
468
458
455
460
457
474
478
469
459
469
466
461
463
466
453
443
452
446
458
471
480
465
471
476
483
473
470
472
477
476
482
476
468
461
473
487
487
485
486
491
491
473
478
480
484
491
477
471
470
459
462
471
462
454
463
460
454
460
470
482
485
480
478
472
483
487
477
491
477
473
465
455
475
470
458
445
438
441
460
463
465
462
468
472
475
468
465
477
464
454
461
462
462
463
463
467
471
456
451
455
471
467
470
487
471
475
466
475
476
483
484
488
480
474
471
468
465
461
456
466
479
460
451
454
449
453
452
445
457
452
453
459
463
461
457
461
457
459
435
439
432
454
447
461
467
456
451
454
454
447
435
452
443
451
462
462
461
451
441
460
454
463
467
457
473
473
455
467
457
453
461
452
454
452
457
467
457
450
456
458
462
455
443
463
453
448
455
459
460
477
472
466
463
457
454
458
444
452
455
468
475
474
480
480
480
478
466
481
483
479
467
475
486
490
496
506
505
492
481
487
488
475
477
478
469
471
467
480
471
473
479
472
483
464
471
463
469
465
468
463
448
445
436
456
455
466
456
449
436
448
458
455
449
453
450
448
453
452
441
452
453
451
452
445
438
446
448
443
460
477
474
484
481
483
483
481
467
455
454
450
453
441
458
454
457
466
464
461
460
453
455
453
460
460
467
466
461
461
453
435
437
450
445
452
446
431
433
441
440
442
438
443
452
452
459
456
459
467
456
441
457
449
459
450
471
462
455
457
436
433
424
434
425
431
430
418
425
424
420
432
432
445
428
452
452
450
439
447
449
444
433
439
438
448
449
442
458
445
458
457
460
466
454
463
466
455
457
469
465
469
463
461
452
444
453
450
451
444
437
452
451
455
464
457
460
451
452
455
471
472
459
456
457
449
458
451
453
453
438
451
442
449
447
449
457
452
454
460
452
464
455
453
450
454
458
473
465
453
454
447
443
455
452
447
469
461
464
456
457
453
458
466
475
471
473
464
466
465
459
460
442
440
442
441
442
448
449
457
451
461
453
444
462
447
466
451
449
446
447
459
469
478
473
477
473
472
472
474
452
453
468
447
456
455
440
428
434
439
429
416
436
440
435
436
442
445
449
451
454
459
449
452
451
463
469
470
472
468
476
467
457
465
465
450
449
455
474
454
471
456
449
455
451
445
449
456
452
441
432
436
437
445
452
444
441
436
440
454
457
439
447
444
449
458
455
444
460
459
453
457
454
451
466
464
459
463
459
453
463
446
445
433
425
439
423
421
430
436
442
443
434
448
441
442
441
448
448
445
439
431
409
419
408
422
427
431
437
438
426
436
435
447
449
442
435
424
433
432
427
408
420
430
426
429
431
439
438
428
427
428
439
442
435
424
439
435
445
448
450
439
446
447
444
432
424
435
437
442
435
428
418
418
421
424
428
421
421
419
416
416
430
437
432
435
439
429
431
441
428
433
434
424
423
414
423
412
428
433
444
422
422
428
441
442
436
430
441
431
436
435
421
421
408
425
426
434
437
428
428
424
436
437
437
438
441
429
428
435
429
415
413
411
407
415
415
426
427
425
436
441
434
422
434
429
421
420
438
433
442
434
428
425
424
417
421
409
409
420
423
427
425
411
416
409
418
424
418
422
428
442
438
433
424
425
420
423
418
429
422
416
421
434
424
443
447
449
441
448
444
440
457
443
437
432
424
434
417
428
418
421
411
415
403
394
407
430
416
420
407
407
415
416
416
425
416
407
409
411
419
422
437
426
427
416
422
420
422
396
422
413
412
393
396
405
400
409
415
414
404
397
403
410
413
412
405
410
410
409
400
405
415
407
413
409
408
405
405
417
408
414
413
408
404
407
417
432
429
427
416
421
422
418
416
420
423
429
423
400
402
410
424
428
418
413
414
416
418
416
425
427
419
433
421
423
422
424
433
433
440
436
424
421
435
423
407
405
416
407
432
426
428
415
421
428
419
413
429
442
418
422
427
424
430
429
414
420
422
417
408
408
426
411
413
395
392
396
389
397
389
402
410
418
422
426
427
433
434
445
423
424
419
426
431
429
444
433
431
417
424
425
418
417
418
421
429
427
424
417
416
420
413
429
442
416
409
405
420
420
410
407
414
426
421
431
427
433
443
442
435
442
439
437
432
422
427
416
420
419
422
432
410
417
436
420
430
425
419
430
418
415
416
407
407
418
427
415
423
426
415
426
437
428
417
414
406
400
395
405
398
405
409
406
412
420
423
421
422
430
425
419
413
405
411
420
423
422
422
425
415
430
434
425
433
430
414
424
418
417
412
404
410
400
403
412
407
407
407
410
425
400
411
402
392
391
390
386
388
398
392
412
408
402
400
399
387
398
377
382
382
383
389
397
385
380
377
397
375
359
362
369
381
375
370
380
392
388
395
390
395
392
389
385
379
384
386
405
396
399
397
399
407
419
427
428
404
401
403
422
406
411
418
426
411
419
427
421
426
416
408
409
413
424
423
415
444
431
433
421
420
423
422
428
411
412
392
394
404
393
401
406
413
404
405
409
416
429
422
413
409
412
425
423
418
407
420
416
399
399
388
404
409
413
405
412
419
421
424
425
417
414
420
424
429
423
426
414
420
423
413
417
420
418
429
416
413
401
396
402
393
387
394
414
420
420
403
419
414
409
423
417
423
421
423
417
413
408
411
416
418
413
414
411
411
420
426
418
409
421
413
411
407
408
414
415
426
418
418
409
411
412
406
412
395
399
404
390
386
390
396
384
379
383
385
393
395
398
394
394
392
390
389
386
406
388
408
407
403
414
402
400
397
405
417
418
421
420
425
430
412
427
401
398
421
414
422
422
426
421
419
418
424
430
426
427
407
417
406
386
393
406
395
405
402
403
403
398
409
422
409
410
408
407
416
417
421
416
424
420
410
405
404
420
409
410
416
411
411
406
417
412
412
420
419
428
433
423
413
417
408
405
407
392
403
398
399
395
392
392
401
405
402
408
398
401
414
410
428
417
414
427
425
425
418
423
420
419
424
418
428
411
415
408
410
429
420
424
421
411
389
386
383
389
395
390
388
385
382
370
366
377
378
386
383
389
374
365
384
387
390
387
376
368
364
369
374
372
376
382
387
383
374
373
379
383
382
381
388
380
397
403
397
404
387
401
409
398
389
390
376
390
387
400
387
402
406
413
404
396
387
392
394
381
386
377
379
376
380
374
386
376
380
381
365
377
384
386
381
384
379
385
387
392
387
384
385
378
385
378
371
366
367
370
358
358
355
355
363
360
363
363
364
364
380
393
392
398
394
402
396
400
404
387
390
391
385
391
395
396
400
393
386
387
392
409
416
412
407
415
405
407
411
415
395
410
409
406
408
412
403
409
393
396
395
381
399
395
395
383
394
395
416
406
406
400
394
392
397
393
389
384
388
378
391
395
399
389
388
390
388
396
398
395
404
411
398
401
409
401
399
407
387
400
403
404
398
387
395
398
401
403
396
393
391
388
389
389
389
383
392
389
390
393
392
393
384
399
406
394
411
407
410
417
409
400
401
400
381
391
395
393
391
406
396
400
410
405
405
404
395
399
399
396
386
388
383
381
369
373
384
394
375
386
384
403
402
404
389
388
386
390
380
383
384
381
385
390
386
392
387
388
394
388
389
379
386
391
386
379
376
382
386
372
369
362
367
376
385
372
379
381
383
373
366
363
366
368
388
381
388
403
395
391
383
388
378
394
394
403
404
408
397
407
393
391
385
381
365
372
380
376
380
384
376
395
396
401
397
401
394
387
390
382
396
398
388
392
399
397
406
406
401
397
409
405
397
396
409
410
415
408
401
410
404
412
403
411
410
420
399
396
396
406
396
392
391
385
383
382
382
380
382
379
382
367
364
362
382
368
381
385
376
368
350
353
367
369
372
372
378
389
385
395
397
382
391
385
384
387
379
376
378
381
388
390
405
407
405
392
397
407
406
412
402
411
401
388
391
395
388
404
398
403
392
379
366
387
383
374
386
387
392
392
404
413
408
406
406
394
395
385
396
400
406
400
390
397
399
384
400
398
387
385
387
378
379
381
370
373
384
387
392
388
379
381
387
387
375
378
385
377
366
371
373
380
380
382
385
387
390
372
389
396
397
413
403
412
408
395
403
383
382
395
393
390
385
377
368
379
385
378
385
399
404
391
387
403
404
402
401
389
387
385
376
386
390
396
394
390
388
384
377
374
379
369
378
376
375
385
389
380
378
373
377
382
400
402
399
406
395
396
412
402
396
391
397
400
386
389
378
371
377
368
384
375
368
383
387
388
384
376
371
376
382
386
393
397
385
401
389
386
386
383
394
393
388
391
391
397
398
400
398
398
403
405
407
406
400
389
389
389
383
389
385
389
401
397
387
402
396
393
388
383
379
388
384
382
380
385
386
399
381
376
376
372
356
349
358
357
357
370
356
378
383
381
380
388
381
387
393
406
400
388
388
399
386
393
377
374
370
355
368
362
367
383
370
360
356
359
359
364
364
359
370
373
367
371
373
377
377
381
389
387
381
381
377
376
383
375
361
374
380
378
371
370
367
371
366
372
375
372
375
375
380
391
393
393
399
383
386
387
386
395
386
411
409
406
400
399
398
390
407
395
389
390
391
397
401
404
389
397
401
394
390
402
403
393
394
388
387
381
383
382
380
383
405
414
404
399
388
388
384
404
389
400
397
396
398
391
379
379
399
392
410
396
376
386
378
367
370
359
371
381
386
385
374
374
364
369
372
361
370
358
361
377
372
366
366
369
382
383
393
379
385
397
399
397
404
401
405
402
408
398
397
407
402
412
421
415
411
414
409
389
387
387
383
382
381
383
380
385
378
373
385
388
397
383
377
368
364
355
365
373
361
383
368
382
366
394
367
374
373
359
370
367
366
358
354
346
351
349
355
354
357
365
367
371
370
363
363
380
373
371
388
380
388
383
396
384
393
387
383
380
381
391
373
385
395
388
404
381
389
393
380
391
384
388
390
374
379
370
380
372
387
384
387
382
401
396
403
408
400
402
386
388
384
390
397
404
397
396
398
403
401
396
397
388
375
379
366
368
376
383
386
383
375
373
364
376
374
375
379
378
373
371
387
387
381
363
381
387
392
386
388
383
396
410
408
419
410
399
411
405
406
407
402
416
417
403
396
400
398
397
406
394
399
402
410
408
414
398
385
405
391
392
376
372
368
367
374
373
375
380
366
376
377
381
379
388
378
372
375
378
369
373
380
393
382
389
390
387
384
375
386
387
367
365
390
379
380
381
373
372
379
385
383
395
394
380
398
388
401
400
398
398
397
404
396
391
396
400
394
401
400
397
396
398
401
385
397
393
388
397
402
385
387
391
378
378
390
391
384
392
383
401
398
389
381
388
391
393
390
400
387
400
400
392
381
386
378
369
370
364
372
379
384
390
379
384
385
387
371
384
387
381
378
378
375
384
389
396
395
394
390
398
400
394
393
395
397
386
396
389
403
401
390
404
407
405
408
413
408
413
400
404
394
399
395
403
396
405
402
407
405
406
414
415
421
409
394
390
387
388
388
389
382
387
388
390
396
397
398
390
379
374
377
368
358
361
359
367
373
376
371
376
386
393
393
395
396
396
373
397
401
398
406
405
410
403
400
385
392
384
392
384
394
380
380
386
381
387
393
393
386
391
381
386
398
401
384
387
386
388
380
392
383
391
378
387
376
382
397
397
377
377
373
370
388
386
390
388
385
382
370
385
380
376
385
389
372
391
379
381
395
395
388
387
399
402
405
408
408
414
416
418
403
397
388
388
393
390
402
391
393
401
398
404
399
407
402
395
396
387
389
375
379
362
368
366
378
372
381
391
386
372
369
367
369
377
374
378
389
390
381
371
384
394
389
394
381
374
383
390
391
382
378
385
390
390
376
390
374
368
360
368
360
362
372
390
397
391
385
382
378
380
388
391
385
394
386
386
388
378
383
379
390
382
376
385
379
393
397
398
391
390
379
382
391
387
389
380
398
389
386
388
373
395
378
374
384
384
379
387
384
405
411
402
397
395
383
393
380
368
363
373
373
375
376
375
377
378
368
375
375
372
383
387
380
366
383
391
397
396
377
384
384
379
390
390
382
388
394
398
412
421
425
415
409
410
414
408
401
412
402
408
410
395
411
412
414
415
402
404
412
414
411
402
404
393
395
399
400
404
406
407
408
401
404
396
397
392
381
386
390
382
390
407
404
399
397
400
397
403
400
393
400
389
390
386
391
389
386
380
371
376
381
381
377
385
375
390
392
382
380
381
387
381
374
378
389
389
395
400
399
395
379
385
383
388
385
390
399
394
384
404
413
394
403
402
395
382
371
376
378
380
377
380
383
384
383
391
386
391
382
377
375
369
370
371
375
369
379
373
384
394
383
377
375
372
361
383
382
379
383
385
376
376
378
370
365
363
369
373
362
364
350
360
349
359
351
351
351
355
366
374
370
370
375
367
363
353
352
352
348
346
353
354
378
372
381
369
372
366
352
349
358
370
369
371
379
374
382
391
386
384
379
382
383
370
351
354
362
356
362
363
366
366
367
377
375
372
360
346
357
363
372
369
369
362
383
383
385
383
405
380
387
385
388
388
385
390
363
372
364
360
357
365
361
374
371
360
356
357
367
368
360
369
376
376
385
395
405
397
397
391
389
393
385
381
389
387
383
383
383
397
388
380
394
389
380
391
383
378
375
373
366
358
357
347
348
353
351
344
348
358
358
352
363
356
371
369
363
357
379
378
377
362
363
364
369
367
368
367
360
346
351
357
362
359
359
360
366
373
370
355
361
361
362
362
359
365
371
379
372
385
372
370
365
349
358
356
377
374
364
371
376
375
369
367
370
365
366
377
381
383
381
375
372
365
367
356
370
366
362
365
370
391
377
373
375
375
380
371
374
381
374
362
364
357
366
360
361
368
368
372
362
377
374
370
365
363
368
367
363
374
375
375
373
357
369
375
364
366
374
364
370
351
346
348
359
358
353
358
355
352
337
341
340
332
348
351
359
344
353
353
358
356
362
363
352
356
370
365
361
365
362
365
368
361
369
364
374
361
371
371
383
387
383
378
387
389
380
384
379
377
368
374
361
357
350
340
338
344
345
351
352
361
363
360
358
362
349
346
362
356
357
362
347
351
343
351
340
335
341
346
347
340
344
337
339
343
343
345
339
340
340
339
331
334
333
329
320
320
310
308
311
319
323
340
335
330
336
346
342
334
344
338
340
343
330
329
352
347
347
345
340
332
341
340
337
349
349
356
361
357
350
351
348
349
337
349
343
333
336
332
332
337
339
340
329
350
346
341
350
358
353
354
356
362
355
364
353
375
366
359
361
369
359
367
356
349
361
371
374
372
376
391
386
369
377
380
399
393
380
386
377
369
381
375
379
385
391
381
379
382
383
383
382
394
391
398
395
385
379
383
387
395
400
397
390
391
388
384
377
372
374
362
356
363
370
378
377
381
374
372
376
378
369
366
367
358
361
351
372
366
358
358
366
358
363
352
356
356
362
357
352
358
358
356
358
359
361
362
373
366
376
362
373
382
373
382
377
385
359
352
351
348
346
351
349
348
357
344
356
355
362
361
391
384
397
389
374
380
384
395
390
380
390
398
397
395
397
397
384
384
389
389
396
405
403
400
405
394
390
377
381
370
371
362
373
361
372
365
353
352
346
346
355
346
349
350
346
337
351
361
353
350
379
371
381
386
375
376
384
385
370
381
375
371
375
384
386
395
395
391
390
389
376
386
381
381
375
359
355
367
357
361
366
365
380
378
378
385
380
377
372
364
356
347
347
358
352
360
378
362
362
369
372
375
360
366
370
370
374
374
366
370
376
373
367
371
382
373
362
378
368
359
383
370
365
371
363
365
373
370
356
373
381
379
389
391
389
383
385
389
389
387
379
374
361
360
362
372
376
371
368
373
373
380
384
379
391
375
384
375
381
382
372
360
360
358
349
348
360
367
365
351
350
346
358
350
354
356
355
355
344
346
344
340
339
340
355
356
361
364
343
338
349
351
351
353
348
348
340
347
343
356
346
342
340
348
358
358
355
362
364
361
367
360
365
371
362
360
365
356
367
357
368
373
368
372
376
383
378
382
386
387
392
381
375
366
369
362
372
364
363
361
356
361
374
377
356
362
370
371
385
393
380
386
385
388
395
381
382
377
373
386
397
384
379
379
382
385
386
383
376
373
377
377
381
377
370
381
379
379
382
377
380
377
382
370
376
378
373
363
366
374
371
363
365
360
356
359
361
357
351
361
371
361
349
365
365
351
352
351
359
358
365
365
371
375
381
380
380
387
393
406
392
391
401
387
393
397
390
388
387
388
382
376
375
362
359
364
370
373
360
365
356
364
359
355
367
372
371
371
370
379
387
386
380
377
378
373
370
365
366
352
359
357
353
369
367
372
369
381
388
377
367
368
374
378
366
358
365
375
377
378
383
380
392
392
399
386
381
387
392
388
383
384
389
376
384
390
399
389
383
372
387
382
380
392
380
376
374
369
372
366
380
379
376
387
385
381
388
377
385
384
386
391
389
382
377
376
365
363
365
368
386
368
368
371
371
377
372
370
388
382
375
376
377
375
375
390
383
380
380
378
370
368
364
360
366
358
349
355
370
370
361
364
360
358
346
343
348
346
349
355
350
358
357
357
347
347
337
359
353
349
355
357
369
368
379
378
379
383
374
359
364
361
371
378
366
379
373
362
362
366
373
372
377
373
386
384
385
384
385
375
381
373
372
379
374
381
388
382
384
395
388
381
377
378
385
375
378
373
373
380
390
382
386
388
401
394
379
378
379
370
372
362
352
351
364
357
356
384
383
396
381
391
373
374
361
362
379
375
372
382
378
378
364
365
355
356
364
356
348
363
370
368
374
387
383
370
373
372
361
369
376
372
371
375
366
360
365
367
371
364
367
366
357
377
375
370
362
367
385
379
380
382
384
375
384
368
373
370
368
378
376
361
376
378
382
376
386
390
378
368
362
354
366
367
371
362
366
359
365
361
358
355
346
339
344
334
343
346
354
331
354
348
340
342
354
358
365
361
352
366
363
374
373
360
363
359
354
369
366
368
375
384
377
377
384
391
387
374
372
373
377
383
377
383
381
359
371
361
366
359
365
367
366
379
376
373
369
369
379
367
371
378
367
370
372
365
366
372
378
376
386
387
383
378
386
388
401
396
382
367
367
371
358
366
370
362
363
360
378
381
377
374
370
372
380
360
334
342
348
356
362
350
334
346
342
358
349
340
367
360
359
366
369
373
366
368
366
369
358
353
343
336
336
358
340
341
341
340
348
345
339
347
340
346
339
339
336
339
338
340
347
331
347
350
355
350
354
361
355
351
356
358
365
356
357
346
353
354
339
345
345
348
343
348
357
354
340
334
339
346
343
344
336
352
344
341
352
350
351
347
349
346
346
355
359
370
351
354
352
359
362
367
368
357
370
358
355
361
349
342
348
352
347
349
350
358
360
360
364
366
368
354
353
346
358
359
369
352
346
344
353
346
361
347
349
355
348
355
353
349
346
358
365
357
367
369
370
357
361
365
359
363
352
350
345
363
351
359
358
359
364
350
371
357
348
353
357
366
362
361
382
382
369
366
363
367
365
360
358
353
355
343
343
335
347
344
351
353
339
340
342
356
355
350
361
355
346
343
338
351
352
359
363
351
345
350
360
353
351
350
360
365
354
356
361
366
363
367
358
368
361
367
372
373
378
368
362
370
366
368
357
354
361
363
369
361
365
356
351
348
337
343
345
347
359
358
360
368
362
361
366
352
343
341
343
340
338
345
340
338
350
350
360
369
359
371
368
358
363
363
374
359
359
379
376
378
388
395
378
373
380
367
383
380
390
380
376
376
379
386
375
384
381
384
383
387
388
381
369
365
375
380
376
366
368
360
365
359
368
380
384
386
393
381
385
387
390
390
383
379
379
382
383
388
386
382
382
392
388
387
391
388
386
378
375
385
382
375
369
380
374
378
379
375
372
364
352
358
363
356
365
361
361
362
364
370
351
354
341
339
339
337
351
349
349
357
357
361
367
364
374
373
369
371
370
365
352
358
370
358
373
371
379
360
372
364
363
364
360
376
378
367
372
373
367
366
373
380
378
383
366
380
374
361
369
355
364
