344
346
351
357
347
351
361
358
350
341
342
357
343
361
364
364
360
359
368
364
367
372
376
375
368
375
375
369
354
355
344
339
337
333
360
340
361
357
361
361
352
349
355
344
350
343
359
349
346
354
360
350
355
357
364
373
373
361
363
362
354
357
356
357
354
355
353
346
343
348
334
343
350
342
347
351
354
357
361
354
368
368
366
365
361
358
341
341
354
345
349
345
338
343
354
352
353
345
347
351
349
339
337
341
338
349
348
363
350
352
345
346
349
354
362
352
346
342
348
351
346
364
368
357
364
354
352
362
360
355
359
360
351
359
355
355
353
366
375
369
364
368
363
361
351
356
353
342
340
348
345
337
337
344
346
341
338
331
327
331
324
322
326
338
345
351
336
332
334
337
340
334
330
337
337
340
337
320
329
331
333
327
329
321
328
337
322
323
322
332
345
339
350
355
353
345
353
360
345
354
352
349
348
347
342
347
347
331
347
347
344
335
348
342
340
346
335
354
348
337
336
335
338
347
341
350
348
357
348
337
339
328
341
353
348
343
333
327
346
338
332
334
334
326
327
331
332
328
341
343
345
343
340
343
332
351
349
344
349
356
350
339
352
352
346
341
337
342
345
346
348
335
341
348
337
346
357
349
348
351
344
341
344
346
337
341
326
340
352
350
353
343
345
337
323
325
340
348
344
347
338
336
350
343
346
332
336
336
324
324
327
342
330
326
346
339
327
339
337
335
330
316
323
325
329
327
323
330
325
338
329
343
333
336
340
341
342
346
337
343
347
352
349
362
364
358
361
355
337
329
330
329
336
331
335
325
339
342
345
328
343
343
343
347
336
339
343
351
341
344
341
339
331
340
335
337
341
350
341
339
345
337
341
342
340
339
335
344
337
330
334
322
330
325
328
330
326
317
336
337
337
339
326
334
327
350
340
347
346
353
339
343
335
329
331
335
334
337
352
345
340
348
347
349
355
346
347
350
359
339
347
339
343
335
326
325
321
321
316
319
325
326
315
322
332
332
330
340
339
332
342
340
344
336
339
331
337
339
342
338
343
348
344
355
341
329
321
329
345
350
358
353
352
353
357
353
352
351
344
337
344
355
352
339
348
336
332
341
334
341
341
332
327
331
345
342
338
330
328
324
331
332
327
328
340
348
357
344
335
345
340
348
343
337
350
350
351
353
350
361
353
344
343
339
336
344
326
334
347
334
342
329
336
331
331
333
327
314
335
331
332
338
328
321
314
317
328
317
317
311
300
324
321
325
318
296
306
309
315
328
317
323
316
326
321
312
310
318
319
318
314
315
313
321
324
327
321
325
324
322
320
321
330
330
324
324
321
317
324
321
327
314
314
318
325
337
324
334
325
339
331
334
334
341
333
322
335
332
334
326
331
325
331
329
323
322
313
318
318
317
312
317
317
324
324
330
327
331
335
341
336
330
329
326
332
313
323
314
321
331
319
334
336
324
330
321
328
322
326
313
323
314
320
318
314
319
319
323
324
323
321
332
332
321
325
328
311
330
338
328
323
331
325
324
321
325
325
332
328
323
322
320
316
314
322
314
316
317
307
322
323
321
318
326
324
329
324
318
329
327
318
312
317
321
317
308
306
318
316
320
321
312
312
317
316
325
336
336
327
323
317
327
329
331
337
345
339
345
339
330
317
323
329
332
332
328
330
334
331
338
326
329
339
342
346
347
335
344
344
332
328
339
325
334
332
324
323
317
320
326
328
330
333
327
331
326
328
313
316
329
331
326
322
325
331
324
316
315
322
320
313
322
330
341
347
334
337
338
324
340
334
351
347
341
333
332
334
328
318
317
334
336
342
337
340
333
345
338
332
323
324
328
324
326
331
329
328
331
331
325
329
325
331
326
329
324
328
323
310
312
319
334
326
322
335
319
325
315
319
333
346
340
333
333
330
325
330
330
329
329
335
323
320
317
321
314
326
332
324
320
324
311
321
324
321
316
310
316
315
314
318
320
330
324
324
318
310
307
311
326
320
326
318
334
335
331
340
331
328
334
333
341
341
336
334
331
331
324
318
323
326
331
331
326
330
321
316
317
315
320
322
318
323
321
319
321
323
308
314
310
316
307
311
323
325
308
309
304
298
306
320
313
305
297
296
305
301
299
302
309
313
309
310
310
327
327
329
327
315
334
324
336
331
326
323
323
317
328
332
324
329
330
318
328
313
315
319
318
326
320
319
332
334
337
337
334
341
341
347
339
337
334
341
338
338
341
342
333
340
321
322
334
327
316
317
319
321
318
318
331
336
342
343
344
343
342
346
347
344
334
339
328
327
331
335
333
338
329
335
334
337
331
339
337
342
324
331
332
335
324
322
330
326
325
334
336
323
313
297
314
308
318
317
321
314
302
304
293
300
302
312
322
318
318
312
310
309
307
307
305
303
308
311
307
306
301
295
299
305
319
325
319
311
313
314
316
315
318
308
304
300
302
302
311
300
299
300
295
289
299
306
313
304
306
312
319
308
318
305
316
315
319
312
312
328
336
325
326
326
316
322
300
306
301
305
304
304
314
309
306
305
306
312
316
311
313
313
308
309
315
304
316
307
315
313
311
303
303
320
318
303
317
306
314
304
301
310
308
315
309
311
319
311
307
303
305
305
307
309
307
313
320
316
315
316
316
312
310
319
311
309
304
309
312
297
299
309
302
306
314
315
314
309
314
307
307
317
319
319
328
317
312
309
319
317
315
323
306
299
299
312
303
305
307
320
308
327
322
323
319
327
325
312
306
311
304
310
305
318
323
323
322
319
317
305
311
300
307
311
302
303
296
299
302
311
315
311
309
313
305
314
309
313
312
307
305
299
298
296
296
299
295
311
306
317
320
322
313
313
314
320
324
316
306
312
310
309
315
313
318
313
319
311
312
304
324
317
317
318
308
303
299
301
310
303
314
326
313
316
316
306
304
309
307
314
314
312
307
312
315
319
323
322
308
304
311
321
316
312
303
306
305
300
309
308
316
308
324
317
308
315
313
329
318
305
307
306
300
313
306
305
319
319
315
316
311
308
308
313
305
311
305
303
313
307
296
302
309
298
303
303
317
315
308
324
308
315
303
304
304
312
307
304
314
302
318
317
317
325
324
323
329
323
321
325
323
329
319
327
327
324
328
319
324
323
331
318
331
327
339
334
344
332
344
349
350
336
337
344
341
336
338
337
329
338
335
340
334
339
343
334
330
325
314
329
320
312
303
306
307
317
299
295
291
297
296
302
298
302
304
311
303
304
301
293
311
310
309
308
316
317
319
317
306
314
316
318
313
314
301
305
300
310
315
305
306
309
303
303
306
299
313
309
303
307
307
309
305
301
317
316
310
307
324
319
317
303
305
309
313
306
307
301
300
293
291
290
293
279
291
279
294
301
303
304
310
305
310
319
317
324
322
316
319
321
332
323
315
311
309
308
316
322
321
316
310
319
319
312
312
306
317
310
305
306
313
314
310
323
317
309
307
307
303
302
320
304
306
301
299
305
307
308
305
306
306
306
317
322
306
317
316
309
311
302
306
313
319
323
325
320
321
321
310
318
326
322
319
324
317
318
316
326
324
319
315
320
312
312
319
322
323
327
320
329
327
329
317
317
311
323
313
316
305
308
307
319
319
328
323
324
322
325
320
325
334
322
322
314
310
304
304
324
315
317
309
314
315
315
320
323
326
325
321
313
313
321
325
321
318
316
319
312
310
330
319
318
317
320
310
293
302
298
319
302
311
310
323
326
317
318
326
321
308
301
300
309
307
310
319
308
308
304
299
302
301
311
310
312
310
320
315
311
319
315
310
309
312
309
320
318
320
317
301
303
316
316
314
316
304
313
299
307
310
303
308
313
312
315
311
321
315
310
321
322
320
325
322
325
335
333
330
327
338
339
332
328
320
323
333
332
332
325
326
322
321
318
321
336
335
338
339
326
330
335
326
317
317
321
326
329
332
325
320
320
314
321
311
320
322
324
329
313
328
316
304
308
310
318
312
304
298
299
300
303
298
298
306
303
313
304
320
308
315
303
304
306
304
297
288
302
290
293
292
295
291
287
298
300
300
296
293
284
301
292
295
300
279
280
286
277
278
272
275
278
286
295
294
295
288
289
292
290
290
297
281
289
292
287
295
294
304
294
293
286
285
284
285
291
291
287
288
290
283
288
276
280
282
272
278
289
289
297
296
278
297
294
295
295
287
280
283
284
280
283
288
286
287
293
287
286
283
292
307
298
304
292
291
284
286
286
291
287
278
278
289
280
284
275
282
277
285
289
290
298
302
297
292
291
300
304
293
303
291
284
280
282
291
284
283
280
288
285
292
285
280
279
278
284
295
301
290
288
297
290
305
310
299
302
297
295
294
292
294
295
290
288
285
285
300
303
301
300
302
291
298
297
292
285
282
280
288
293
299
299
298
306
296
295
292
291
293
279
272
286
299
287
282
280
272
277
279
280
294
289
306
295
299
307
309
312
313
311
304
303
299
278
285
270
282
273
284
285
292
297
308
303
302
305
302
294
282
280
295
296
284
286
290
297
277
285
289
296
289
300
298
294
288
284
287
300
298
294
288
279
288
290
284
283
287
289
283
295
295
303
289
292
293
301
303
295
294
299
301
293
292
296
293
289
292
303
294
301
294
302
305
308
301
295
297
303
301
295
295
304
296
301
300
294
295
303
304
303
301
294
294
297
304
292
289
287
295
286
301
302
294
294
297
289
280
270
274
284
283
290
302
299
303
303
302
294
301
301
292
290
288
290
285
282
292
301
294
298
296
292
301
302
305
299
307
311
308
307
307
305
307
303
299
293
300
290
284
291
294
302
291
297
300
306
304
314
303
314
306
307
302
308
297
292
293
295
290
297
290
287
285
299
298
295
294
297
286
289
293
291
293
291
286
300
297
295
292
289
289
300
302
299
293
290
281
278
290
294
297
293
298
303
297
305
296
297
293
291
293
292
292
300
296
294
290
294
296
291
292
307
313
312
311
317
309
297
290
283
289
285
296
294
281
287
290
283
293
293
297
292
297
287
304
290
292
304
299
294
298
296
289
277
280
277
280
279
263
262
259
252
271
255
262
264
259
260
262
262
266
263
270
264
267
258
269
266
277
279
280
274
286
293
293
295
283
287
288
280
284
284
278
287
293
284
291
298
295
284
288
284
284
290
305
298
290
282
289
282
278
272
279
295
289
277
287
284
284
275
286
291
281
280
272
274
263
271
271
279
274
275
290
286
284
297
286
291
285
289
292
287
289
285
283
284
276
281
276
286
290
297
287
287
288
287
303
306
306
307
294
295
284
282
287
292
296
300
305
316
302
307
311
305
312
305
295
299
303
306
307
303
301
306
298
303
302
307
307
301
305
301
298
296
299
299
297
295
298
292
293
284
284
291
297
302
285
285
288
281
281
286
278
292
297
293
290
286
297
281
279
289
279
281
270
288
290
281
289
301
303
304
289
299
298
311
306
300
293
301
295
301
302
301
305
298
295
292
300
297
299
297
303
300
287
286
274
269
274
281
275
271
270
270
282
284
283
284
283
282
285
279
278
281
281
290
300
295
292
286
289
290
291
289
297
293
301
302
297
290
306
311
303
314
306
308
308
302
286
294
287
289
291
279
283
271
283
282
272
275
282
294
297
292
278
292
298
293
284
291
289
278
275
284
285
293
300
290
295
288
277
279
277
271
276
285
286
298
291
284
288
276
277
272
273
273
289
293
283
289
291
287
287
285
278
277
281
281
287
286
299
307
300
298
291
286
277
282
278
280
284
283
284
288
281
282
276
275
285
291
281
298
291
289
293
281
292
292
290
293
295
292
287
288
279
269
280
274
289
294
293
278
284
292
289
284
284
292
280
288
296
295
288
295
298
297
282
287
286
295
294
295
291
284
288
280
284
280
279
280
285
286
283
276
281
290
288
291
288
282
284
277
272
275
267
274
274
275
277
281
279
282
287
287
287
285
287
289
282
288
284
288
292
285
282
281
282
276
273
271
283
278
277
270
285
287
278
293
300
293
293
295
290
279
280
277
285
286
295
299
292
293
294
295
299
302
304
290
297
292
297
302
300
287
286
290
290
291
280
286
287
284
287
284
267
275
281
276
281
297
303
289
289
300
291
291
290
289
288
284
282
289
289
279
276
276
278
275
273
274
268
278
288
287
290
289
285
289
297
299
292
290
291
286
289
283
275
258
255
263
260
262
262
270
278
270
279
286
279
279
287
278
258
268
259
267
264
265
273
283
281
284
286
286
298
283
287
286
286
274
273
280
289
287
284
287
281
285
293
288
285
275
285
288
279
268
279
272
279
270
255
254
261
269
273
271
269
264
269
276
269
275
266
255
263
255
260
259
257
248
241
243
246
246
250
255
251
247
248
262
245
261
252
260
266
260
270
271
275
274
268
271
269
278
280
283
286
281
289
281
291
279
280
277
272
270
257
258
260
248
249
250
255
240
247
252
246
259
257
257
247
253
244
243
250
253
263
245
256
255
264
265
252
265
267
262
274
271
265
275
278
279
274
275
278
269
277
278
284
275
268
263
269
269
270
278
271
279
284
283
275
268
268
266
272
278
277
281
261
265
270
267
275
264
280
280
275
275
287
269
275
272
274
271
271
277
273
271
270
273
260
255
261
262
262
249
250
253
242
245
256
264
267
266
274
267
275
271
276
273
273
279
282
276
276
269
274
272
273
272
273
285
286
268
268
274
279
265
267
270
266
265
270
269
278
268
277
268
281
282
282
276
277
276
267
274
266
264
253
258
263
257
265
260
266
262
245
248
247
251
256
260
275
267
274
266
266
265
268
265
267
266
265
278
274
265
270
272
277
270
276
280
275
276
255
261
262
269
272
277
270
272
275
281
288
278
286
293
298
292
294
290
285
291
296
285
282
284
281
288
285
281
283
272
269
271
277
273
272
276
273
263
267
267
269
274
284
289
287
301
298
289
294
295
287
285
281
280
289
288
280
285
285
279
272
259
272
278
267
269
281
267
272
269
269
275
285
286
281
285
288
283
277
281
271
265
260
262
259
267
265
276
273
280
278
279
279
265
276
276
276
275
276
275
268
269
266
273
277
275
279
279
278
276
267
281
276
268
268
253
255
255
261
261
252
268
271
280
279
276
279
267
271
276
276
281
273
266
274
270
269
272
264
272
267
262
260
259
271
268
274
273
266
270
261
257
254
239
252
262
270
268
274
272
276
272
274
259
268
263
258
268
275
272
270
275
277
273
264
262
263
257
261
266
268
274
276
274
270
276
277
274
279
279
271
269
268
282
275
281
291
274
280
290
291
287
280
286
280
274
274
275
271
265
267
267
274
279
265
269
277
277
268
275
267
268
265
266
259
261
255
253
260
257
264
268
271
285
271
272
264
261
257
253
263
268
271
273
278
277
270
275
279
278
275
272
282
286
281
277
272
276
274
276
271
260
266
284
273
285
274
280
282
277
276
271
271
281
278
276
270
276
275
281
275
280
277
269
265
278
269
265
275
274
278
266
258
241
256
251
250
259
257
256
260
266
265
263
266
256
263
262
273
268
271
270
265
264
271
276
270
277
269
267
272
275
284
269
273
271
277
270
269
265
262
268
262
263
267
260
270
264
261
264
270
286
280
289
286
279
286
291
294
297
291
286
280
273
285
286
287
280
277
280
275
264
270
255
251
264
249
262
270
272
276
277
272
279
277
269
261
268
261
258
249
260
262
269
276
262
257
256
255
266
264
276
281
277
272
270
251
258
252
266
264
266
263
268
274
271
262
254
253
252
257
252
253
279
263
271
269
263
270
273
268
265
267
262
266
262
274
273
271
268
260
261
269
265
280
278
266
274
277
274
271
271
273
282
281
282
283
276
281
274
273
287
278
273
267
269
278
268
263
264
268
262
265
267
256
261
273
269
271
274
275
269
273
276
276
273
272
281
283
291
287
287
292
278
274
274
268
262
265
262
275
274
272
267
265
275
287
279
267
267
268
264
277
269
271
270
262
271
273
273
277
275
279
277
284
275
267
277
265
263
265
260
256
250
242
245
248
264
262
265
262
259
264
263
261
262
267
276
274
263
259
259
258
254
249
258
240
245
251
252
250
255
264
255
253
265
269
275
266
259
269
267
266
260
260
257
262
247
257
272
266
265
262
252
261
250
246
251
260
263
263
265
263
255
258
257
255
266
263
250
254
246
250
252
239
240
241
248
253
250
251
263
264
267
263
271
271
264
252
267
267
260
270
271
276
272
268
273
266
264
266
261
258
252
254
252
257
262
243
257
254
256
255
254
244
256
254
259
261
264
262
268
269
261
277
265
264
267
263
272
260
265
267
269
262
260
262
256
251
251
253
249
253
258
254
255
252
259
253
256
251
253
257
262
255
267
274
262
264
258
263
265
261
268
272
253
254
260
265
260
248
252
255
256
262
251
250
255
260
256
261
260
261
253
255
253
244
238
251
261
254
253
256
260
251
251
250
252
264
255
259
256
260
257
248
245
239
244
258
253
258
254
254
247
243
244
249
242
246
243
256
255
257
263
273
270
268
270
268
267
265
253
258
244
245
245
256
252
255
249
243
255
256
241
252
256
260
246
258
269
255
260
259
270
259
260
264
250
254
254
247
250
249
245
240
250
258
262
263
259
267
269
267
261
266
268
284
277
273
274
267
266
273
270
264
267
261
265
270
261
267
267
277
266
264
262
266
263
259
264
254
263
267
258
261
270
273
259
268
265
272
269
268
263
270
279
276
272
268
271
262
271
266
263
254
254
246
253
270
275
272
273
271
267
272
265
264
266
268
266
265
269
271
274
272
274
261
250
254
267
268
258
256
257
260
252
247
254
257
252
264
260
253
257
241
261
254
252
252
243
244
247
245
250
250
250
259
272
264
255
260
267
263
259
250
248
233
242
246
254
258
263
264
258
261
263
268
257
260
249
251
248
252
247
262
270
271
258
270
274
276
286
278
280
279
274
273
286
282
280
275
279
269
267
273
279
268
272
276
271
266
256
256
253
258
257
257
248
244
262
256
250
248
249
248
242
237
247
240
244
242
253
250
255
250
249
256
255
259
251
251
259
260
253
252
253
246
252
250
256
254
250
254
257
261
262
264
263
265
271
261
262
260
264
257
260
266
256
257
261
258
251
249
261
262
266
259
252
261
257
250
252
262
259
253
242
255
241
248
242
245
247
252
253
247
249
254
257
254
257
262
262
253
261
255
256
257
261
258
259
257
250
238
245
239
239
237
241
252
248
245
245
256
264
261
256
262
259
264
267
269
271
260
261
264
267
262
270
259
255
264
262
263
260
253
254
259
245
243
252
244
243
249
262
258
257
251
252
247
256
260
259
255
248
250
243
252
253
259
265
271
270
280
280
268
259
267
265
258
258
255
257
263
257
268
265
259
265
265
263
253
255
261
251
267
264
272
274
268
264
252
258
254
257
250
245
264
258
258
268
266
264
270
270
264
256
263
264
268
259
260
262
257
257
246
249
249
263
264
260
260
258
262
264
262
268
269
271
255
274
275
273
254
252
260
258
262
261
258
254
254
251
261
250
249
261
257
256
248
243
247
249
258
264
261
259
250
258
251
240
249
263
265
261
258
256
257
258
265
265
261
273
273
274
253
261
246
249
258
259
253
259
262
257
252
250
256
260
256
250
243
251
263
254
250
256
268
257
256
250
252
251
255
258
252
245
249
253
241
254
260
258
256
250
252
259
260
261
254
247
254
258
248
261
268
252
257
243
248
255
258
256
266
266
257
261
259
257
259
267
273
266
277
279
269
265
271
266
266
259
266
259
265
264
249
258
256
266
255
259
258
258
248
252
260
251
252
257
251
257
263
255
261
261
267
261
260
273
259
270
260
261
266
273
264
262
268
265
252
258
267
262
254
251
251
250
249
247
241
233
242
237
247
248
237
240
247
243
242
259
248
249
255
252
250
248
247
246
248
254
254
247
241
235
238
230
241
243
247
246
249
258
257
248
241
245
241
245
241
250
250
237
249
242
245
248
254
247
250
246
238
238
245
236
239
246
244
241
243
240
236
246
237
247
236
237
244
248
247
237
231
241
242
228
222
239
246
242
251
246
251
252
248
245
236
246
250
246
236
252
251
257
245
248
249
247
234
241
240
236
250
248
246
243
246
244
241
244
253
247
237
241
242
246
242
240
230
232
227
230
242
238
236
238
235
237
235
232
242
228
237
227
229
239
230
238
247
243
242
241
239
241
238
232
242
234
240
245
245
253
252
251
251
250
260
245
242
248
238
238
244
246
236
244
250
252
256
248
244
247
236
246
244
248
241
246
243
239
238
249
247
253
240
239
249
247
246
240
239
244
238
238
239
243
244
245
233
237
237
249
251
238
243
244
256
257
252
247
249
245
247
247
255
244
249
240
239
244
238
248
241
244
250
253
251
248
254
251
243
236
250
247
253
241
237
243
229
238
245
252
245
253
245
250
248
247
250
247
243
240
236
240
244
238
235
233
242
235
227
233
243
249
247
240
247
257
258
265
257
267
266
262
262
251
256
254
245
240
233
243
254
245
243
245
245
232
230
239
251
250
245
255
244
256
247
257
245
228
229
227
229
230
232
231
232
229
226
227
243
239
226
231
239
236
232
239
238
235
248
243
240
249
239
227
232
236
233
241
246
248
251
255
246
243
251
243
254
254
251
256
258
260
263
254
258
249
253
249
243
253
251
243
252
252
256
256
262
252
245
255
248
256
253
241
249
256
255
246
243
242
245
248
243
245
245
244
240
236
237
232
243
237
241
227
235
228
224
229
230
235
245
246
246
251
241
221
231
235
241
249
245
249
258
261
253
248
248
245
255
253
252
259
255
255
239
249
251
261
257
256
249
247
258
259
257
257
256
258
253
259
257
254
254
249
250
249
249
250
242
238
242
249
250
244
240
239
246
248
241
237
247
246
253
249
244
251
259
251
268
252
247
258
249
256
251
254
251
240
248
245
241
238
235
239
242
244
252
255
252
251
256
248
253
253
249
248
255
252
243
236
251
250
255
259
249
254
257
245
241
248
239
236
245
235
228
230
221
226
220
225
222
227
237
232
221
223
229
234
236
246
251
253
247
240
236
243
250
239
237
243
256
245
238
240
244
243
243
237
239
235
233
235
240
253
251
253
248
250
250
247
237
245
236
232
238
243
243
242
241
244
249
248
256
249
250
252
245
238
229
229
235
241
241
234
240
235
233
236
231
240
241
245
249
241
244
254
240
243
248
249
258
257
246
245
249
248
246
262
251
260
252
244
241
236
238
220
216
234
235
235
236
232
228
235
234
232
231
237
244
244
236
242
243
249
247
242
237
244
244
239
242
239
237
244
240
238
235
237
243
248
244
239
235
247
237
248
243
251
256
255
253
250
244
250
247
241
259
256
249
244
250
246
249
251
253
244
251
252
251
245
240
246
249
240
236
241
241
241
237
231
234
239
248
238
240
249
259
257
249
252
245
239
233
245
249
245
245
249
253
246
233
232
228
231
223
224
229
233
229
226
225
234
237
234
233
235
236
239
246
247
242
234
234
238
243
244
264
258
261
265
259
258
254
241
237
243
239
244
247
245
251
248
250
246
240
235
231
237
244
243
243
244
238
249
245
233
237
240
238
238
250
239
253
251
249
244
234
242
235
235
245
242
240
246
236
234
241
246
245
243
250
253
257
248
237
240
229
231
236
234
235
243
246
249
244
243
248
241
245
256
256
253
256
247
243
239
249
242
235
236
236
232
231
243
239
237
243
254
240
255
244
255
244
244
244
253
237
232
232
233
241
243
237
239
246
244
263
254
250
251
242
244
234
233
235
236
238
235
243
241
241
238
237
246
248
252
237
233
243
250
254
249
245
240
245
247
246
256
258
251
253
252
255
259
253
254
245
247
247
251
249
246
243
253
267
256
257
248
249
255
251
255
262
263
254
249
252
263
258
255
260
259
248
246
254
245
250
247
247
251
255
254
251
250
252
241
247
240
249
237
253
234
240
236
251
245
238
241
244
244
242
238
235
245
241
241
244
240
237
236
236
231
237
233
243
245
237
235
235
238
245
234
240
237
223
219
219
217
226
225
228
235
225
236
233
239
231
247
230
234
236
239
244
245
239
244
248
243
234
239
241
240
233
233
234
235
244
240
248
246
251
238
243
255
245
249
246
237
255
250
243
239
251
256
264
257
258
253
244
253
259
262
252
243
234
235
226
243
234
245
237
241
234
228
241
241
240
243
241
228
243
237
237
246
245
244
258
246
244
235
230
234
244
257
255
251
243
242
248
250
252
253
237
246
242
237
250
255
256
249
243
243
249
249
255
252
253
253
242
244
239
242
245
245
252
249
252
239
250
248
243
247
237
247
245
242
244
248
250
251
255
255
244
251
256
255
248
254
243
251
257
257
255
255
253
252
250
254
259
260
250
253
250
258
258
261
259
262
258
265
258
262
254
241
249
242
246
252
250
251
249
241
247
242
241
240
244
240
253
252
244
242
246
255
247
252
253
254
255
259
253
259
267
259
260
256
254
256
257
257
260
261
259
258
250
244
260
248
249
251
252
240
246
247
245
242
237
241
226
242
244
240
236
223
239
244
252
258
249
242
234
235
231
232
233
228
226
223
230
239
244
241
234
237
250
243
246
250
245
252
243
249
250
243
252
253
243
253
254
256
251
256
251
247
229
242
245
240
248
244
241
238
251
253
242
259
260
260
258
261
258
255
254
256
259
257
260
248
257
250
249
237
236
238
247
243
246
239
236
245
236
245
242
248
252
243
247
250
258
249
250
246
257
251
256
244
241
257
248
248
236
241
235
233
226
224
235
229
242
242
243
244
242
238
228
234
231
240
241
244
239
239
230
232
227
230
231
236
238
236
238
225
236
231
228
239
250
244
231
222
233
238
229
236
247
248
247
250
247
242
235
241
248
246
242
249
244
242
247
244
253
255
257
252
259
252
244
240
238
235
235
223
229
228
235
224
222
221
227
230
225
235
237
236
241
245
234
241
239
243
235
222
218
215
219
230
232
231
232
230
243
233
230
225
229
230
225
234
243
238
228
233
243
236
222
231
230
228
224
227
237
230
232
241
240
238
231
231
237
232
232
236
232
233
237
233
236
231
243
228
226
232
218
218
226
224
231
230
229
230
226
229
215
218
218
206
203
203
206
208
216
212
221
208
223
215
219
232
225
230
216
227
239
245
240
227
230
234
233
238
242
247
236
242
246
243
245
244
249
235
229
236
232
247
241
233
243
238
243
244
242
245
252
251
239
241
240
238
243
236
233
219
229
224
234
241
228
239
239
233
243
232
230
231
233
237
239
236
236
234
220
227
222
217
222
216
213
217
215
227
223
225
238
242
239
242
234
227
228
215
225
229
228
229
226
239
220
215
225
226
223
230
229
232
220
214
224
219
228
233
242
231
231
224
231
223
221
217
217
225
239
234
236
231
234
225
222
227
230
237
235
234
236
232
230
232
216
219
215
220
214
218
218
218
225
225
221
228
236
231
226
228
225
217
227
233
231
219
218
224
221
221
231
231
231
231
226
224
218
209
214
220
217
215
219
223
221
220
225
230
218
226
232
245
248
232
229
231
234
233
233
225
239
228
230
236
238
241
244
241
231
230
243
238
233
241
237
228
226
231
232
229
230
222
221
222
228
224
236
228
213
218
217
220
212
215
220
217
218
224
223
223
221
228
224
220
222
215
226
226
226
226
219
216
224
219
223
217
220
213
216
212
210
208
216
220
226
232
236
232
230
235
233
235
235
237
235
236
238
225
234
240
235
232
229
224
230
225
225
228
233
230
229
229
230
241
234
236
234
239
226
227
221
219
217
223
211
228
231
225
226
233
226
220
220
227
225
228
233
233
233
229
239
237
234
229
225
224
231
228
230
228
227
225
233
240
233
222
227
226
222
226
218
227
217
219
213
224
220
228
215
226
238
219
224
228
224
234
223
228
218
228
225
228
223
219
225
220
212
227
219
215
218
220
224
216
220
212
218
202
204
201
213
201
202
201
207
202
202
200
196
204
202
209
207
218
222
211
216
212
208
207
212
215
202
210
202
206
206
196
199
200
193
198
208
213
206
204
204
203
194
195
212
213
210
205
197
207
199
196
204
209
206
198
204
202
204
199
202
200
190
190
196
203
202
211
214
207
213
206
211
217
222
217
218
214
209
212
220
219
217
220
221
220
212
216
223
228
218
214
211
211
212
209
207
211
205
208
213
212
198
200
204
203
191
205
194
206
199
208
199
203
214
212
218
213
204
215
206
208
205
204
216
216
211
215
215
211
214
221
214
218
221
219
226
216
220
216
221
228
223
228
224
224
216
225
228
224
211
216
209
207
203
208
207
207
209
217
220
220
223
216
224
216
219
223
220
219
207
204
213
211
222
222
229
228
224
220
217
223
218
224
214
212
208
196
204
201
206
212
221
211
207
211
222
223
218
211
214
207
206
198
203
191
208
220
217
215
210
222
216
214
214
206
216
220
217
223
209
212
219
219
228
229
227
217
206
211
214
210
208
206
215
209
219
220
210
212
214
219
218
211
217
207
210
206
205
202
204
212
204
202
206
196
198
198
198
207
205
215
211
212
214
216
223
216
205
209
208
206
215
212
216
213
207
204
205
202
209
196
200
198
202
200
196
199
210
215
213
212
209
212
203
219
217
208
214
213
214
226
221
218
220
212
210
208
206
217
214
211
214
213
219
215
201
194
190
198
191
197
205
207
206
213
212
204
202
196
200
198
200
212
201
196
199
190
188
195
184
178
183
184
179
180
183
192
191
190
198
184
179
178
187
178
170
184
182
184
189
187
191
197
199
194
196
197
190
192
201
204
200
200
203
204
198
203
196
204
200
196
204
205
200
208
209
203
202
202
207
206
198
194
188
197
196
202
201
202
203
201
206
200
206
196
199
202
192
194
196
201
200
212
213
208
210
197
204
199
203
197
194
196
204
208
206
199
203
212
214
210
210
207
209
207
212
204
201
207
210
204
201
193
198
200
202
205
206
197
200
203
198
194
197
199
197
193
185
186
185
194
184
186
184
191
185
189
188
196
197
198
192
192
199
190
191
193
207
200
200
208
212
214
197
203
203
199
201
205
204
197
200
205
200
200
197
181
202
197
197
199
196
196
193
183
196
196
198
187
194
190
189
193
201
209
202
203
201
188
184
193
198
203
202
198
192
198
204
201
197
192
184
180
177
190
192
190
192
192
202
198
197
200
201
201
193
199
203
194
196
203
203
193
198
186
191
188
189
184
185
189
194
193
200
200
196
195
197
191
179
188
188
193
193
191
195
199
198
196
198
198
203
201
194
198
189
186
186
194
202
198
198
190
202
199
205
209
202
200
205
192
201
198
194
197
205
195
203
200
201
196
196
183
191
196
195
200
194
199
189
184
190
193
185
197
198
200
199
193
202
201
197
202
198
195
200
201
204
197
208
201
197
197
192
200
202
193
204
201
209
199
197
196
215
212
199
203
203
192
194
196
196
200
200
208
206
197
192
194
191
207
202
201
202
218
213
202
218
208
205
214
206
195
203
208
206
206
212
213
210
213
216
208
204
208
202
203
204
203
193
203
209
213
212
214
207
223
218
220
212
208
207
196
199
193
196
200
197
196
201
197
203
208
205
203
207
207
219
206
196
188
196
186
185
180
178
187
196
208
203
201
199
197
204
194
197
205
198
190
196
191
197
194
187
191
201
202
191
194
205
194
190
188
187
183
180
190
181
181
191
192
197
190
191
192
187
182
171
176
181
181
171
175
170
172
180
179
180
186
190
193
198
193
198
191
182
184
183
183
190
179
169
181
181
182
187
173
170
164
179
180
177
176
178
181
176
181
184
176
177
181
179
182
181
179
192
193
197
193
190
191
181
181
182
173
182
188
186
173
181
185
188
185
180
180
178
190
196
190
193
192
189
189
192
197
180
183
189
191
190
189
191
196
189
190
177
186
182
180
178
179
179
184
184
186
182
182
172
177
189
189
189
190
189
200
196
185
190
193
204
190
178
182
177
183
187
190
191
188
191
191
189
187
179
180
179
191
198
190
185
188
182
185
172
181
175
176
178
172
179
182
181
182
174
173
175
175
184
186
192
193
179
178
176
179
186
185
182
187
186
186
178
182
186
179
180
183
188
186
187
192
198
197
181
189
196
209
205
202
199
199
199
197
193
199
193
180
187
197
193
192
186
186
190
187
177
187
190
195
193
191
203
197
191
189
185
182
179
163
162
171
175
179
176
177
171
173
187
183
182
181
182
186
189
193
192
189
183
184
180
179
174
181
185
183
187
185
179
185
177
181
181
186
193
187
184
177
176
180
181
189
187
188
193
193
195
198
195
182
199
198
193
197
195
193
182
191
185
189
187
197
196
193
191
189
187
198
195
192
191
189
183
180
183
187
197
192
175
186
170
172
167
174
181
185
187
188
188
197
200
198
198
190
190
182
183
186
191
184
186
181
179
176
187
195
188
192
195
195
192
193
197
190
190
185
170
188
193
186
189
200
191
183
179
187
190
185
184
183
179
182
172
175
179
182
175
175
185
170
180
174
171
179
171
180
172
176
191
186
185
184
178
182
187
181
196
186
188
183
181
178
191
197
198
196
193
194
203
200
206
197
203
190
185
186
183
183
181
188
188
193
199
198
189
193
205
198
199
185
185
183
175
177
186
187
180
181
176
182
188
186
186
199
198
201
187
191
191
183
182
181
179
172
173
167
170
180
180
186
191
184
186
191
188
186
185
190
190
189
194
189
193
198
199
200
194
193
193
184
179
183
195
195
186
191
191
188
188
193
190
191
191
197
198
195
203
198
193
189
193
193
199
191
187
181
185
195
194
181
191
187
194
194
188
193
195
188
196
195
190
193
185
181
178
185
186
187
177
183
177
178
181
179
180
185
179
184
181
183
187
182
177
183
184
192
187
188
176
174
187
181
180
177
172
179
176
182
188
184
171
184
184
182
180
190
182
190
187
182
188
189
178
183
189
192
186
191
183
180
175
179
182
181
191
182
179
197
200
202
204
200
193
184
191
185
185
182
183
182
179
182
179
179
174
187
181
178
166
173
188
183
182
178
176
181
187
185
180
174
179
188
192
182
192
190
191
191
195
191
187
189
190
188
192
185
185
195
184
188
188
183
185
186
193
182
192
176
171
181
176
166
182
184
187
185
190
183
189
193
190
191
199
194
194
187
175
183
178
171
184
183
180
177
180
179
179
184
188
192
191
193
192
194
189
203
205
196
188
190
187
185
188
187
193
191
190
191
193
195
193
189
201
196
192
200
199
200
200
193
196
193
197
193
189
187
194
190
183
181
186
193
200
199
188
195
187
186
184
182
188
198
192
184
179
187
188
194
199
202
201
197
194
200
203
206
190
184
189
191
185
179
190
191
179
179
172
170
171
177
173
183
189
193
198
190
196
192
193
187
197
195
194
197
199
200
196
196
192
196
187
179
174
185
180
177
177
184
179
172
173
169
178
185
175
183
189
186
184
181
182
177
181
182
189
182
185
197
199
200
187
190
194
190
200
204
189
187
185
185
188
188
192
189
191
187
198
192
203
201
193
193
186
185
182
182
181
183
173
171
176
173
168
179
172
179
184
184
191
194
197
181
186
184
181
183
184
188
183
183
188
181
172
173
174
176
170
177
189
184
182
188
182
176
178
178
182
178
177
174
175
186
177
179
181
183
186
184
177
178
177
169
165
173
177
172
171
181
172
175
174
184
171
168
175
174
177
173
170
176
166
176
166
167
170
180
183
183
181
178
178
178
189
185
192
182
181
192
193
186
180
174
164
178
173
187
174
179
176
168
172
171
169
185
182
181
180
188
182
185
184
179
189
186
183
197
187
189
186
187
188
180
184
186
185
188
190
189
177
178
188
189
189
190
190
193
200
193
197
204
207
203
204
195
201
191
192
188
184
183
188
194
190
183
182
179
171
172
178
177
186
187
182
183
181
187
183
186
193
190
184
177
182
180
178
184
181
185
182
183
178
171
175
178
181
182
186
184
185
181
188
188
183
186
181
189
185
204
196
203
195
193
200
202
204
212
205
213
206
200
192
185
197
187
177
176
186
181
184
178
185
184
180
182
181
185
188
185
194
185
191
204
199
201
190
203
201
193
191
188
189
188
183
186
176
179
180
180
179
176
176
183
187
189
196
192
186
179
183
180
187
182
189
172
172
176
175
177
183
191
188
185
185
181
176
174
169
173
170
171
174
183
180
183
189
190
184
192
193
196
189
199
200
195
194
195
188
192
191
189
174
176
176
184
182
187
184
187
189
188
195
199
195
191
196
189
185
189
191
186
189
186
194
194
192
185
188
182
177
172
176
176
177
175
171
179
177
180
187
181
180
175
181
173
183
191
184
182
181
180
189
180
186
185
184
177
177
173
183
176
179
180
185
175
175
178
179
185
191
186
187
181
170
182
175
167
172
168
177
170
177
166
176
183
178
180
164
174
176
170
178
176
175
171
176
173
182
176
178
176
181
182
178
175
170
180
171
172
175
169
175
182
170
175
173
168
175
172
168
180
173
189
189
191
191
183
180
187
185
177
181
179
184
184
183
191
185
175
179
180
180
184
182
177
192
197
192
189
188
186
181
179
183
189
186
187
185
190
186
180
177
181
178
181
181
183
181
189
178
178
178
184
179
173
185
179
185
186
182
180
171
170
166
168
170
177
180
172
172
166
171
176
172
170
174
174
173
172
173
168
179
181
181
178
178
183
183
175
173
176
184
178
177
179
200
188
182
189
183
184
178
178
174
180
180
180
177
183
177
173
178
179
181
178
174
172
179
171
189
183
188
181
178
176
181
176
173
164
167
168
178
174
174
178
179
180
179
184
181
189
189
182
178
180
178
175
178
166
167
160
163
174
173
177
175
182
186
187
182
178
178
177
182
181
181
183
179
175
182
179
188
177
178
182
177
183
180
174
168
168
178
168
170
173
176
179
175
181
176
176
170
160
170
165
168
178
176
177
174
176
177
179
175
174
181
178
185
176
180
182
174
172
172
176
174
182
187
187
185
183
175
177
183
178
182
192
186
183
175
169
166
174
167
168
180
174
177
185
186
183
179
186
187
191
183
185
186
179
183
187
188
191
186
180
184
172
177
176
178
170
171
172
170
176
177
177
181
177
182
184
180
177
180
174
171
166
164
176
174
168
169
179
179
173
172
183
168
162
172
168
164
165
178
178
169
170
179
182
181
174
176
175
174
180
179
172
163
171
162
170
164
157
164
176
175
171
176
175
168
165
172
175
164
164
161
167
160
159
157
161
164
170
166
167
159
162
167
169
167
174
167
169
168
176
168
175
168
168
165
159
161
173
177
168
167
172
170
174
172
178
166
166
165
161
153
160
160
166
165
163
170
166
166
168
162
160
157
153
157
163
158
163
163
165
167
161
153
159
162
167
162
164
162
155
162
170
164
168
169
167
164
164
168
166
167
163
157
156
164
160
159
154
155
151
146
150
146
152
153
151
153
150
153
160
154
161
161
161
162
163
156
169
170
164
168
163
158
155
160
173
166
163
160
171
176
174
173
171
169
167
170
161
167
165
167
168
177
172
178
174
170
165
165
151
161
157
167
159
162
165
161
167
162
165
164
175
163
159
160
159
161
160
157
155
150
154
150
147
162
160
165
166
174
166
160
162
158
164
176
175
176
176
171
164
168
170
169
174
173
171
164
163
164
165
167
158
154
164
170
169
177
171
172
173
170
165
170
168
164
164
157
167
170
176
172
174
174
165
162
162
161
157
162
166
161
174
174
161
171
168
168
164
168
166
179
171
169
168
161
166
163
165
162
166
164
167
163
171
172
174
174
170
165
170
178
169
168
173
176
166
165
170
170
171
160
151
151
152
153
150
149
153
157
152
143
150
154
156
164
165
165
164
169
166
164
159
163
167
165
160
168
163
162
164
164
166
162
156
164
167
161
157
165
163
165
171
171
175
171
166
164
162
159
160
157
153
156
165
167
169
172
164
162
161
165
159
162
165
158
148
158
165
168
179
179
176
167
167
167
173
168
171
178
170
173
169
175
166
157
167
167
162
160
160
166
166
165
165
164
170
174
170
176
177
173
180
175
173
170
166
166
172
172
165
162
169
163
162
159
152
151
155
165
160
158
167
167
163
169
169
162
161
162
160
159
161
161
161
163
169
163
155
159
150
160
169
171
166
173
170
169
171
179
180
174
171
167
161
167
165
166
163
167
151
163
169
171
164
161
162
153
173
170
163
163
173
168
168
165
168
172
175
170
174
170
168
169
168
159
162
165
168
166
165
165
168
156
164
165
167
172
169
172
171
177
174
171
174
178
180
181
163
171
164
163
157
159
165
153
154
164
163
166
166
169
170
171
174
168
159
162
159
158
154
163
168
173
174
170
165
168
171
173
179
175
173
170
172
174
177
179
176
169
163
164
175
170
168
167
168
172
161
161
168
162
159
172
160
154
159
165
164
162
165
166
170
179
173
173
161
165
156
157
149
157
162
157
156
157
150
155
156
156
163
152
160
156
156
158
154
152
157
151
157
160
168
173
166
163
176
174
176
171
175
172
170
173
169
168
169
155
162
167
174
162
163
171
170
166
167
171
167
167
163
163
164
159
174
167
166
161
165
158
156
160
160
158
169
172
168
162
163
165
164
158
171
156
157
160
157
162
160
162
159
155
158
155
154
154
158
164
163
168
165
170
168
167
166
158
158
166
160
162
166
155
165
167
161
156
161
163
164
166
168
173
165
160
160
163
167
156
164
164
160
166
170
177
173
176
168
168
166
166
166
169
163
172
162
164
159
157
155
151
157
160
155
157
153
157
156
159
153
164
159
161
161
164
168
174
173
172
167
161
169
171
171
166
171
164
163
159
165
170
165
162
171
168
169
176
175
169
170
171
168
166
162
158
171
163
161
169
164
160
170
170
172
179
173
171
175
174
175
175
181
177
174
171
180
180
177
175
175
171
172
177
177
174
171
173
164
162
160
161
163
162
169
179
176
176
182
172
174
181
173
167
162
162
166
173
165
170
175
178
168
174
180
178
180
176
172
178
171
167
167
168
163
165
172
173
170
175
170
166
162
164
168
168
165
169
168
163
173
170
167
164
165
173
174
168
159
153
157
165
162
167
164
167
164
166
159
156
157
160
161
153
159
154
147
153
155
161
164
159
163
161
162
157
158
154
162
164
151
160
159
164
167
162
163
165
169
160
161
166
170
167
171
173
171
172
169
171
167
167
169
167
161
173
168
169
176
169
163
169
167
163
171
168
169
166
171
165
161
171
166
169
158
162
164
162
158
166
165
159
160
163
160
167
155
154
145
145
153
153
156
154
148
157
160
153
157
163
160
164
152
152
162
162
166
161
167
173
170
164
168
160
167
168
156
166
169
172
166
170
165
167
167
172
159
163
163
162
165
158
163
169
175
168
167
176
173
173
166
168
168
159
170
164
162
170
162
167
167
168
161
156
164
160
158
156
152
150
159
159
151
159
152
158
156
161
156
159
152
151
150
144
138
143
144
140
140
137
136
139
142
141
143
146
141
148
150
148
137
141
141
148
148
144
147
151
150
150
148
145
146
148
146
136
142
138
131
135
129
136
142
134
136
138
138
137
132
133
133
145
149
147
143
139
151
150
148
153
145
150
146
141
136
138
141
149
144
140
140
145
145
148
144
139
147
134
142
136
138
140
146
141
138
143
147
150
144
142
143
147
146
145
142
142
146
148
153
152
155
161
158
160
161
151
152
149
147
152
150
150
154
148
145
152
142
133
137
146
145
142
144
147
143
144
146
153
152
152
154
155
154
154
153
148
153
152
148
154
160
154
154
151
151
157
156
149
148
153
147
153
150
149
165
159
164
154
150
155
159
156
158
155
162
159
154
160
163
163
157
154
155
147
145
145
147
152
158
142
153
146
137
133
140
129
134
136
137
139
132
133
139
139
144
139
139
134
133
126
136
139
141
141
144
149
140
140
131
137
124
129
132
128
128
133
141
140
138
145
140
134
141
135
138
139
137
137
133
134
131
128
130
133
130
131
133
136
134
128
123
129
127
131
137
140
139
135
147
146
148
147
146
138
140
136
145
144
143
143
145
144
138
141
151
147
147
146
138
136
139
141
139
139
137
137
139
132
141
140
137
129
139
140
136
130
130
135
135
138
140
136
135
140
140
137
139
142
132
133
136
137
141
147
147
146
136
139
144
144
144
147
144
151
155
153
144
148
141
133
131
128
124
127
136
133
133
132
131
133
129
129
136
134
133
126
132
137
136
133
133
142
141
149
152
147
146
143
142
142
135
131
129
131
139
143
136
147
145
154
145
146
152
160
155
141
142
147
148
149
152
153
151
145
138
146
145
144
152
139
140
143
138
136
137
141
144
139
141
139
143
142
144
146
145
155
147
155
146
144
143
152
144
143
148
143
145
145
143
141
145
144
145
133
139
137
145
148
145
138
134
135
123
131
127
132
126
131
134
134
129
136
138
138
142
140
134
139
136
131
126
131
140
137
137
147
146
145
153
145
148
146
153
144
148
150
145
139
141
144
144
142
149
136
135
127
135
132
141
141
143
143
151
149
146
138
144
142
144
150
144
140
143
135
130
123
125
131
130
132
135
132
140
129
135
132
133
141
129
134
138
142
137
135
141
