853
867
858
865
856
835
853
855
856
858
863
871
858
869
879
862
864
895
884
872
878
862
864
861
859
858
883
872
858
863
854
852
857
858
844
832
853
849
835
830
843
841
842
838
838
816
833
824
823
822
828
816
833
846
846
862
846
853
870
865
859
850
841
850
854
857
849
851
833
830
837
849
844
838
832
838
831
832
814
822
832
838
839
830
835
833
837
852
854
858
863
858
872
869
880
869
869
864
862
863
860
860
856
873
856
879
883
876
871
848
843
842
875
867
871
871
844
855
856
869
877
889
885
888
889
889
876
878
884
869
856
865
866
866
871
864
865
877
864
863
875
863
864
869
874
864
869
874
863
853
843
851
842
846
847
851
845
848
856
846
847
855
853
848
833
850
847
854
841
858
855
880
858
845
836
830
819
839
826
832
861
866
846
859
849
857
862
857
872
868
872
877
863
842
846
853
840
852
853
840
838
853
860
861
877
881
847
839
846
851
859
839
846
828
834
846
856
848
871
850
847
851
849
848
859
846
839
856
859
855
833
836
857
845
863
868
868
869
874
866
862
865
858
868
853
868
862
847
854
856
868
854
870
875
884
885
873
868
890
891
881
868
884
852
871
878
879
886
882
875
862
862
858
867
879
883
873
867
866
858
854
859
855
827
836
851
847
846
830
819
832
824
816
836
860
868
858
845
825
828
832
825
825
832
826
838
820
815
804
811
816
825
842
838
839
827
830
834
824
837
836
836
844
842
864
870
865
854
862
850
859
850
842
865
865
857
862
857
865
861
881
879
864
881
873
865
883
874
879
860
857
849
867
850
851
873
865
873
862
850
859
871
854
870
842
853
854
845
861
845
847
849
839
845
864
853
860
861
837
855
842
834
846
855
839
864
849
841
842
851
834
840
843
835
842
840
833
856
847
820
831
830
826
842
822
830
836
842
854
831
833
838
835
837
862
862
874
854
859
838
843
852
854
846
849
854
842
837
842
830
848
866
847
840
845
844
840
843
863
848
874
883
865
841
855
856
864
866
868
864
881
875
870
851
849
834
826
842
843
852
850
846
854
851
845
835
852
866
864
851
863
864
868
842
833
828
837
837
839
839
845
853
860
860
857
858
863
871
851
857
849
843
848
854
859
872
840
854
848
831
850
847
849
838
833
840
845
837
835
854
853
858
857
855
852
849
849
846
860
869
870
854
883
857
839
849
849
853
856
849
838
852
848
836
836
854
852
859
869
858
848
835
843
854
857
856
840
842
858
854
856
837
857
862
858
853
854
832
846
854
854
876
843
851
861
841
852
841
861
854
860
865
866
864
855
870
882
873
887
884
857
865
862
874
867
876
871
842
840
845
843
839
848
850
874
850
840
859
854
884
856
857
834
820
822
823
818
823
820
831
842
859
871
858
857
865
863
876
880
867
882
870
873
864
848
853
858
845
865
850
846
850
842
850
846
856
853
843
857
846
846
858
854
853
869
869
864
842
866
863
847
840
843
861
838
829
828
839
829
837
837
844
835
843
838
845
859
851
836
834
839
825
839
846
844
837
842
845
844
847
847
854
859
861
843
855
834
840
836
836
844
837
843
846
857
836
835
835
847
849
852
864
869
886
883
881
879
870
875
878
876
878
856
864
866
857
871
881
882
884
880
893
912
914
907
887
891
886
881
881
869
894
884
886
898
883
867
887
895
875
871
849
873
859
870
862
862
876
872
853
841
851
844
842
831
835
828
840
845
862
856
852
847
837
853
858
849
837
831
842
854
859
850
853
850
847
850
845
834
836
831
841
836
853
834
845
834
832
832
848
850
871
844
853
817
825
831
846
825
828
841
835
853
840
849
825
842
828
837
839
843
834
834
836
841
827
813
810
815
822
838
831
826
823
821
827
827
832
816
824
814
818
836
834
838
835
844
839
840
832
826
852
858
861
866
868
885
861
858
856
844
841
860
851
832
857
866
869
882
884
860
855
840
851
865
872
851
876
862
857
861
853
839
828
825
856
858
846
843
851
853
848
843
838
831
840
839
839
835
837
829
828
827
816
820
813
831
823
808
813
820
820
817
828
803
823
836
830
848
861
879
882
856
869
862
870
860
850
869
883
869
854
837
841
871
865
856
854
839
839
836
855
853
863
876
881
890
880
882
880
884
874
888
889
892
861
863
857
860
865
861
850
846
861
874
874
873
881
852
862
871
879
872
867
874
846
877
867
860
869
864
855
846
854
869
876
843
858
859
859
862
857
844
840
846
847
864
838
842
843
855
870
839
853
842
844
868
874
863
855
856
857
847
854
854
842
845
846
855
847
860
869
864
867
869
855
867
865
861
860
850
836
845
827
822
843
831
831
807
819
807
811
814
826
842
846
843
842
853
851
856
847
855
830
836
822
823
822
836
829
866
873
865
869
855
845
854
847
857
836
840
848
837
846
849
838
856
844
847
855
853
853
852
864
850
858
851
832
850
835
832
846
852
858
863
852
851
834
837
838
852
840
840
847
846
853
832
834
837
848
830
838
849
845
840
829
843
839
840
843
852
855
851
839
836
838
838
846
846
851
856
864
865
878
887
876
870
868
870
882
858
877
856
867
856
845
834
836
834
822
821
836
842
828
828
831
838
838
826
833
830
845
842
845
818
839
822
826
836
823
842
834
829
826
808
799
824
817
805
808
817
812
797
806
816
821
829
836
861
876
862
844
837
833
833
815
838
833
848
845
854
842
845
843
825
845
854
853
844
845
846
852
849
855
848
855
837
840
854
861
855
856
841
849
844
848
850
850
851
854
840
849
847
829
827
828
839
833
856
853
841
822
834
836
841
842
846
843
868
863
867
864
860
858
875
872
857
846
835
828
822
819
830
829
852
867
856
865
860
835
823
819
821
819
812
830
849
824
827
841
820
822
825
836
838
844
842
849
853
845
844
850
839
854
879
878
883
878
888
877
879
876
869
858
866
855
843
835
822
824
833
842
844
853
839
861
866
853
860
858
869
874
881
875
871
884
886
879
860
865
852
853
861
865
869
863
853
854
856
853
858
857
850
865
877
872
876
866
875
868
865
871
862
844
839
836
843
836
847
862
860
861
866
844
849
859
878
862
872
866
871
882
874
879
872
881
879
871
875
865
873
861
869
866
862
854
848
864
876
867
857
869
875
867
871
850
855
850
849
837
830
830
820
825
833
851
839
853
857
847
858
848
837
845
840
855
843
846
844
848
825
816
834
838
836
844
840
824
830
839
832
821
842
833
836
835
839
839
845
843
847
866
873
857
868
865
866
861
861
875
878
869
834
834
864
848
849
865
869
836
839
821
814
830
844
849
829
847
834
861
863
848
847
842
858
850
828
807
833
841
850
864
858
859
866
876
871
867
840
847
848
867
865
855
862
854
877
864
866
882
864
862
839
852
856
848
861
851
844
838
838
844
860
850
868
868
868
866
870
848
865
866
863
844
858
847
836
832
841
839
832
827
841
850
849
841
841
838
828
831
829
821
821
808
810
815
812
832
852
843
848
847
851
851
855
851
844
854
866
860
868
865
853
861
872
865
857
856
864
862
865
851
849
847
841
835
844
831
842
856
852
841
838
827
819
832
804
813
810
828
812
829
819
831
824
841
837
836
833
839
837
851
841
848
851
847
843
867
851
846
872
873
866
881
870
879
855
866
882
885
895
886
851
872
860
857
862
840
868
878
866
858
869
863
874
858
877
881
877
880
845
846
828
809
826
816
848
843
851
861
845
867
872
877
856
852
841
839
823
828
828
831
832
836
819
820
849
843
850
854
849
843
845
837
839
840
851
853
835
832
839
835
849
841
834
841
844
841
840
831
832
842
830
824
838
830
838
850
855
855
858
857
868
857
869
865
862
849
861
864
835
837
847
861
848
849
844
862
858
856
837
842
856
841
846
852
843
844
845
838
831
832
833
836
837
841
863
859
861
853
850
871
873
865
858
878
859
864
844
848
849
858
871
879
873
867
879
879
867
868
859
852
852
859
861
857
863
842
841
862
866
866
847
850
865
862
844
839
839
848
823
840
840
823
834
834
838
846
848
858
863
859
864
853
863
857
871
857
857
861
862
851
847
846
840
838
848
848
852
843
856
855
859
847
845
857
838
846
856
849
850
831
856
859
865
859
871
867
859
847
834
830
835
843
855
863
851
855
856
864
874
874
872
878
861
852
852
854
862
871
855
850
851
846
847
844
835
830
834
832
833
827
833
846
841
828
834
838
839
861
861
844
843
827
850
848
848
846
839
854
838
852
834
837
804
798
796
804
806
820
838
810
821
812
833
831
815
821
812
813
808
812
809
810
828
831
833
839
840
844
838
849
843
854
848
843
839
835
830
830
808
800
787
794
800
803
819
822
844
832
827
833
841
831
823
828
824
827
849
835
833
816
813
817
835
828
810
809
797
813
809
815
825
841
844
856
834
840
838
840
822
811
805
817
814
800
808
811
808
797
807
829
811
815
820
820
822
812
814
822
838
830
833
831
825
831
844
822
824
827
819
836
835
833
860
853
851
828
834
837
842
843
830
827
847
854
849
855
844
843
838
839
845
834
845
824
825
820
829
821
830
831
828
836
837
830
848
847
872
849
860
856
856
855
863
860
849
858
868
855
865
859
854
851
847
847
843
844
834
853
858
867
868
862
864
874
866
865
867
874
877
864
879
876
877
875
887
899
890
889
881
870
893
897
887
886
880
873
875
858
854
848
869
866
836
856
867
868
865
863
871
868
877
876
876
866
866
855
871
863
872
863
861
864
875
877
874
860
855
856
864
859
856
852
868
858
846
866
859
864
849
865
865
863
863
856
864
837
821
851
840
842
835
850
844
852
856
847
853
842
850
857
868
864
877
871
880
881
884
862
859
848
870
864
852
868
859
875
875
857
864
867
875
866
865
868
864
865
848
847
838
844
839
841
845
853
862
860
865
853
839
854
842
846
852
848
841
863
862
854
863
860
873
861
850
847
844
848
825
847
865
842
841
841
859
840
846
824
822
832
839
842
844
836
830
840
837
842
848
873
887
891
882
884
856
851
838
846
857
868
848
863
859
851
854
851
842
841
862
836
829
839
836
849
836
828
837
826
844
842
851
857
861
860
859
860
865
861
853
862
858
850
850
858
841
845
840
846
856
844
841
838
847
825
808
823
817
820
821
840
845
858
854
844
851
861
858
857
855
868
860
862
860
841
857
869
881
889
884
878
871
873
880
881
868
859
883
866
866
858
859
856
861
868
857
863
857
870
858
874
860
865
868
863
859
860
854
865
862
890
877
872
865
863
847
851
865
863
853
846
856
847
862
863
839
844
832
849
850
845
855
845
837
860
848
844
833
852
846
846
843
827
836
825
827
810
815
817
805
817
803
833
826
823
829
833
839
843
825
842
838
840
843
817
845
851
858
851
857
846
849
852
855
845
831
842
812
816
815
839
853
848
871
890
891
903
886
866
888
870
845
854
868
847
863
855
829
826
846
844
837
832
829
851
852
861
838
824
818
829
831
832
828
831
848
847
834
827
824
826
832
836
852
862
860
852
858
840
843
851
862
874
872
869
859
853
856
863
878
867
850
841
842
865
867
837
860
857
865
867
858
866
842
843
855
856
836
839
842
842
848
840
848
842
820
836
838
841
830
819
834
850
848
835
841
845
845
860
852
847
852
864
868
866
864
864
881
885
892
889
899
897
890
895
896
899
895
892
874
870
879
858
870
880
877
866
865
872
871
878
876
861
865
878
882
884
899
892
875
866
860
863
853
837
850
845
859
846
838
834
850
852
857
870
873
865
855
857
851
846
845
840
850
848
838
834
838
836
843
832
840
834
818
837
842
846
838
841
840
838
833
820
823
834
827
822
821
828
838
852
857
877
881
881
873
880
856
848
839
851
845
841
844
832
850
850
866
850
851
837
850
850
846
860
864
845
857
852
846
838
847
849
839
856
860
873
861
860
837
833
832
842
846
845
831
837
842
826
823
833
822
828
838
843
846
838
830
833
866
876
871
881
889
886
903
891
892
896
897
882
866
873
854
860
869
862
879
862
849
859
852
846
870
855
854
838
839
853
859
856
851
858
857
849
843
850
848
830
861
864
859
850
848
852
858
847
838
827
822
844
825
814
800
820
823
828
847
837
853
858
871
867
850
844
852
852
856
867
859
839
855
833
844
845
839
856
848
849
852
852
848
815
830
829
817
830
829
821
819
829
831
848
847
846
853
842
852
856
840
838
844
823
822
839
825
835
848
848
849
833
833
839
837
835
838
828
845
826
828
830
849
821
829
819
821
832
826
839
848
827
841
848
842
833
833
837
838
808
812
806
823
812
816
840
828
830
842
842
844
826
835
829
832
839
847
841
837
837
846
844
833
847
850
856
857
827
831
849
844
870
864
856
845
845
839
848
860
846
829
829
816
824
838
852
859
857
864
862
867
873
874
853
852
842
846
846
854
845
835
866
862
835
825
836
849
844
860
861
860
854
840
834
850
845
853
874
878
873
855
875
870
864
875
850
846
849
859
855
844
842
851
851
863
847
845
828
826
835
852
842
841
840
841
834
843
845
855
855
858
866
861
861
856
862
859
884
867
864
843
860
861
854
842
851
836
825
834
851
844
866
865
861
878
863
852
865
863
865
870
865
870
877
879
879
854
853
852
862
853
843
864
852
844
834
835
832
818
825
826
834
840
828
845
858
826
816
824
815
814
836
818
825
846
856
879
879
867
894
893
891
894
882
877
873
875
880
887
895
890
892
901
891
890
865
863
878
883
875
864
876
870
860
849
863
861
862
850
849
851
855
855
852
855
856
857
841
835
829
838
853
859
860
845
833
836
861
863
862
865
872
861
862
849
855
867
863
849
855
871
863
849
839
839
846
861
865
872
856
847
846
861
862
862
864
858
869
873
871
874
876
854
842
871
856
842
832
850
839
838
839
850
838
832
843
833
826
852
848
844
839
835
827
824
816
838
847
865
861
875
883
869
858
860
848
845
837
845
846
846
838
835
845
838
851
827
844
847
853
863
851
835
836
840
840
849
859
869
870
866
882
885
879
886
879
883
859
853
841
858
850
861
843
846
842
841
831
837
845
845
862
873
893
877
866
861
872
867
882
886
899
897
890
898
893
886
875
859
867
868
849
860
855
860
864
854
844
849
859
862
883
865
870
862
877
867
865
872
852
847
862
853
843
845
852
856
847
849
820
816
837
834
823
830
834
852
858
854
854
844
849
864
841
852
842
867
871
879
898
882
877
875
867
885
892
890
881
864
887
880
870
864
850
855
866
848
848
836
842
840
837
826
835
841
846
857
859
858
872
880
886
862
867
864
860
870
861
882
864
838
853
838
831
836
832
830
839
850
864
863
863
855
846
866
861
865
868
853
863
862
862
862
870
850
840
850
812
817
838
825
814
819
818
819
833
829
854
851
845
844
849
846
865
855
836
852
838
829
834
834
855
836
849
867
863
861
855
859
862
846
830
837
841
857
856
846
838
847
856
852
850
846
859
851
854
871
850
856
849
870
872
867
873
853
842
829
829
833
847
842
855
858
865
867
859
829
843
843
849
838
833
852
862
857
858
871
871
863
866
857
865
874
878
878
864
845
868
868
876
888
867
888
873
901
884
886
877
865
869
850
856
869
859
863
856
851
870
873
855
846
833
851
845
853
855
860
869
862
842
835
828
830
822
823
833
839
847
853
852
846
845
847
855
854
853
853
853
842
867
872
861
842
837
851
853
848
843
839
831
835
845
844
858
836
826
830
820
818
825
798
805
800
804
799
815
841
854
862
869
855
846
852
839
835
836
838
832
852
855
866
848
840
855
863
882
874
877
893
891
900
903
891
865
868
866
865
871
885
873
866
846
872
881
865
862
862
881
894
880
889
876
888
886
886
876
878
874
869
865
854
854
843
835
846
865
853
841
868
865
858
861
870
877
870
876
879
865
875
870
891
869
865
882
889
886
887
877
861
874
890
877
868
873
876
864
863
833
842
844
844
839
833
828
847
857
845
847
839
833
830
828
854
843
853
826
858
837
848
847
833
845
848
858
846
830
828
806
814
808
810
818
826
827
826
821
844
847
847
846
850
860
873
854
857
840
835
840
836
847
828
842
851
845
829
838
848
866
846
868
874
885
863
858
847
852
855
852
838
860
834
836
857
842
837
842
860
862
875
879
878
885
875
882
883
893
873
873
863
884
884
883
894
865
860
868
845
860
845
852
851
852
857
854
864
868
853
859
861
855
852
859
865
870
864
867
860
870
856
865
849
863
844
838
844
846
850
838
839
831
840
864
880
872
873
868
884
894
907
881
879
874
853
856
858
872
863
854
834
847
857
863
868
874
882
876
867
870
863
846
848
856
867
848
841
846
836
841
839
844
837
844
860
846
848
841
843
849
856
836
846
840
839
837
836
848
856
857
858
843
845
848
856
877
859
850
858
852
882
887
892
881
896
875
863
851
848
847
852
854
868
874
870
844
874
870
866
850
829
839
834
847
841
851
855
869
870
869
853
857
842
841
860
847
866
848
840
821
814
821
821
815
821
823
827
820
813
826
852
841
855
842
858
838
843
849
854
849
846
843
846
850
834
828
837
853
872
869
853
872
863
866
827
843
851
864
847
852
835
836
835
837
833
847
846
862
854
850
852
834
838
816
795
810
820
830
827
826
833
837
820
818
822
826
826
838
836
829
832
837
848
854
864
850
875
861
856
856
851
865
865
882
874
861
859
873
838
834
838
840
853
840
847
846
847
858
866
873
869
842
839
865
842
832
832
838
832
830
843
850
842
840
838
824
846
846
842
831
839
846
862
850
843
847
843
831
830
827
808
830
841
818
824
831
824
818
816
814
807
799
803
814
819
814
836
848
842
823
830
814
835
835
840
837
840
826
820
837
841
840
843
844
843
850
862
866
857
838
866
848
850
840
826
841
832
830
835
836
840
832
823
841
828
821
819
814
818
809
813
786
806
804
796
807
801
804
817
809
798
799
792
794
822
823
820
803
806
799
822
823
828
810
805
806
802
799
812
808
827
813
815
821
832
846
822
821
829
806
831
833
828
831
819
803
814
805
814
827
820
807
812
814
830
811
830
835
850
853
843
834
824
822
837
828
835
845
835
836
849
843
838
837
837
842
832
827
835
838
837
836
831
830
838
836
829
831
833
829
825
836
813
805
792
798
795
833
842
843
839
839
854
829
825
809
813
823
823
822
811
798
775
790
799
807
810
820
820
820
846
835
822
836
837
842
853
834
837
812
827
829
835
835
839
850
847
841
839
825
828
831
831
812
799
800
803
815
813
824
832
818
811
822
812
825
824
813
838
826
829
832
846
827
834
840
854
854
860
839
840
831
826
833
822
819
818
853
845
847
835
820
836
820
811
823
810
835
836
830
845
831
811
810
816
794
806
790
814
797
794
792
774
787
792
815
797
818
812
806
801
797
807
814
814
808
813
816
829
838
815
822
831
845
838
855
837
841
848
838
841
818
824
829
813
824
823
830
831
828
828
826
837
826
825
834
821
832
812
831
824
820
816
809
811
829
840
827
834
832
821
816
802
817
810
826
819
812
819
820
813
799
801
787
796
789
788
804
812
806
809
791
792
782
803
805
809
796
807
815
816
811
800
790
790
803
798
800
796
807
797
799
791
795
783
793
795
798
778
778
781
763
772
778
784
781
801
801
790
783
769
764
760
780
787
798
810
805
825
810
827
804
794
778
775
773
774
776
785
804
821
807
830
833
810
802
808
773
776
782
775
787
778
794
789
792
787
775
786
794
792
792
774
787
796
800
798
796
801
798
789
800
806
816
797
802
794
817
821
825
826
806
794
820
821
809
830
805
789
807
810
798
788
795
781
777
784
770
785
791
801
817
829
827
818
807
810
808
814
802
801
803
813
814
812
800
816
815
818
834
834
838
852
841
829
825
828
823
832
820
807
804
809
807
805
822
820
812
807
817
799
802
793
799
794
810
803
804
774
779
804
810
822
819
827
817
790
782
765
766
776
779
786
751
767
779
786
787
785
782
792
787
768
772
763
755
777
779
788
787
774
789
795
799
786
785
779
796
790
783
785
794
791
796
813
824
794
802
809
796
815
808
802
806
798
812
815
821
814
815
788
807
818
813
828
815
807
818
814
811
806
815
807
807
793
790
795
803
796
806
815
831
822
829
826
812
809
814
809
809
805
797
781
791
799
786
780
773
782
787
783
793
786
776
770
776
782
774
771
801
810
811
822
822
826
818
825
819
799
815
829
834
825
821
830
824
819
810
830
821
813
814
809
817
812
802
827
823
825
813
812
800
801
811
810
809
809
816
821
819
817
809
798
795
795
788
801
810
801
802
802
806
809
790
801
807
799
797
783
784
793
803
793
797
795
792
791
801
798
784
803
799
812
809
815
828
819
827
838
820
820
805
825
816
810
839
826
836
828
821
817
822
837
821
835
829
811
816
833
840
827
810
837
830
835
843
846
835
826
801
799
801
807
796
814
820
819
818
808
802
803
805
805
812
800
782
777
785
779
779
776
778
786
806
789
798
781
799
806
792
810
797
797
800
792
799
781
782
798
802
797
781
787
762
776
779
777
780
787
763
778
778
791
816
821
821
810
807
813
817
822
827
819
814
801
784
798
786
804
820
819
811
818
815
827
808
816
830
812
815
819
830
829
814
827
844
845
859
849
852
841
841
840
821
810
804
811
808
806
805
799
792
794
810
819
824
805
801
818
804
795
787
788
802
797
787
783
778
795
795
796
810
804
814
808
811
820
811
799
809
807
793
790
774
777
768
780
766
786
774
776
790
785
779
786
791
791
799
785
807
807
799
784
803
803
791
786
806
804
805
787
786
779
774
769
770
764
767
773
757
769
784
813
813
829
795
801
800
799
805
795
807
810
804
806
789
788
801
801
818
813
806
812
807
810
809
805
814
788
795
807
803
794
792
790
788
816
823
809
820
817
808
802
792
796
799
794
803
801
792
795
782
781
780
782
790
798
810
806
796
802
787
804
794
808
814
822
816
827
827
812
797
823
811
815
794
803
801
802
804
803
800
804
794
787
790
795
816
822
829
832
825
816
826
829
819
820
819
807
817
811
788
778
770
791
783
803
803
793
793
778
790
778
792
774
784
794
777
782
786
788
788
776
798
801
796
774
787
773
790
792
798
782
781
784
783
791
790
785
779
796
799
811
818
786
786
786
776
791
807
825
825
818
826
831
829
816
809
812
800
805
803
798
793
797
799
790
785
786
773
774
782
778
773
778
772
777
767
761
770
785
764
772
746
762
759
787
791
781
791
787
798
808
814
795
797
794
813
802
822
812
806
794
795
810
816
799
796
794
784
796
774
798
792
802
793
804
795
789
790
793
782
783
784
791
785
771
780
770
791
794
786
808
808
787
782
788
783
778
791
794
804
807
799
788
779
781
774
763
789
771
778
785
782
786
775
766
776
760
780
769
775
790
789
798
796
779
791
801
797
800
802
800
796
801
795
794
788
794
801
780
780
786
788
773
773
804
819
807
814
804
792
783
783
796
792
791
789
776
768
768
760
750
755
748
746
766
771
759
768
765
775
750
763
787
798
780
779
772
792
809
818
822
825
811
807
804
797
790
800
792
788
783
789
779
794
795
800
806
818
820
799
801
789
803
795
784
783
778
796
776
788
771
775
778
789
793
796
783
781
793
780
794
782
800
799
815
791
797
780
776
766
762
741
742
751
746
745
762
753
742
763
773
758
747
750
740
742
728
729
716
733
715
728
719
717
721
726
737
744
735
729
761
751
757
751
759
738
742
749
730
737
751
763
783
765
763
758
754
753
744
735
745
762
737
748
755
739
757
753
753
748
770
762
749
752
752
753
761
777
749
762
755
763
768
758
754
761
785
774
777
767
772
772
764
749
751
759
756
763
773
776
766
758
767
759
759
751
742
737
741
751
748
756
753
759
756
774
764
777
780
786
775
774
763
769
764
772
775
769
782
771
771
792
787
780
798
790
769
768
757
764
771
782
801
780
773
773
779
780
762
784
792
796
791
791
774
783
771
782
763
788
796
801
807
794
789
783
776
765
744
736
755
736
743
749
753
761
776
760
758
765
768
783
764
749
778
779
780
794
807
799
792
771
744
742
726
736
753
739
740
749
728
746
759
756
756
773
782
770
763
768
782
786
772
763
765
751
749
741
752
756
736
735
730
720
740
736
709
724
721
733
733
735
742
738
756
748
754
757
765
744
736
738
756
744
749
738
755
755
755
780
766
762
760
772
765
761
761
773
771
770
773
760
751
751
740
742
742
738
746
720
739
759
768
753
759
748
742
748
767
767
756
762
752
739
734
729
739
717
714
722
729
727
703
721
731
755
756
778
775
793
770
776
772
747
771
768
762
738
761
750
749
744
741
736
749
750
747
737
741
754
749
740
736
737
760
754
749
768
773
761
773
776
765
768
770
774
779
790
793
775
776
777
769
770
761
773
755
751
767
757
753
767
759
761
763
760
778
783
777
791
762
762
760
738
755
770
762
781
773
770
762
776
766
756
749
743
740
762
759
767
785
793
793
791
783
783
775
773
775
767
761
755
785
774
781
787
774
775
791
792
789
795
806
798
804
814
796
784
781
778
787
780
792
775
779
787
795
792
801
807
801
790
793
790
798
791
800
786
804
814
807
794
796
787
792
803
797
798
784
800
784
771
769
782
780
801
790
775
779
762
781
779
774
788
793
790
793
787
777
782
779
795
792
802
766
772
773
746
745
758
746
766
758
779
765
762
744
767
767
753
753
752
759
757
766
761
742
752
759
761
786
768
768
758
752
778
761
772
780
782
759
789
793
803
805
803
781
779
781
760
754
761
746
766
775
754
750
769
766
758
765
744
747
754
764
742
745
769
764
788
766
747
757
753
772
768
766
770
780
752
762
745
734
730
723
732
745
740
739
733
724
730
739
725
742
734
717
720
736
742
746
733
735
740
754
757
763
753
748
747
755
749
757
768
763
759
771
756
754
758
752
767
773
772
767
771
782
759
767
757
744
746
743
758
757
767
759
750
759
775
773
777
761
763
782
762
768
764
753
771
750
753
752
752
769
756
744
753
764
760
769
775
767
779
771
758
769
773
766
765
751
758
758
750
754
739
768
769
779
777
767
752
747
754
760
770
767
757
756
762
772
781
772
772
761
771
761
760
750
744
733
734
752
753
769
751
746
749
758
757
744
739
740
746
731
732
752
761
768
756
745
741
753
745
735
735
737
752
767
751
754
760
778
783
792
796
765
776
765
761
775
769
771
766
780
789
764
762
766
770
775
782
780
785
793
771
772
787
783
792
797
775
761
763
747
765
775
783
771
765
774
787
800
794
778
771
787
813
810
784
783
774
780
794
794
798
798
804
789
813
785
783
779
788
791
789
805
799
801
810
812
808
798
803
795
784
802
807
808
814
830
807
801
787
798
790
803
807
801
812
814
794
769
787
784
763
752
731
718
757
746
742
752
740
720
722
729
745
739
726
751
739
745
746
741
761
754
749
752
759
768
776
778
770
760
783
781
778
764
780
774
769
767
745
737
770
749
756
758
761
756
767
775
771
775
777
756
763
765
746
749
761
764
775
767
759
746
746
758
753
762
747
762
766
751
751
768
774
787
772
757
755
760
752
743
752
755
740
744
741
746
741
758
752
746
731
735
726
742
731
729
731
756
749
769
764
783
779
777
775
785
792
790
762
778
775
754
755
742
734
720
730
743
748
745
747
750
755
761
751
765
756
740
741
743
733
747
752
748
751
760
755
756
744
730
737
738
735
747
762
762
752
747
758
764
773
784
777
769
767
783
773
780
768
769
770
752
767
764
762
765
772
769
780
760
781
773
769
776
779
776
773
765
754
772
781
769
768
763
752
734
755
758
763
758
771
768
763
765
773
787
801
794
758
753
760
760
755
750
759
754
770
756
777
780
763
775
765
744
766
781
786
782
778
777
785
772
770
776
755
765
767
768
761
783
787
782
772
773
791
778
802
791
799
800
782
785
777
773
779
764
779
767
747
777
792
769
784
774
767
763
779
788
777
762
766
795
789
800
794
796
779
787
782
769
769
777
770
761
766
764
777
768
755
763
773
773
770
776
784
781
769
772
778
784
796
799
794
780
796
783
766
782
774
779
771
768
761
759
756
751
755
758
771
759
751
772
779
776
777
760
783
790
795
796
783
774
767
777
770
768
755
755
761
768
769
754
775
745
751
755
748
757
765
779
779
796
780
772
776
772
748
761
755
746
750
745
753
751
742
750
729
738
737
735
733
742
758
761
755
757
772
765
752
760
765
767
760
750
757
757
760
762
761
746
742
749
749
753
754
743
735
719
724
720
721
726
720
733
754
759
773
750
759
745
747
745
751
750
771
765
768
750
770
759
761
766
762
770
763
756
752
763
754
756
748
771
759
769
782
756
767
764
769
769
771
782
793
776
766
784
756
757
776
767
748
753
742
737
733
739
752
762
759
748
738
751
751
744
749
758
769
771
759
769
768
760
754
744
747
744
743
757
745
776
769
776
780
782
784
773
788
796
798
792
798
792
778
795
779
784
776
780
797
798
774
783
781
800
795
813
814
808
798
817
813
820
811
798
798
793
787
788
799
784
799
786
802
783
791
784
780
787
795
756
756
776
779
773
793
782
787
806
814
797
797
813
802
814
809
798
809
831
824
811
804
811
791
789
793
787
797
795
789
768
768
736
754
752
753
780
772
768
775
784
771
783
793
788
785
778
783
783
784
786
785
775
777
775
779
771
766
760
778
772
760
767
758
769
780
783
755
751
751
752
743
760
741
736
750
742
747
741
738
764
763
741
729
722
748
754
749
749
756
755
758
765
775
770
777
770
771
766
765
747
757
775
765
769
757
757
759
757
748
758
761
768
756
757
746
760
755
755
750
756
755
772
759
767
775
764
765
775
774
775
787
786
764
756
737
753
751
748
739
741
747
726
728
740
739
753
750
747
744
751
750
774
774
769
773
780
783
780
780
789
785
777
770
760
766
773
761
754
770
780
776
764
781
763
764
753
758
775
761
760
766
752
759
769
773
781
773
778
768
776
778
778
775
772
792
795
776
790
791
792
775
778
783
779
779
774
774
783
760
757
778
772
780
786
787
783
780
761
778
776
775
784
782
781
788
789
775
789
786
778
773
765
754
757
764
757
776
765
778
766
770
772
782
772
757
763
770
765
762
749
736
744
742
758
769
771
774
775
764
771
763
768
775
774
764
773
772
743
752
762
765
759
758
752
747
761
762
754
748
731
730
727
731
721
753
754
742
752
748
752
742
746
749
748
761
770
772
783
768
778
787
774
770
772
772
775
766
754
741
760
759
764
758
757
766
780
775
788
773
783
782
775
789
779
778
782
783
787
781
777
780
770
761
742
738
753
770
758
757
760
747
756
771
764
774
772
782
767
767
767
763
767
729
735
743
735
735
754
759
770
757
755
773
789
792
786
779
766
772
762
754
766
772
772
765
767
751
751
732
741
755
743
748
753
755
757
754
750
751
761
752
743
752
766
776
756
776
782
783
798
789
791
793
785
792
781
779
784
779
774
777
772
769
782
763
759
756
762
769
774
785
786
779
782
768
775
778
781
777
766
750
760
761
765
752
765
777
777
776
763
776
781
793
782
777
776
772
773
768
777
793
790
786
784
784
781
795
794
776
786
787
791
794
805
799
783
800
779
760
766
770
760
742
745
756
766
761
766
777
778
779
789
788
796
794
791
786
782
776
786
777
778
770
754
760
759
767
762
767
765
762
765
763
763
770
764
750
734
744
744
730
739
738
736
747
730
724
727
741
760
765
740
752
747
755
768
763
769
753
753
765
771
760
758
745
745
751
734
746
752
758
753
765
764
756
780
783
782
784
786
784
768
774
750
748
747
725
710
713
715
724
724
727
726
737
725
736
741
722
720
721
715
734
729
739
733
739
732
741
750
741
736
739
729
737
739
753
747
741
733
744
739
723
718
725
727
714
711
722
723
725
737
739
743
725
726
721
725
731
740
732
745
734
728
723
725
722
723
729
732
727
747
745
748
742
743
720
721
736
734
744
753
752
756
769
765
775
766
763
761
755
748
749
746
743
753
745
730
733
744
751
763
755
760
767
752
751
767
751
755
753
751
743
747
758
763
751
739
731
724
730
723
736
739
740
741
733
735
725
729
735
731
731
749
735
739
739
732
732
723
732
740
745
763
769
757
777
771
772
754
768
773
770
774
759
766
759
773
771
771
757
768
778
784
778
777
772
759
761
754
756
758
755
740
745
758
756
750
758
759
764
783
768
760
747
747
761
752
758
764
764
754
749
750
761
764
754
752
763
760
772
773
759
759
758
769
758
761
780
764
768
756
758
762
758
771
752
753
754
747
748
752
740
747
734
742
737
736
723
719
731
729
719
729
725
730
743
734
732
727
723
736
746
756
766
759
752
748
746
731
746
743
756
753
745
749
747
764
762
768
762
777
787
768
769
771
771
761
760
756
754
755
734
718
731
738
751
755
746
755
749
746
745
734
742
733
732
721
735
725
728
736
739
739
727
738
713
725
729
732
741
736
745
753
748
732
722
738
734
729
752
748
743
745
738
726
737
727
735
735
741
732
723
729
723
711
712
724
726
742
754
741
739
741
739
736
740
737
731
748
754
754
755
759
747
735
749
729
734
745
724
730
729
748
745
757
765
770
767
777
768
756
767
770
746
744
724
745
742
734
722
736
745
734
730
739
773
762
768
762
764
764
762
755
758
766
755
755
753
746
765
750
745
752
736
723
722
722
725
730
722
731
732
729
718
731
735
744
751
730
726
726
729
733
731
735
740
762
758
765
764
772
759
758
752
759
758
740
728
733
725
720
722
718
719
712
714
711
714
734
726
733
733
743
716
728
720
723
709
716
722
720
705
720
720
725
731
734
731
737
730
732
725
731
735
712
704
719
714
728
724
704
718
712
721
723
722
707
716
719
722
735
717
713
719
712
711
710
720
713
725
719
746
743
736
737
722
737
742
737
738
751
747
761
760
760
756
766
751
761
757
747
734
744
736
743
758
751
746
749
751
758
767
772
782
761
774
756
763
757
755
751
763
763
755
762
771
767
768
771
755
761
755
747
748
729
740
729
734
725
744
743
748
747
755
748
749
738
755
766
763
760
765
771
769
768
774
773
769
768
745
744
733
753
762
757
754
746
758
758
748
761
753
770
777
764
778
766
771
767
764
766
756
756
747
732
740
749
744
751
774
770
758
760
751
765
758
770
772
757
752
765
768
762
786
795
785
775
795
777
782
756
750
744
751
751
766
756
747
752
745
725
729
722
712
705
717
730
729
725
723
728
731
730
749
745
719
716
731
742
737
760
766
773
763
756
773
761
757
763
759
763
766
778
792
777
761
756
756
754
752
759
743
752
755
754
748
742
752
744
746
742
752
756
748
762
773
755
755
758
762
768
755
752
747
751
751
742
726
732
717
706
707
706
707
696
711
725
734
728
730
731
739
749
748
730
719
715
722
720
716
719
711
716
735
746
758
762
760
758
754
753
756
732
737
753
766
772
758
755
754
746
740
760
731
731
747
730
722
729
742
738
747
748
754
747
754
746
763
770
752
739
762
764
763
768
755
759
760
758
768
748
765
778
776
778
757
759
763
755
776
773
767
764
756
758
760
748
760
774
774
771
751
757
760
758
744
761
768
778
787
775
770
769
771
771
759
763
762
767
762
754
750
766
750
746
746
741
732
739
745
746
719
747
729
752
761
740
743
730
731
728
740
740
738
755
747
744
738
718
726
718
731
732
734
726
703
723
729
756
749
766
754
767
757
737
761
765
745
743
726
744
734
744
750
745
747
731
722
745
745
742
734
729
720
724
729
731
719
708
715
726
745
739
740
747
745
746
733
724
719
716
716
717
722
724
722
730
744
720
724
745
745
741
749
755
761
760
736
744
750
746
750
745
754
736
749
731
745
738
735
748
744
742
756
763
774
782
773
776
778
778
770
764
761
755
758
760
752
766
758
732
736
749
740
725
725
716
721
709
721
729
742
730
741
739
761
775
768
774
762
751
736
753
740
751
733
754
761
756
754
754
738
757
746
754
771
773
786
776
778
769
782
781
779
779
769
763
794
766
763
763
770
770
766
781
768
783
784
786
769
778
774
774
779
781
776
761
770
769
774
776
769
762
754
771
763
766
760
751
750
753
748
754
764
754
767
764
783
753
764
745
757
759
751
755
762
774
772
778
759
757
767
755
765
783
762
776
750
759
737
745
724
737
728
750
745
736
736
741
765
761
741
737
750
754
752
769
775
761
768
770
776
767
764
767
755
753
736
726
737
727
721
712
724
732
746
736
729
750
752
751
754
737
759
755
761
746
739
738
746
734
735
759
766
756
761
760
750
757
756
744
737
750
765
747
758
750
734
727
735
737
736
736
743
732
725
724
721
713
700
695
710
723
729
728
719
728
729
732
740
731
744
732
737
753
746
743
733
750
742
737
730
735
729
744
754
742
749
749
750
765
756
742
751
750
753
750
757
761
750
739
758
759
775
763
765
780
788
784
782
781
785
755
747
761
763
750
731
746
737
737
742
738
743
738
747
736
723
726
721
714
722
728
717
719
732
739
735
726
729
735
719
709
710
706
727
734
734
706
728
721
725
729
706
709
734
729
744
750
731
759
758
770
769
754
748
745
759
746
734
722
730
748
746
730
733
728
739
736
732
735
752
740
735
752
746
739
748
745
718
727
725
722
722
724
724
719
722
732
744
731
729
720
728
739
719
721
727
729
728
723
732
727
718
723
716
723
733
728
726
740
742
743
751
756
743
755
772
757
767
771
765
773
742
768
761
743
731
746
758
750
752
753
751
760
758
743
757
739
754
758
762
753
744
756
739
748
751
745
755
752
749
767
769
772
780
769
761
752
740
743
762
765
777
777
773
773
768
765
764
758
778
779
775
777
793
764
767
758
755
750
756
761
759
757
766
753
755
758
762
768
757
769
756
744
741
749
741
731
750
766
769
760
742
734
739
757
734
718
705
712
721
718
724
725
723
740
736
753
728
737
735
731
730
728
753
739
739
754
757
743
738
734
742
749
747
732
727
738
742
742
742
740
751
745
740
753
737
731
728
740
742
748
765
770
770
747
737
735
747
737
724
748
743
741
742
743
741
738
741
753
743
745
749
744
731
744
729
737
723
740
725
730
733
750
750
775
737
743
726
721
719
723
712
712
721
720
736
741
743
775
755
758
749
766
748
763
745
763
742
747
738
734
721
748
744
754
741
747
742
742
754
764
748
718
720
733
730
729
725
724
722
734
728
738
729
739
736
744
743
732
726
724
744
736
736
737
729
732
764
746
765
754
744
758
755
744
752
767
757
757
755
765
759
757
767
746
744
743
739
732
740
739
729
731
738
752
762
743
760
760
759
757
750
755
753
740
753
752
738
730
736
731
723
756
734
740
754
761
750
739
740
745
740
754
751
732
742
745
742
745
745
728
734
746
753
743
761
775
759
739
753
727
729
733
722
734
740
740
730
746
742
722
747
751
742
756
733
727
723
723
729
721
706
721
723
721
734
726
754
739
738
738
748
758
752
738
718
734
741
746
736
744
762
736
738
736
746
751
750
748
764
753
756
745
745
740
739
753
744
756
741
746
744
730
734
738
738
745
750
744
746
729
745
740
754
761
760
761
740
746
742
741
743
741
744
740
733
736
722
714
736
724
728
724
729
721
708
723
728
725
737
742
749
745
756
756
775
775
782
767
778
774
758
767
763
764
765
757
766
769
767
768
766
745
757
760
758
744
742
757
748
749
735
725
732
743
737
736
737
738
738
743
754
757
762
768
774
785
773
775
773
761
750
747
765
769
752
750
743
758
741
750
750
745
755
757
767
775
761
738
737
736
741
727
731
729
740
754
752
760
741
745
733
736
744
745
736
732
743
752
754
745
752
750
777
761
758
752
765
754
764
759
756
762
770
774
781
783
778
781
770
749
758
754
764
777
767
777
782
786
778
770
765
778
770
753
765
759
754
747
747
743
739
738
745
732
742
731
741
731
718
728
717
713
733
727
728
750
737
753
759
772
771
767
775
763
744
735
724
702
718
723
725
740
733
735
737
725
730
723
741
721
724
742
747
737
744
745
739
745
744
748
746
739
744
736
742
735
746
749
748
750
751
742
738
744
757
731
749
753
738
726
723
733
725
736
742
739
747
745
742
763
736
740
740
731
732
740
744
755
741
737
749
760
757
743
748
757
754
744
746
741
740
737
725
725
720
723
750
729
744
746
745
742
740
750
752
755
779
769
787
766
767
752
751
742
759
762
757
742
745
749
742
744
734
724
747
734
741
748
748
756
747
748
739
743
739
724
720
743
754
749
739
728
727
721
721
721
743
743
748
743
747
738
738
743
742
737
731
739
736
740
720
735
751
749
735
747
724
720
723
737
760
758
747
752
754
768
762
777
756
743
764
763
759
762
755
756
741
742
730
741
758
739
738
734
742
733
733
727
720
746
734
727
709
719
733
731
716
739
738
740
748
759
771
769
758
759
748
750
758
759
756
742
748
736
735
743
758
741
755
765
759
768
759
752
759
754
746
742
733
743
741
764
754
774
758
746
741
752
738
751
744
735
745
757
746
724
737
739
743
741
746
758
758
734
717
725
737
736
738
744
750
754
734
732
719
729
735
739
741
748
737
744
749
749
734
738
733
753
739
748
744
725
729
759
768
764
765
757
748
756
754
760
749
749
740
751
761
750
751
756
752
751
760
768
768
765
774
770
762
774
764
758
741
748
748
743
742
734
739
736
729
721
730
753
768
752
766
762
759
759
762
759
755
746
756
744
771
767
778
770
778
778
766
758
748
754
776
773
780
768
766
760
753
764
764
773
778
767
762
766
772
768
758
765
767
779
774
762
770
746
743
751
748
744
732
740
748
740
747
769
772
773
763
758
753
760
748
759
746
758
750
747
740
736
729
716
717
729
735
735
757
749
748
755
768
773
759
763
765
765
760
751
772
759
767
751
752
760
769
773
776
784
769
760
763
765
750
750
736
749
748
763
759
758
767
765
783
777
782
785
785
788
771
758
757
752
767
761
754
763
777
771
768
763
763
766
748
753
740
723
725
724
747
738
731
758
773
756
753
758
775
759
768
774
779
763
787
780
784
772
756
752
758
769
764
758
757
745
756
775
772
778
776
772
767
760
777
780
779
768
758
757
774
760
768
751
754
758
762
761
746
734
738
746
750
739
740
759
762
769
764
765
760
770
757
760
760
754
761
775
770
760
767
758
770
759
764
767
776
766
756
750
749
767
759
754
750
737
730
741
762
769
775
776
766
751
757
766
754
768
771
771
766
765
755
754
733
744
735
735
733
744
748
733
725
700
694
690
707
706
719
727
754
737
740
749
747
740
746
752
773
771
777
795
798
799
800
794
802
799
799
806
794
800
788
791
774
773
754
743
753
758
739
741
747
760
760
766
761
759
762
758
741
742
727
722
718
720
729
739
752
754
750
735
734
766
756
767
761
773
768
766
756
743
752
746
755
743
746
741
749
744
747
746
753
766
765
758
738
765
761
763
756
767
769
761
772
760
775
772
767
757
757
748
744
756
758
757
762
759
747
751
762
762
758
764
749
760
759
755
752
772
786
791
766
763
758
767
776
775
772
779
770
776
777
754
745
743
748
724
729
747
749
746
740
750
749
756
758
781
758
759
749
770
762
728
749
749
750
746
747
734
735
734
735
712
716
725
732
723
740
744
727
726
729
740
748
761
755
737
744
757
746
772
761
759
783
767
763
770
772
772
778
774
772
758
747
732
726
745
741
740
747
743
767
769
758
759
752
727
726
736
733
725
725
734
716
727
733
735
739
731
738
743
744
747
752
747
746
740
752
749
746
760
759
763
769
774
768
753
744
757
743
749
754
742
737
735
748
748
736
746
746
739
739
741
730
738
742
748
740
733
745
741
746
747
735
743
756
757
744
752
762
762
757
729
735
752
744
758
739
735
722
704
719
715
729
741
736
715
713
738
722
724
731
725
722
724
736
745
734
738
736
712
721
715
730
713
716
723
736
748
746
742
746
752
752
750
761
773
765
767
777
761
755
766
769
774
758
754
746
757
752
769
763
781
760
771
759
771
771
751
749
734
732
728
724
736
721
714
725
716
698
730
742
737
727
739
737
735
755
755
767
762
742
743
751
761
758
754
742
753
769
758
763
767
749
745
755
757
758
772
755
752
728
724
737
748
757
774
768
755
749
746
739
745
745
727
742
728
716
717
710
709
708
714
726
738
747
747
745
767
754
760
747
739
728
746
715
715
714
720
732
740
729
714
718
733
734
728
720
704
703
712
711
720
733
728
720
732
729
721
726
716
725
721
724
726
735
732
738
743
730
736
737
733
735
733
728
720
723
736
731
711
717
712
713
707
708
697
712
729
725
739
749
740
741
750
752
772
781
800
808
801
790
775
774
773
772
772
776
775
786
782
784
776
756
767
754
765
751
764
766
752
750
746
752
739
756
764
751
743
755
760
749
746
766
744
750
750
760
747
756
753
752
760
765
766
761
762
746
733
745
732
733
718
718
699
710
711
719
738
737
732
729
722
713
729
733
736
750
744
744
737
747
738
739
749
741
729
746
748
726
736
742
742
747
759
748
769
768
756
761
777
