777
754
763
764
764
778
785
748
758
753
752
760
766
756
765
759
748
756
753
754
757
764
755
764
749
732
738
739
741
742
731
730
749
748
748
741
743
740
733
742
717
706
703
701
708
701
707
694
705
696
701
705
706
715
709
707
729
726
745
726
730
740
733
740
713
714
712
704
697
718
723
728
726
719
705
715
715
730
718
707
704
718
723
743
714
722
707
728
727
731
746
737
741
737
738
738
736
741
751
743
746
755
760
766
780
767
774
773
768
724
732
733
748
720
727
726
728
722
722
727
723
710
699
719
726
738
712
711
706
720
717
708
705
722
710
716
726
724
735
721
732
732
728
723
730
754
738
730
730
712
714
711
707
718
726
714
720
715
722
721
719
688
713
709
712
708
699
691
711
706
699
696
686
694
713
723
737
744
708
706
707
690
669
689
696
702
709
701
691
678
680
684
691
704
697
699
693
697
708
707
697
704
728
740
729
733
729
719
725
721
726
732
726
726
742
732
699
726
701
725
713
723
709
703
710
724
711
706
702
709
679
693
678
676
673
685
681
670
676
685
698
686
706
707
711
697
705
720
714
711
710
711
717
711
695
698
708
714
712
708
707
692
691
680
685
688
698
677
673
681
685
673
677
681
701
700
698
695
711
718
723
725
720
734
722
733
726
730
720
718
724
717
715
706
721
712
735
742
718
718
738
733
738
737
736
731
729
715
717
710
707
724
709
719
709
715
719
717
721
728
728
715
705
711
712
710
722
716
709
704
695
685
683
693
685
693
707
694
679
686
675
682
673
680
680
673
672
676
685
700
704
697
702
696
713
711
715
712
697
709
702
715
712
693
699
692
694
706
713
708
716
713
721
705
712
738
721
741
750
741
742
768
761
757
762
759
754
753
759
748
739
736
741
731
729
727
715
730
721
733
742
740
722
739
751
736
741
743
724
730
732
730
733
749
746
726
731
731
710
719
732
717
736
720
727
732
723
721
727
730
732
714
725
737
718
705
715
709
718
700
702
678
689
687
677
682
699
704
712
688
687
694
702
708
711
711
719
695
691
699
693
699
707
717
694
695
700
710
714
726
722
728
738
720
730
720
714
721
726
717
715
715
717
707
706
698
691
698
711
710
707
702
704
714
709
728
727
724
716
719
723
722
727
734
739
720
737
734
720
727
752
752
718
725
698
701
717
709
717
718
708
698
704
711
694
714
702
696
710
715
720
727
724
727
732
725
727
727
727
738
735
736
753
736
741
731
752
736
728
700
703
705
693
693
696
703
705
721
709
726
738
742
743
736
735
723
732
722
732
722
737
727
741
736
720
723
731
732
724
724
735
722
725
748
727
732
718
717
718
724
704
712
712
720
706
726
730
723
721
732
716
722
704
708
726
729
735
721
721
719
734
724
727
730
735
715
734
722
731
712
729
729
711
713
725
720
717
730
712
729
732
718
716
731
736
746
758
750
725
738
732
726
733
747
720
718
719
719
734
727
723
712
715
711
709
712
718
709
712
729
736
733
743
750
751
739
742
731
728
732
728
735
742
747
743
745
739
720
722
730
721
722
723
716
704
700
698
688
689
688
694
689
705
697
707
702
701
713
727
717
722
727
707
709
697
703
713
738
742
739
734
734
722
737
726
727
735
739
730
736
742
749
743
729
739
746
752
763
748
749
755
740
748
741
727
724
713
721
706
712
710
716
692
697
692
694
671
684
676
680
678
696
676
710
716
689
690
713
720
728
732
717
736
723
713
730
722
742
733
726
717
718
728
717
715
733
724
722
721
719
709
714
705
711
712
734
734
731
722
732
743
714
721
731
722
726
716
742
725
725
717
746
735
731
748
744
743
729
709
709
711
717
707
705
709
708
693
691
697
695
703
717
706
706
699
701
716
725
721
720
731
732
728
722
723
716
722
720
730
730
731
708
704
710
719
722
723
724
717
696
687
671
681
707
714
708
718
717
713
710
719
732
722
723
716
716
703
688
691
688
693
709
717
712
735
730
728
709
698
698
693
685
703
720
716
703
712
730
714
701
709
707
706
692
673
669
684
685
695
691
702
719
745
735
739
742
725
728
736
743
731
735
754
743
729
737
715
729
720
732
714
705
705
710
737
727
727
731
725
710
735
734
729
741
713
718
720
711
712
698
701
709
702
691
693
696
689
703
707
704
705
709
718
719
713
704
710
723
738
738
722
721
714
701
702
701
701
723
720
723
731
730
728
712
726
739
717
727
722
735
730
731
729
718
734
732
709
742
737
734
745
730
729
730
724
722
728
710
698
687
699
701
712
720
722
722
722
724
717
746
749
752
727
730
722
702
691
701
715
707
726
726
719
738
735
748
731
726
734
727
729
717
708
714
729
715
709
728
739
735
727
733
744
735
743
725
739
739
758
747
743
751
749
749
742
736
728
727
733
738
725
728
724
725
719
700
702
709
701
706
717
712
710
699
714
715
710
718
721
713
723
711
728
736
730
748
714
708
705
703
724
715
705
723
727
743
741
738
740
736
717
712
723
720
704
722
710
711
713
724
716
715
727
710
712
711
717
720
728
716
725
726
719
727
730
732
732
746
742
739
745
730
731
725
732
736
747
738
722
719
719
716
710
723
725
730
752
739
725
718
719
702
706
712
709
706
697
692
695
678
686
675
691
695
694
699
718
701
718
700
704
700
703
710
722
698
707
717
717
707
688
698
701
713
710
709
709
718
721
744
731
721
731
737
731
736
741
739
726
714
720
729
716
728
710
715
690
701
706
706
705
700
700
712
722
704
718
728
721
726
728
713
708
701
704
680
683
688
684
688
683
670
643
665
662
677
684
679
683
686
711
699
702
703
710
711
700
703
703
711
690
680
697
677
685
686
701
707
702
717
718
718
714
716
710
716
704
706
711
710
709
716
711
702
712
711
699
719
713
705
709
719
724
722
720
710
708
696
688
681
679
686
695
691
695
699
692
705
709
696
710
693
692
699
699
681
685
679
675
685
688
693
684
668
674
681
688
702
694
708
696
691
702
705
720
708
702
709
710
719
724
728
728
731
721
708
706
711
687
699
700
685
709
710
713
725
709
714
723
705
704
707
697
699
710
702
692
703
695
687
687
693
697
721
728
716
721
712
707
714
723
716
733
726
713
719
710
699
691
692
707
712
709
721
721
725
714
689
710
715
701
680
662
673
677
675
687
661
655
651
657
661
669
686
666
652
652
658
660
672
658
650
642
637
639
639
627
635
613
632
637
638
640
650
651
634
640
646
650
644
661
654
652
663
645
644
651
665
675
679
679
660
662
654
656
686
705
702
683
693
691
684
679
691
695
703
714
688
688
702
690
691
684
673
679
674
682
695
697
683
677
676
672
672
657
682
663
676
671
666
680
674
680
696
689
701
703
693
685
677
691
691
692
680
678
677
667
665
674
677
678
678
677
663
678
678
668
677
677
681
671
672
667
656
665
674
685
693
683
681
661
677
682
698
672
654
651
648
658
648
653
666
663
633
651
619
644
658
646
662
661
660
644
652
643
644
643
642
658
663
662
660
675
678
686
709
685
695
690
711
684
674
674
672
672
664
661
659
652
648
656
660
663
660
650
649
651
650
663
678
683
686
692
687
692
687
659
661
664
666
646
647
657
656
652
660
669
659
663
669
664
691
688
694
680
680
668
654
676
677
680
673
676
685
671
689
663
667
668
663
672
647
664
670
670
663
656
644
670
676
656
664
652
649
655
661
657
682
685
703
708
698
691
690
685
668
678
671
690
683
705
693
692
688
681
669
663
654
660
656
656
671
695
701
692
699
692
682
676
691
689
693
705
697
675
683
681
663
658
669
683
677
670
655
666
654
661
695
692
689
687
697
688
686
680
694
684
693
688
671
703
682
690
682
678
678
675
665
682
678
665
672
686
681
663
679
676
679
674
660
663
657
660
676
676
680
676
690
671
687
679
679
674
679
672
679
708
718
718
691
685
678
677
673
658
666
678
666
667
677
676
671
669
674
663
657
660
663
660
671
670
670
684
678
677
673
662
660
667
656
668
674
677
681
691
679
673
669
672
680
674
662
661
653
649
674
667
680
681
681
683
686
685
685
687
683
682
683
674
664
672
693
685
693
669
694
710
707
690
697
688
685
686
682
698
700
694
712
723
702
719
725
721
710
712
703
678
687
698
701
695
698
692
705
691
702
696
713
714
705
706
713
711
712
693
696
696
694
696
689
688
698
697
690
680
660
671
651
664
656
641
653
675
667
655
657
685
686
663
677
685
664
659
644
645
666
676
669
695
691
694
698
687
701
684
694
693
679
677
668
678
671
659
677
675
659
667
663
654
662
655
654
664
652
658
656
651
651
640
647
658
669
685
667
683
670
664
678
676
662
655
648
662
675
682
677
686
682
696
672
680
690
690
698
696
694
701
703
690
681
690
681
681
688
690
699
703
701
676
690
714
707
696
710
724
728
721
711
714
709
712
710
693
689
671
668
669
679
682
690
659
699
690
686
676
694
693
685
667
676
677
680
696
690
707
700
689
682
687
683
689
687
699
693
668
674
666
669
683
693
696
706
697
687
693
672
680
688
695
685
672
668
680
676
674
672
673
660
657
657
649
661
663
667
664
659
667
673
684
688
698
676
664
669
663
660
660
676
682
664
673
675
661
658
669
673
674
676
676
675
687
683
687
679
686
685
688
699
698
703
693
704
700
706
697
700
680
677
686
672
683
682
679
686
699
698
690
699
692
673
672
660
654
660
647
661
663
656
649
632
652
646
655
661
659
667
665
651
655
667
668
665
674
667
660
663
674
678
682
664
658
664
667
685
668
667
665
662
670
655
660
679
686
671
670
693
692
689
685
670
680
674
693
675
673
669
662
663
671
672
670
686
683
681
669
671
663
648
655
656
665
655
646
649
653
640
652
656
669
673
674
674
655
673
655
677
657
679
652
656
674
665
675
673
692
670
663
656
643
670
670
667
670
678
669
660
671
666
657
646
675
674
685
680
680
686
688
683
700
700
675
675
674
666
663
658
660
664
654
674
669
666
665
656
638
645
646
638
646
646
658
642
658
666
674
670
667
675
689
699
710
713
706
705
712
711
707
699
702
698
686
668
685
694
699
695
681
686
691
704
715
707
701
697
703
703
690
676
671
672
682
689
700
689
680
676
690
700
705
702
695
701
703
684
683
687
684
670
666
669
658
650
668
676
679
670
668
664
674
678
673
674
678
688
684
669
677
662
676
680
678
664
674
662
672
676
668
665
685
655
671
668
668
677
680
694
702
674
681
681
673
661
681
668
687
684
686
670
682
659
649
668
677
665
663
645
658
658
645
661
655
667
667
656
641
656
663
653
653
653
654
661
656
662
671
673
675
669
676
668
665
649
655
642
646
654
660
661
660
664
650
660
660
662
645
652
654
654
674
673
676
671
663
643
651
663
635
652
659
653
664
664
684
690
669
685
680
662
666
655
660
670
656
668
682
691
692
694
691
685
685
679
678
685
695
684
693
695
688
680
694
681
687
667
684
685
685
679
673
682
687
686
677
662
641
657
669
658
664
658
645
643
643
655
642
652
659
661
652
655
645
653
658
633
637
648
638
640
632
632
645
642
627
647
652
658
660
659
667
645
659
667
650
655
651
658
669
677
684
675
678
675
683
677
676
664
662
652
655
665
664
660
665
666
657
656
646
647
662
662
654
652
675
660
662
642
636
622
641
655
638
635
633
633
627
632
617
612
611
622
621
622
626
624
632
651
660
645
646
639
653
651
647
649
640
633
645
640
651
658
655
659
657
642
644
650
645
634
648
644
639
635
652
649
629
631
637
648
636
624
629
624
628
624
620
617
616
625
617
646
635
633
625
620
624
623
638
609
631
623
638
646
633
624
633
638
644
655
654
644
636
635
624
602
615
613
624
621
614
621
608
622
616
618
616
617
617
619
614
612
606
616
599
612
614
609
608
614
627
640
638
641
638
638
629
636
630
598
615
613
625
615
625
627
632
639
636
630
609
624
624
626
619
616
610
604
620
618
619
615
611
600
619
605
603
602
617
614
604
610
600
603
626
617
604
610
620
609
596
604
606
618
613
616
623
634
615
626
616
614
620
614
632
648
638
637
635
645
618
632
644
651
658
643
634
627
630
609
623
612
615
626
628
618
615
631
642
647
644
644
646
663
651
659
658
638
641
633
634
636
642
624
631
641
626
619
626
615
595
606
627
634
648
658
655
650
659
670
657
651
642
661
657
654
653
651
656
657
649
652
640
633
644
640
636
628
617
624
617
623
613
631
624
622
614
628
631
612
611
624
634
640
646
642
661
654
631
617
625
628
623
623
629
626
627
641
629
620
618
628
625
626
632
633
629
654
643
636
640
633
629
629
617
638
635
622
623
629
616
622
613
628
620
611
627
629
618
613
619
601
632
624
625
622
606
617
626
628
639
652
636
637
648
652
649
640
641
633
641
641
637
629
637
635
642
645
638
627
638
634
643
656
658
637
640
645
634
631
630
623
619
625
624
610
613
619
613
595
603
612
614
611
606
604
599
609
613
602
618
625
616
614
618
635
640
634
620
627
620
648
627
630
648
635
634
617
630
651
656
657
655
649
642
649
656
662
660
634
651
629
637
648
648
642
651
665
672
648
665
647
651
639
630
622
642
627
631
654
636
635
627
619
634
626
637
630
629
634
648
636
652
645
671
668
641
635
639
634
625
636
657
647
646
641
639
619
639
647
657
640
641
642
622
637
638
639
649
663
646
656
642
632
638
641
631
632
629
630
648
636
627
639
637
632
625
636
626
636
639
645
650
644
655
641
640
649
641
621
629
627
630
638
642
651
662
673
680
667
654
647
652
654
667
658
655
650
657
645
645
662
659
674
667
667
662
677
657
654
657
663
661
643
643
631
608
620
624
650
646
643
640
641
641
627
641
625
644
652
649
646
647
656
640
636
627
628
621
603
620
627
635
626
645
628
631
652
634
627
646
644
639
626
650
643
642
649
646
629
619
620
605
629
627
635
641
627
612
621
624
635
634
644
642
630
621
643
631
624
628
639
652
640
634
642
646
645
657
638
627
621
632
624
638
614
610
600
608
603
613
635
635
611
622
607
616
616
608
622
612
615
616
610
601
603
596
622
624
622
612
623
627
606
625
634
630
629
635
645
641
632
630
617
619
602
636
638
650
643
638
646
653
647
651
643
648
655
643
671
669
642
642
643
645
629
618
635
657
655
632
631
640
613
631
623
625
622
627
625
624
604
625
624
617
621
621
625
621
612
628
615
624
615
599
598
603
597
611
626
618
619
631
635
640
637
642
638
632
629
646
640
626
633
621
618
627
629
599
588
579
580
586
583
577
600
614
609
624
625
633
625
624
621
617
614
615
617
621
615
613
593
598
601
591
606
613
609
598
605
597
600
599
596
598
586
603
609
620
608
610
629
619
613
626
611
603
595
587
587
599
606
616
616
613
609
618
622
633
615
608
617
602
618
619
615
611
615
608
602
599
592
595
597
592
599
605
612
609
604
608
604
604
601
608
602
592
603
583
614
597
614
599
605
600
624
630
621
607
593
597
588
588
599
595
589
602
602
605
594
606
595
594
583
571
567
574
582
586
586
581
592
572
562
587
598
587
585
584
590
597
595
609
609
597
606
611
594
597
606
624
600
613
619
601
617
615
612
603
588
607
608
603
614
622
616
621
620
610
596
608
621
629
639
639
652
651
621
629
619
625
627
631
620
610
623
624
617
602
594
601
624
621
632
638
631
616
627
616
630
637
626
637
628
632
619
620
627
624
632
645
627
612
609
609
608
603
614
604
606
613
593
611
618
620
618
598
598
596
601
602
600
597
604
600
609
592
582
584
600
593
617
598
603
603
609
620
602
603
603
614
619
625
624
618
619
630
615
617
618
615
636
627
627
609
602
605
615
614
593
598
615
602
610
617
615
614
599
592
597
605
614
624
609
599
606
617
609
615
620
617
611
621
603
602
605
590
591
587
589
596
595
593
592
597
581
590
600
596
613
608
600
589
595
592
582
595
594
590
596
588
615
588
575
574
588
584
599
597
599
596
594
601
607
601
602
587
615
634
633
630
625
630
616
610
610
624
602
602
600
604
591
581
575
584
584
575
588
585
607
594
582
586
591
597
597
613
621
611
622
610
620
615
622
620
607
615
604
596
603
606
601
604
596
585
583
592
598
606
605
593
592
578
595
577
589
589
577
594
602
597
594
598
599
610
626
615
604
605
583
586
592
604
601
605
611
609
616
623
616
615
611
621
613
594
578
606
611
604
624
617
624
627
624
637
643
642
638
620
634
633
632
623
617
634
623
635
625
610
621
631
632
631
632
647
632
645
643
627
648
653
647
636
613
611
603
597
598
593
605
598
591
599
595
584
592
585
598
582
571
590
599
585
594
599
607
609
623
636
626
631
638
636
629
631
624
621
638
624
615
624
606
610
607
627
630
620
623
620
625
601
607
606
607
623
607
603
602
588
585
596
594
604
596
602
605
611
609
595
597
599
615
618
604
598
607
597
607
599
612
621
611
633
631
640
646
638
636
628
626
613
610
595
604
596
579
583
580
581
577
575
580
571
599
601
607
612
614
610
589
593
593
610
622
610
621
615
632
625
606
615
613
608
610
620
622
615
611
607
614
612
601
620
617
621
635
635
631
627
620
613
621
617
616
606
600
606
591
602
604
601
604
618
629
626
622
615
623
622
619
630
619
641
627
632
647
638
643
622
634
634
648
649
637
634
632
617
617
622
620
619
620
638
619
618
602
597
598
600
609
614
604
611
611
606
597
606
599
609
586
585
592
591
610
612
598
608
609
602
613
599
601
598
592
587
598
593
597
596
605
609
604
609
608
594
607
610
606
607
617
608
628
620
605
606
611
618
619
615
615
621
616
619
632
630
624
621
637
628
623
623
634
623
621
634
611
612
619
610
622
618
622
606
618
618
609
599
594
599
607
607
608
618
618
606
608
615
627
605
612
600
616
611
593
621
615
614
621
619
613
608
605
617
610
606
611
628
631
637
650
628
638
625
628
627
626
619
618
598
592
577
568
575
575
565
589
574
574
564
567
553
568
560
564
559
567
564
564
567
566
549
554
555
555
559
574
578
577
581
592
595
584
583
592
582
576
579
569
568
569
577
581
583
580
559
565
569
565
560
556
537
574
557
577
561
575
575
561
572
578
571
587
583
582
585
567
552
548
557
566
574
575
570
587
595
593
590
573
588
591
592
586
587
586
597
595
587
598
594
601
598
584
584
589
580
599
594
575
581
582
589
598
582
579
600
589
604
613
615
600
601
598
603
604
611
591
583
587
598
591
581
584
590
589
585
582
590
584
579
579
577
566
587
595
573
591
595
603
583
590
587
592
590
586
580
579
575
589
590
583
586
580
579
572
571
565
587
578
583
594
572
550
569
559
554
554
562
544
541
543
544
551
555
556
546
550
560
581
574
584
581
578
575
566
575
568
569
574
573
572
565
569
574
575
561
567
582
573
572
569
568
554
570
577
588
594
590
587
578
573
568
575
571
568
570
567
566
580
564
546
547
556
567
563
570
573
570
570
573
564
571
575
573
575
565
549
550
560
565
562
560
574
581
570
571
569
585
584
564
570
566
567
580
558
555
572
565
570
562
570
571
575
564
565
572
540
541
527
543
557
560
563
553
576
577
581
573
573
564
560
552
546
533
541
542
554
537
534
536
536
527
535
535
535
529
528
542
542
533
553
559
554
544
549
539
546
550
536
537
533
542
551
552
555
557
550
549
559
559
552
556
551
557
564
548
542
544
542
543
557
537
544
539
552
557
551
545
538
535
531
527
539
522
537
528
530
529
526
518
528
528
531
539
532
528
533
529
530
523
514
504
505
504
504
495
502
519
531
537
529
524
531
538
542
530
535
533
521
524
534
523
522
535
526
529
526
517
541
541
539
539
534
540
531
534
537
542
536
537
542
535
535
536
528
533
543
536
541
538
542
543
572
570
558
567
559
563
558
569
576
573
561
556
549
551
554
539
540
539
550
536
537
526
531
531
527
522
536
544
539
541
536
538
532
544
533
553
535
545
539
537
522
519
526
513
512
507
531
528
532
526
524
525
540
546
557
543
541
559
570
565
546
567
563
562
555
553
563
564
559
564
552
513
542
550
536
536
543
536
528
515
518
521
519
536
549
541
538
547
552
538
536
534
545
549
537
536
535
539
547
556
539
548
548
552
528
537
552
544
549
555
553
539
536
528
524
535
534
543
548
548
536
530
535
531
527
533
530
527
529
520
531
516
518
525
530
542
550
527
537
541
548
537
538
529
535
532
547
541
545
548
553
551
554
554
553
550
545
547
528
526
545
535
526
518
531
524
543
555
548
552
550
550
531
519
528
520
512
523
539
526
539
549
546
540
535
534
537
531
525
535
521
527
514
511
511
519
524
529
526
511
529
533
540
541
533
535
520
523
518
527
541
545
548
545
535
541
533
540
550
551
551
563
561
567
561
554
543
529
535
532
532
531
534
529
546
543
545
552
547
555
557
558
562
548
540
541
551
563
568
556
562
562
554
542
539
544
540
534
545
549
547
543
536
538
523
531
538
550
539
554
551
529
536
518
519
523
523
530
542
531
530
551
534
542
536
527
533
530
525
536
531
527
536
526
521
527
524
533
530
522
502
501
517
534
543
540
547
542
546
543
542
530
535
541
547
536
538
543
541
549
567
555
539
536
548
532
535
538
537
564
558
564
548
551
540
549
543
538
544
542
546
563
555
570
574
566
559
566
558
556
557
571
555
564
564
558
574
576
574
572
570
578
574
557
546
541
518
524
518
531
522
509
526
514
518
523
507
506
506
509
516
511
510
514
502
507
515
528
519
513
532
520
524
534
534
531
532
536
545
537
520
530
533
534
544
531
515
520
508
512
505
536
526
517
523
526
518
527
528
530
531
527
527
526
539
543
540
530
524
520
524
518
518
525
533
548
553
562
536
552
558
548
544
529
539
534
535
522
530
520
530
519
532
525
539
529
526
533
522
538
519
539
539
531
531
515
515
526
529
530
530
524
519
520
521
522
542
526
546
552
550
528
522
523
525
528
541
514
534
532
538
527
532
509
504
506
513
506
505
513
508
515
503
508
514
519
526
529
530
540
533
524
507
532
522
511
507
523
536
534
537
540
524
514
525
539
540
551
556
544
541
537
547
545
551
535
545
553
537
519
520
524
504
511
524
523
521
517
508
507
504
519
510
527
537
556
539
538
543
544
538
537
529
537
529
510
530
531
551
548
562
552
541
544
528
519
525
519
526
534
527
525
527
527
534
536
530
530
541
538
524
524
527
528
520
517
535
501
502
526
527
526
518
511
502
509
528
542
538
538
519
536
504
519
529
533
536
528
534
535
527
536
532
555
544
549
538
533
557
569
578
576
558
546
560
554
559
569
547
537
541
543
532
538
554
526
546
536
537
528
537
542
540
542
542
533
535
523
531
531
533
531
539
541
553
544
549
538
551
554
546
543
545
537
527
513
527
544
527
517
525
536
519
532
538
529
540
548
546
545
545
549
541
530
544
554
549
548
560
555
569
571
570
545
564
554
547
556
543
538
526
529
521
526
519
517
538
536
531
541
528
534
526
526
528
526
532
530
518
514
519
545
531
518
520
510
502
496
506
501
501
514
516
517
515
504
509
508
492
506
510
503
517
527
531
537
537
541
530
539
541
533
521
524
519
515
503
516
527
521
519
520
525
519
523
524
530
525
532
534
528
518
527
520
528
514
530
525
516
540
538
532
536
541
524
535
531
516
533
534
516
516
512
513
520
525
521
521
513
513
512
496
494
510
515
508
514
515
512
510
523
527
540
533
537
533
527
534
532
546
541
525
517
516
512
514
520
507
520
536
528
519
513
506
517
514
512
514
499
498
495
496
489
504
502
506
517
519
504
502
503
491
495
500
500
508
512
498
523
521
513
519
512
515
509
509
514
501
499
498
500
514
495
505
510
519
517
524
524
517
519
531
522
533
518
514
521
526
531
527
542
538
536
523
523
534
533
513
523
517
521
537
542
542
536
538
545
536
542
531
522
518
530
525
519
517
512
511
508
518
518
508
510
508
510
512
506
525
498
505
503
506
493
511
514
531
506
518
536
522
520
517
513
523
522
529
530
523
536
537
537
532
526
537
544
556
543
545
549
559
553
546
551
544
565
568
583
569
553
540
526
531
525
521
524
520
526
522
532
541
540
550
534
537
545
556
534
532
518
519
517
528
527
522
512
515
511
517
519
532
512
505
512
503
504
519
515
523
527
526
537
548
540
550
538
529
539
552
545
542
562
557
556
542
528
524
533
539
523
525
538
532
521
529
529
520
516
525
526
520
529
541
541
538
555
556
556
545
536
538
538
544
531
540
525
521
529
539
544
539
548
559
532
520
532
536
522
512
509
515
515
509
516
512
534
530
537
530
527
540
536
548
562
555
545
551
549
561
561
561
571
581
562
558
534
535
544
544
534
532
525
520
515
499
512
517
518
522
533
515
527
547
552
538
536
535
539
525
539
537
531
512
508
527
528
535
527
548
541
549
550
555
561
567
551
535
520
535
526
523
520
529
520
524
517
533
540
539
532
539
542
539
531
536
535
535
540
528
550
546
539
529
540
540
537
527
527
527
538
537
538
543
537
530
538
534
548
572
563
554
552
565
551
547
550
574
560
540
529
510
511
520
521
526
529
525
512
515
529
546
535
515
529
526
525
525
540
536
542
547
543
544
540
528
528
530
531
536
523
531
532
529
523
521
517
523
504
494
505
523
519
524
512
514
521
524
527
534
536
538
548
539
547
546
532
522
524
528
543
535
538
544
533
526
526
534
531
529
526
514
525
510
518
522
524
528
528
529
513
519
529
530
534
524
533
525
523
521
530
534
539
539
539
545
547
543
531
537
530
543
541
540
539
529
549
550
542
552
554
544
541
555
559
554
543
540
547
536
546
525
529
524
529
535
547
544
534
531
542
543
553
559
565
549
553
547
554
547
540
527
524
523
530
531
527
536
531
517
513
522
537
527
515
520
512
520
517
519
539
528
523
519
530
544
545
556
555
538
539
539
543
534
541
546
536
548
547
540
537
545
557
560
555
562
561
562
554
552
542
553
554
548
549
545
560
556
545
543
531
533
525
532
530
536
536
522
535
523
525
526
540
552
534
537
541
538
529
530
526
510
526
516
526
510
522
527
530
527
530
513
525
526
516
529
513
519
530
523
528
532
529
529
523
529
528
527
522
525
533
532
522
534
534
550
542
554
544
555
549
538
537
522
532
528
518
511
525
533
531
531
527
525
516
526
537
525
525
525
533
524
530
526
531
533
526
518
515
521
524
511
517
523
526
520
520
519
517
505
499
499
506
486
491
493
495
506
500
497
502
501
510
518
517
519
520
527
516
502
512
523
501
504
522
522
533
532
532
534
529
534
539
526
525
534
528
535
522
523
513
516
504
514
520
523
525
520
516
518
510
518
530
533
524
522
532
537
546
550
538
537
541
548
547
537
547
551
544
561
564
562
556
554
567
561
565
557
559
553
543
541
556
544
538
557
560
561
567
546
558
560
552
540
555
556
567
554
547
543
546
549
550
543
552
548
545
537
527
541
538
538
536
533
534
538
527
551
530
524
529
535
547
535
533
537
527
523
534
549
534
527
516
529
525
526
524
525
531
519
540
539
527
524
527
537
532
524
527
531
547
546
530
533
519
536
531
532
536
530
544
540
530
540
530
534
538
514
526
532
524
530
540
525
511
527
522
523
522
525
538
531
511
524
521
525
521
521
525
531
523
536
525
515
517
523
524
530
516
528
521
511
509
511
523
529
532
527
527
540
532
544
525
530
520
516
526
544
537
529
531
533
525
533
530
535
536
539
528
525
507
517
520
527
543
538
540
529
536
541
529
532
530
526
532
538
537
547
546
547
548
545
553
560
553
553
560
547
551
550
549
549
541
517
525
513
519
524
528
521
531
524
519
513
524
529
530
550
551
543
543
540
526
520
527
532
541
543
546
550
548
551
543
535
543
544
555
548
530
534
518
522
520
522
530
529
523
505
527
531
530
545
514
515
515
515
527
526
517
531
532
514
503
520
518
536
532
531
542
524
536
544
539
552
544
549
551
542
539
545
541
535
553
543
535
539
550
546
541
531
548
560
557
561
545
548
543
537
541
534
538
548
541
544
533
540
539
544
544
537
543
540
542
536
543
545
555
544
558
545
554
562
551
559
549
551
551
555
534
524
519
525
531
535
544
537
547
554
562
559
566
558
562
554
561
564
535
532
530
545
543
522
507
517
531
531
527
531
530
537
548
556
561
541
535
534
533
532
532
536
504
516
517
525
527
531
534
530
534
548
547
560
548
541
533
538
545
530
538
539
541
532
530
527
516
511
504
503
514
512
526
529
541
546
535
558
541
544
550
539
534
532
551
554
538
535
529
532
531
541
550
550
543
541
532
529
520
531
534
538
536
535
537
526
540
544
531
525
513
512
519
515
503
513
518
520
511
505
511
530
529
532
535
534
529
538
546
541
549
546
540
530
544
524
533
533
538
530
541
533
556
560
549
540
526
519
510
523
527
524
519
518
512
517
524
523
524
522
543
536
543
530
545
537
535
539
549
543
547
545
551
550
535
529
521
527
524
529
533
535
544
547
550
549
541
544
532
526
528
523
529
528
509
522
529
530
529
531
546
527
528
519
519
504
506
515
527
529
553
537
544
546
556
541
538
537
537
537
546
546
540
546
536
552
544
531
527
536
529
523
512
526
522
527
551
547
554
566
544
554
542
543
529
530
536
552
549
543
557
552
541
547
533
527
530
536
523
525
521
533
543
543
548
560
552
552
554
554
553
570
552
544
543
547
554
551
552
536
542
544
542
530
527
505
512
511
505
518
528
522
524
514
512
516
513
512
516
508
502
502
531
518
524
526
529
525
526
528
517
504
519
537
536
543
544
553
543
538
538
522
523
517
526
514
522
512
503
502
500
499
520
532
523
513
505
520
525
534
523
513
519
531
527
535
527
518
513
515
529
522
500
502
494
495
493
511
527
537
527
524
503
503
500
501
495
503
501
493
484
480
480
491
500
510
513
513
511
528
517
514
510
506
523
515
511
525
518
528
532
529
532
538
546
536
546
554
549
550
539
542
548
548
545
536
521
529
535
521
525
528
528
531
540
544
519
495
516
517
512
513
511
508
503
509
504
512
522
524
520
528
524
538
542
521
518
524
530
516
534
521
530
533
521
527
533
534
525
535
535
534
525
497
506
514
514
501
508
513
510
511
517
515
506
504
505
489
491
500
503
507
507
518
510
529
520
514
508
513
511
507
517
520
511
526
528
534
524
545
555
556
565
562
549
555
550
547
546
548
540
536
528
520
526
514
512
503
527
539
528
521
526
515
499
505
518
510
510
503
507
504
511
504
514
521
518
519
536
526
528
518
526
516
529
530
522
530
542
545
546
524
523
525
512
507
506
506
509
511
515
516
520
523
532
549
552
531
516
518
509
499
505
519
516
516
521
526
521
523
522
531
526
523
519
521
531
537
546
548
547
549
538
535
534
538
535
540
530
521
519
532
532
523
528
515
505
509
505
504
513
528
525
543
545
542
542
524
525
522
529
524
525
536
522
524
515
517
524
528
518
521
523
536
529
531
531
538
524
530
519
512
522
529
526
537
541
533
526
538
532
534
532
523
519
530
528
534
523
518
512
504
502
497
514
522
511
509
516
532
548
540
537
532
532
545
536
531
518
527
507
515
495
505
522
517
517
513
536
535
545
549
550
546
543
558
552
547
528
545
536
549
546
550
545
558
569
561
552
565
555
543
537
543
545
530
525
540
537
536
532
542
548
549
529
539
551
553
550
542
536
543
539
551
542
539
532
519
513
513
495
498
492
505
524
521
525
533
531
533
531
528
517
510
509
513
503
499
485
488
484
502
496
509
518
527
514
529
518
501
512
505
517
520
523
524
530
534
532
536
518
524
506
506
505
516
509
502
493
500
493
486
503
494
488
505
486
489
491
481
471
471
478
489
497
505
504
516
515
510
509
519
507
502
504
513
523
532
527
512
506
522
523
525
511
507
527
514
506
510
505
502
503
513
520
512
513
527
523
527
526
521
512
526
521
520
523
533
526
521
524
518
523
512
517
514
524
513
513
520
527
518
513
522
522
525
519
537
532
542
541
539
540
554
567
548
549
537
541
537
536
533
533
523
509
527
532
528
526
525
518
525
523
532
537
524
510
524
511
508
505
506
504
508
514
519
504
512
512
505
506
511
496
500
502
503
492
507
506
507
508
517
505
507
506
502
505
508
505
513
521
541
538
539
541
542
537
526
522
519
530
530
525
522
516
516
520
531
527
526
521
518
522
502
522
514
521
532
517
514
526
523
523
527
531
520
538
538
549
538
533
514
527
536
537
525
543
536
543
543
548
547
536
535
530
509
517
510
496
501
503
510
500
486
484
504
503
510
522
510
508
503
495
482
492
501
494
491
504
508
496
493
494
499
488
494
488
486
477
486
492
491
486
482
488
491
494
494
493
491
487
500
492
513
523
525
517
519
517
506
513
505
506
507
514
511
508
508
519
514
500
512
493
487
475
486
478
472
473
479
480
484
487
493
491
488
488
491
498
493
495
489
492
495
488
483
488
488
494
497
480
495
498
492
491
493
496
495
484
494
509
518
497
491
500
488
488
495
485
493
504
490
479
481
480
503
508
504
502
509
504
509
500
508
506
500
515
515
508
504
496
499
510
516
530
528
531
524
529
527
531
528
529
518
522
512
500
506
501
489
499
511
508
511
503
513
517
508
516
514
513
518
516
507
510
498
507
519
528
515
511
519
518
515
513
508
502
508
506
510
499
492
487
497
482
475
480
484
501
488
499
511
509
520
524
529
531
534
525
505
523
525
532
537
532
541
548
545
537
538
521
529
513
508
519
524
514
527
532
514
514
519
519
514
522
524
535
535
522
530
510
496
498
504
511
518
509
516
528
523
529
518
515
525
521
521
515
517
531
521
532
525
531
538
523
528
523
510
505
503
502
496
511
518
529
541
519
520
524
521
502
490
489
509
498
500
518
501
522
530
523
527
524
520
523
519
519
531
521
516
512
514
528
527
519
512
514
516
499
490
508
506
519
524
517
514
512
521
517
519
517
500
490
495
515
494
492
514
520
519
500
513
516
517
520
523
516
522
520
515
516
525
517
521
511
517
517
528
529
519
506
498
522
523
524
528
520
516
530
523
522
525
518
523
532
551
546
554
567
555
551
558
558
550
528
509
517
515
520
522
527
512
522
521
525
533
529
508
511
526
512
519
499
515
508
505
513
507
502
511
510
509
506
511
516
513
525
537
527
513
525
527
529
524
517
517
522
524
525
512
511
502
499
497
502
499
493
493
471
474
480
483
482
482
483
482
485
488
485
489
484
480
487
481
489
493
494
495
488
476
494
471
486
474
476
467
463
467
451
464
460
462
466
471
462
455
457
465
451
448
449
448
459
466
468
482
477
496
482
488
487
489
484
482
465
479
485
495
487
497
478
480
496
505
506
515
525
518
512
513
524
521
526
511
524
518
520
519
532
529
532
534
523
528
518
519
520
510
522
515
517
496
513
528
525
527
511
511
517
520
509
519
503
500
506
516
516
504
510
500
505
507
515
519
511
519
525
523
512
531
519
505
510
503
508
497
506
500
491
487
500
495
507
517
520
508
513
519
503
506
509
511
527
525
511
511
518
506
512
497
522
505
504
503
506
487
492
503
498
507
502
500
501
495
498
494
497
487
501
491
493
481
495
490
485
481
485
496
505
512
495
501
502
486
498
493
496
491
488
482
483
504
524
518
485
471
496
486
509
497
503
489
494
490
488
506
499
491
496
505
505
519
515
514
500
490
504
509
490
485
469
479
478
481
485
490
498
495
490
499
497
491
495
487
493
500
497
502
496
483
476
490
487
479
468
471
479
486
474
468
462
481
487
493
508
510
517
514
515
515
523
517
534
511
501
506
509
514
513
515
514
517
512
508
498
503
494
490
504
506
509
507
491
501
486
479
484
478
487
469
474
474
474
474
479
486
478
480
476
470
466
461
485
476
478
481
486
483
469
482
485
489
483
494
496
491
477
462
459
481
471
473
477
484
498
500
497
490
478
493
489
506
508
499
500
490
499
505
503
500
500
487
501
495
485
495
483
493
483
495
492
499
482
477
483
469
458
455
453
458
456
467
456
451
462
468
477
485
483
492
489
479
485
486
468
474
477
478
471
499
496
489
494
499
497
496
490
493
487
495
485
499
488
485
489
497
488
490
470
468
466
460
459
468
466
472
465
474
478
473
483
485
488
481
473
472
471
475
482
475
469
472
472
471
467
474
464
473
487
493
488
490
484
483
490
488
502
497
520
507
512
513
515
514
512
508
501
493
498
510
488
482
477
487
472
496
492
493
496
508
513
525
501
500
514
514
500
506
495
503
511
506
499
494
510
522
508
499
491
482
484
487
484
496
497
507
503
512
518
519
522
524
533
531
520
531
533
531
512
511
504
501
498
492
475
493
501
502
498
488
483
501
501
511
504
495
503
492
485
482
484
483
477
472
485
498
490
487
493
483
483
490
500
506
510
496
484
488
473
474
481
482
493
476
466
460
460
461
461
457
459
477
463
472
479
477
461
484
488
490
480
489
485
498
493
509
507
490
495
491
504
513
508
500
493
494
503
493
499
497
501
494
490
495
487
486
485
493
498
503
501
499
497
502
504
501
501
492
497
495
494
504
509
511
499
496
491
492
488
497
497
499
504
499
494
482
493
481
485
478
474
487
484
485
475
473
471
470
476
452
466
470
460
454
468
458
454
453
455
449
452
459
460
471
460
456
441
449
456
457
479
485
474
482
487
479
481
475
484
487
502
507
489
492
476
482
484
473
478
462
473
471
490
485
476
471
471
467
472
464
460
457
466
458
462
470
459
460
459
463
453
471
475
490
501
493
491
483
471
479
465
452
463
456
456
459
465
468
462
460
467
483
475
472
476
475
474
467
442
444
467
452
461
459
462
464
473
462
459
445
451
457
471
473
469
483
487
484
468
459
463
470
467
463
485
482
481
460
456
460
480
477
483
500
479
493
492
504
494
498
500
494
489
487
488
485
471
473
474
489
481
488
509
507
496
511
513
499
497
490
487
480
485
498
494
495
493
495
498
501
497
487
487
506
498
489
493
485
479
469
485
482
486
490
496
489
487
492
489
488
502
495
503
497
513
510
509
500
509
501
518
506
508
511
517
530
521
511
507
509
502
493
490
484
482
481
499
493
483
489
495
487
480
476
489
488
479
479
490
482
494
479
478
488
499
479
480
459
462
462
471
457
463
462
470
464
476
479
475
482
493
477
491
487
489
474
489
485
502
490
497
503
512
507
501
495
496
498
495
483
478
485
478
490
481
486
492
481
480
485
474
477
480
471
478
478
489
488
487
502
504
496
498
505
503
511
496
516
508
492
494
492
497
503
485
478
479
476
455
450
457
457
465
476
476
462
465
470
470
477
459
471
462
473
469
469
474
471
470
476
476
472
475
480
476
487
481
472
468
470
469
470
472
474
481
491
490
486
476
479
483
480
466
476
474
468
488
483
482
502
504
506
503
504
502
501
518
508
509
495
492
485
496
498
481
462
465
465
464
471
478
483
485
506
497
479
480
476
491
492
479
492
491
493
489
494
486
490
488
476
469
476
478
462
452
456
461
475
486
484
479
487
464
480
473
474
496
487
487
482
486
489
487
490
491
497
491
498
486
497
496
508
507
507
511
517
498
502
505
494
496
500
495
487
492
503
484
483
454
471
478
473
487
490
497
495
499
507
492
496
491
483
489
468
463
460
459
467
482
496
502
503
505
491
493
493
496
498
498
482
497
497
510
515
520
530
517
520
509
510
512
509
507
494
497
491
484
487
473
480
479
477
499
507
520
500
503
481
476
473
472
488
491
486
477
489
488
490
490
491
500
498
492
474
488
490
496
490
493
499
473
482
476
494
500
494
501
499
507
498
503
510
501
513
504
509
509
504
510
505
499
484
479
481
482
481
468
469
492
477
482
489
490
502
509
524
523
523
515
511
510
507
504
515
514
521
515
503
499
499
500
498
500
502
498
494
492
483
499
484
491
495
501
503
507
493
498
500
499
499
492
510
501
510
505
510
498
497
509
508
511
511
504
492
488
483
480
468
476
489
482
476
477
477
481
480
483
482
490
489
503
500
507
510
498
500
487
500
500
497
484
503
491
491
492
501
506
504
510
516
520
517
512
509
507
493
501
500
494
498
493
503
496
501
490
502
504
504
507
496
497
510
487
493
476
480
476
483
484
475
477
482
486
491
491
495
488
485
480
498
493
487
490
491
476
499
497
486
509
488
506
504
507
504
508
504
506
518
519
506
494
503
495
488
486
492
498
493
481
487
485
479
477
470
472
461
464
452
460
451
467
452
457
464
462
472
451
453
452
446
461
465
484
484
487
497
476
484
492
480
502
497
501
498
494
495
492
490
488
479
481
493
485
487
476
467
460
479
477
493
478
466
464
462
453
464
470
465
473
475
476
479
481
484
485
479
466
452
455
459
456
468
474
464
480
480
466
456
453
455
448
440
440
448
461
462
461
469
468
475
481
483
487
481
471
480
479
485
484
473
481
487
470
476
474
476
486
482
468
474
464
483
493
480
469
467
471
464
461
450
443
450
444
443
448
456
456
444
450
451
448
448
442
444
448
446
446
436
452
456
461
467
451
472
484
481
482
503
488
492
498
492
477
477
475
469
473
472
470
484
486
470
482
492
484
476
476
474
472
489
468
480
478
484
479
485
495
489
494
488
488
467
474
463
480
469
462
463
469
473
472
476
473
462
476
467
480
492
482
473
477
486
480
482
476
483
492
490
482
484
491
481
469
472
461
460
456
471
468
461
464
466
460
470
488
497
496
502
490
487
483
470
488
475
473
483
463
452
435
451
437
439
452
448
456
455
456
468
463
446
448
444
442
446
441
451
441
426
439
449
449
459
443
447
459
446
444
453
439
441
439
444
441
452
457
445
444
434
427
434
416
420
430
431
436
432
426
411
409
422
417
426
427
425
435
435
440
442
455
448
434
432
430
429
436
429
443
450
451
451
453
443
449
445
453
445
443
455
444
446
454
439
452
450
444
446
440
450
467
461
451
459
465
452
463
459
463
464
446
448
442
437
435
426
443
451
455
458
453
459
458
468
466
448
432
433
435
434
441
453
459
455
438
449
445
433
441
434
439
448
436
448
456
451
439
446
444
460
452
446
456
440
432
417
429
436
436
441
451
435
436
443
431
433
448
432
437
437
433
427
440
442
451
461
448
448
457
443
455
447
438
442
442
456
449
454
464
454
441
448
441
445
455
444
446
452
448
454
445
451
453
460
452
450
454
457
455
463
464
456
454
457
463
472
470
457
447
445
439
441
442
447
444
442
439
436
439
435
434
436
436
445
430
434
444
435
426
424
423
432
429
438
438
436
447
425
433
436
426
431
432
432
429
421
438
449
449
452
454
436
447
437
441
461
454
451
461
473
463
465
463
456
443
450
445
454
458
456
453
449
467
459
463
459
464
467
466
447
450
450
444
451
461
450
447
438
442
437
437
430
443
462
454
461
455
451
456
443
447
439
452
456
462
471
461
465
454
450
454
438
425
431
430
425
418
427
421
439
428
430
445
433
440
443
444
429
437
441
443
433
450
437
432
429
427
432
432
434
438
451
451
448
447
447
443
452
452
448
449
456
437
429
425
438
425
429
444
440
453
447
444
443
437
439
432
438
460
445
441
444
440
432
431
447
447
456
455
462
464
464
469
468
474
475
460
461
459
453
460
457
454
455
459
467
453
460
473
476
471
452
462
464
465
471
465
469
461
458
459
466
463
455
451
441
459
472
471
473
469
469
462
466
458
459
452
456
452
457
458
456
453
457
449
457
465
467
476
472
462
457
448
454
458
453
453
450
450
437
447
456
451
465
450
446
446
439
451
449
449
441
440
431
425
427
436
447
430
441
452
453
448
449
446
446
441
440
437
437
430
444
437
451
448
456
440
434
436
439
440
437
444
434
441
446
449
458
446
462
457
468
460
453
454
455
467
472
465
462
472
472
468
458
449
454
441
445
457
479
471
472
463
473
454
464
458
459
444
447
460
458
456
455
449
446
444
454
442
452
441
435
432
449
449
454
462
459
449
449
451
466
471
458
461
458
456
468
469
466
467
470
469
461
468
470
463
458
462
451
455
465
453
446
457
451
447
432
439
438
428
438
429
436
444
443
451
440
450
447
439
445
450
442
428
424
429
432
438
432
431
432
444
444
419
438
449
446
445
459
450
453
458
457
468
462
451
459
452
443
438
447
453
462
465
447
455
441
446
451
463
472
474
467
460
463
466
447
453
449
455
448
467
457
457
455
453
456
455
446
455
453
446
460
456
450
449
434
433
435
432
435
428
427
428
425
425
424
420
423
425
429
425
429
426
419
446
449
439
433
439
441
436
437
438
437
437
433
444
439
438
425
447
444
449
449
443
452
452
461
447
452
449
432
435
424
417
418
408
406
406
418
418
439
432
428
432
442
430
426
429
436
457
456
449
461
466
471
465
460
459
466
457
468
455
456
457
450
