658
655
664
677
690
684
692
683
666
652
664
667
672
666
663
668
669
672
667
662
652
654
657
641
658
653
651
640
646
647
646
647
647
652
642
656
654
661
658
657
671
654
642
635
642
645
643
660
658
638
637
643
646
661
643
654
622
639
635
643
655
653
656
643
649
638
651
650
651
666
668
678
678
684
679
695
687
680
688
683
679
678
686
692
681
678
647
642
652
653
643
642
646
639
658
673
680
666
662
677
673
687
668
671
666
675
685
679
687
685
692
675
669
679
675
662
664
674
680
672
660
668
668
661
655
671
680
684
676
674
654
653
672
664
664
657
662
661
660
656
654
629
639
647
655
663
661
665
685
685
682
685
690
677
677
676
664
651
649
650
657
658
663
671
663
678
659
656
648
666
669
680
674
669
653
654
664
663
652
652
652
645
660
644
655
661
654
656
666
672
655
658
656
651
665
662
666
658
673
673
675
686
672
675
684
686
688
681
658
667
656
670
657
662
683
685
667
683
683
674
679
678
683
673
673
674
650
650
654
643
629
633
640
633
633
644
651
666
668
660
643
645
649
643
650
668
670
659
661
665
645
653
650
656
641
642
624
639
642
639
644
658
647
661
651
647
651
642
650
658
666
669
657
672
659
666
663
662
661
647
640
644
636
633
646
661
656
663
658
666
672
657
665
659
650
647
635
658
665
666
658
674
660
667
669
666
680
656
678
674
678
688
678
650
642
648
643
628
658
656
670
666
653
662
665
661
667
658
649
662
651
646
648
657
639
656
656
648
639
656
653
660
679
681
674
681
692
673
667
670
661
652
674
663
674
681
675
671
673
683
664
664
681
683
673
670
661
655
655
652
647
636
627
623
624
631
636
654
647
643
664
658
666
656
655
642
649
668
668
668
667
676
658
675
662
660
670
660
672
670
665
650
647
634
636
624
634
626
632
634
631
633
648
649
651
662
669
656
669
673
678
682
679
662
677
676
678
687
694
691
701
693
706
695
677
666
659
666
670
670
674
675
670
664
664
663
678
673
668
661
649
659
653
664
668
677
667
663
675
674
663
651
647
654
651
640
653
645
649
659
653
649
656
662
655
645
642
643
659
672
677
675
660
650
664
669
676
657
669
662
663
664
662
671
661
668
666
670
657
671
653
642
655
652
653
669
687
672
672
665
643
643
644
650
639
639
646
655
643
656
662
654
667
665
648
652
650
656
661
659
661
655
655
655
649
655
652
672
670
680
679
676
679
670
674
677
656
677
682
671
678
664
653
656
658
672
669
663
644
653
680
673
661
670
667
680
675
669
665
671
666
661
630
633
643
648
643
651
666
664
673
664
651
639
649
650
660
652
660
640
665
667
685
685
681
675
682
683
697
677
677
684
683
685
681
672
669
667
650
651
647
642
647
673
661
666
666
668
656
642
645
648
643
635
631
629
623
626
631
638
631
630
631
644
645
653
655
647
642
634
648
631
639
639
634
651
642
638
642
652
649
648
662
655
643
645
642
653
652
653
668
672
687
684
665
669
681
673
674
660
640
632
628
626
621
606
604
610
603
620
626
619
646
644
647
640
628
620
616
606
609
624
629
628
628
634
635
636
630
629
633
629
644
642
665
683
675
667
657
667
695
685
679
676
663
669
654
684
687
697
698
696
694
691
684
687
683
671
668
675
667
667
658
665
655
656
656
661
665
677
690
694
683
683
678
681
684
680
675
675
661
671
667
667
675
700
695
677
691
673
663
671
686
687
690
691
693
681
666
673
667
659
652
646
656
677
663
666
658
659
656
654
652
651
670
674
674
688
679
693
698
689
665
663
653
665
657
664
669
656
659
676
668
670
656
671
661
663
647
645
650
657
667
670
677
666
661
662
663
674
657
667
669
670
663
659
651
661
652
645
635
642
642
646
627
618
631
613
615
622
625
612
608
612
613
615
610
626
612
624
624
631
617
632
637
651
653
634
620
630
646
635
632
651
634
641
648
640
635
643
641
642
646
639
642
640
646
636
634
625
626
637
627
624
626
630
618
611
610
604
611
593
598
580
580
600
597
609
614
614
612
608
606
611
599
593
618
605
607
605
612
611
617
616
624
619
629
625
636
647
639
649
648
648
640
641
635
626
608
617
615
627
636
638
645
642
660
662
661
653
641
647
656
655
644
637
628
648
648
614
630
626
623
637
632
632
639
646
631
639
650
643
643
647
644
648
647
643
635
638
633
649
638
631
649
649
655
653
638
619
606
612
617
625
628
626
619
614
633
632
641
641
640
640
633
647
637
630
644
656
649
642
645
642
635
610
630
637
638
642
653
656
652
653
664
653
650
651
655
641
650
659
672
666
657
660
656
654
665
670
664
667
647
653
640
635
643
628
617
621
609
615
597
600
594
605
607
607
622
622
613
624
639
640
639
633
631
627
623
640
644
646
623
627
628
628
643
642
627
632
620
627
625
612
619
632
605
620
634
627
633
634
638
631
635
647
647
647
643
616
616
627
633
650
654
650
648
649
662
666
645
643
643
646
640
619
628
629
618
637
638
638
640
633
640
634
643
650
633
633
620
632
623
634
633
628
637
633
656
647
659
649
651
655
657
662
659
663
662
657
655
651
650
656
664
654
652
645
644
637
650
650
648
658
653
671
660
646
645
650
647
625
625
619
620
627
633
650
644
650
655
630
630
646
650
636
633
638
644
646
625
631
640
646
635
646
648
630
623
628
626
622
629
627
628
633
632
631
624
624
643
644
652
647
650
625
626
635
640
641
628
636
626
633
656
648
642
646
642
647
666
650
650
653
653
657
660
655
656
659
650
650
650
640
660
660
667
645
653
654
649
637
635
644
656
646
642
647
659
645
631
644
659
666
664
655
660
651
651
645
639
633
624
635
642
635
636
629
623
632
629
642
633
641
621
624
640
645
634
645
658
646
647
657
646
634
641
627
622
617
620
623
606
628
619
642
614
627
638
621
633
649
646
653
645
649
645
642
645
638
623
621
630
643
653
636
632
637
653
639
638
641
647
655
649
642
655
647
645
644
654
646
656
636
648
648
638
639
635
637
640
647
654
640
635
638
638
643
639
649
655
656
659
670
666
660
650
643
625
639
638
636
626
635
613
608
623
605
607
613
615
630
633
639
626
625
630
621
615
637
632
629
648
656
639
656
633
635
624
602
614
612
608
616
604
603
620
613
620
611
611
612
599
596
600
593
599
608
593
604
618
611
628
632
636
625
613
638
642
630
621
624
616
620
625
626
625
605
621
623
621
616
624
619
620
630
624
637
618
638
627
623
618
613
618
621
627
632
632
619
639
634
616
620
612
617
617
614
607
605
611
616
618
625
617
617
618
616
619
631
611
605
608
597
599
577
590
613
615
617
614
611
602
618
624
616
612
605
602
614
606
609
604
607
597
595
579
564
578
579
609
594
611
610
613
614
622
625
607
600
590
600
603
609
605
602
606
620
637
632
637
628
641
638
639
621
611
612
610
624
598
620
628
627
624
637
631
630
628
644
644
621
609
604
607
609
613
620
616
634
649
626
656
639
637
646
645
652
648
636
645
632
611
599
595
594
602
614
624
623
632
629
616
633
619
606
607
596
593
588
585
597
595
595
606
601
614
624
611
605
608
603
609
615
591
598
607
601
600
616
623
619
605
603
602
616
630
618
632
611
605
611
610
605
606
597
608
613
601
624
622
638
628
635
622
622
611
612
607
608
600
596
586
610
612
594
589
605
614
605
606
608
609
611
602
610
602
602
607
609
614
609
597
592
590
588
576
592
586
592
605
619
615
620
643
642
622
604
629
625
628
621
624
606
616
609
588
599
589
587
603
588
605
596
572
592
591
606
596
590
595
586
584
592
592
592
587
575
582
579
581
603
589
588
576
611
596
599
590
585
606
590
594
601
576
580
600
597
590
597
602
613
609
598
595
601
603
606
592
607
612
610
601
604
594
589
583
591
583
583
579
575
595
596
602
600
578
583
582
588
595
597
587
599
584
588
598
619
606
599
602
594
593
595
594
598
590
593
599
593
579
562
585
579
593
600
596
586
590
602
606
614
615
610
602
602
583
578
575
565
576
565
583
585
573
565
567
560
569
573
566
599
597
603
602
598
609
592
601
605
604
602
596
600
594
592
592
591
596
617
617
603
603
589
594
596
608
625
617
605
619
608
578
604
599
598
612
609
609
604
606
611
607
602
614
596
605
597
603
599
597
594
586
579
575
574
574
571
578
586
576
578
581
575
601
585
600
583
582
578
583
591
597
598
594
585
582
597
592
579
583
584
592
598
592
596
610
613
621
621
613
625
611
610
609
608
613
602
602
592
581
592
596
589
595
593
590
597
602
606
607
609
618
605
603
591
595
603
592
591
596
601
602
601
591
603
607
616
601
606
628
640
651
643
632
634
641
639
643
637
631
623
610
608
601
605
606
605
608
620
619
619
609
607
599
593
601
587
593
607
589
611
603
595
605
609
603
603
606
601
599
613
613
615
625
627
614
624
628
632
639
616
623
629
615
611
599
584
599
603
595
597
590
592
590
601
601
599
596
602
599
593
584
576
574
577
589
585
589
588
575
573
559
551
566
565
581
577
586
603
594
588
583
588
590
586
582
584
583
594
596
599
596
613
602
601
600
592
579
593
585
602
586
591
581
602
594
598
595
582
591
602
592
603
620
617
620
610
596
618
610
586
611
601
599
603
605
607
603
616
617
606
609
608
600
622
613
611
607
605
594
601
582
575
575
580
570
570
573
589
596
587
581
581
596
588
577
586
581
577
591
597
592
596
584
584
606
595
597
609
588
589
586
589
585
571
564
575
577
566
564
570
574
593
574
574
579
570
568
583
582
559
558
555
564
573
569
576
578
582
565
578
567
573
561
574
577
561
584
563
558
570
559
561
560
570
569
567
565
568
570
558
555
554
534
559
579
577
577
582
567
560
568
571
566
578
557
561
544
577
585
573
570
565
576
568
560
557
565
584
563
569
577
562
582
569
579
579
573
585
585
584
590
591
599
594
576
579
567
564
566
572
583
586
579
576
563
567
579
583
579
584
580
584
589
582
581
591
573
564
561
576
582
566
576
567
564
556
549
555
563
549
550
558
556
566
565
549
546
551
550
551
569
555
562
544
536
546
540
531
556
562
568
574
585
586
577
590
579
584
583
570
566
556
557
553
557
562
570
564
570
557
546
555
542
539
552
550
555
551
541
551
544
541
534
538
535
532
532
544
549
553
537
555
568
565
556
566
563
574
577
570
589
599
591
591
588
582
579
586
590
606
604
586
579
572
573
586
579
556
562
554
549
565
565
565
561
570
570
572
564
562
564
565
548
555
555
550
552
551
564
574
572
573
558
578
584
573
585
593
590
589
581
583
578
580
597
582
578
555
566
570
567
577
570
569
570
579
564
576
571
576
573
580
595
593
583
575
567
594
591
589
585
594
585
569
573
551
555
533
538
551
540
548
534
540
537
544
528
535
527
543
534
553
552
551
551
549
557
552
568
578
566
558
552
562
558
570
553
543
547
556
553
549
557
554
549
547
559
543
545
525
526
521
525
534
548
551
555
554
559
539
539
541
535
525
526
521
526
529
533
543
544
551
550
551
545
542
564
571
576
572
587
570
574
562
573
573
576
577
590
587
584
573
568
578
580
568
568
575
588
599
581
586
594
588
580
582
571
572
575
572
593
583
585
594
587
595
589
591
572
571
578
565
571
584
558
576
574
578
563
567
560
549
538
537
538
516
520
537
544
566
558
551
557
573
571
558
552
559
555
566
566
559
564
553
550
542
545
545
526
530
535
524
544
543
543
541
549
545
531
528
533
538
548
544
558
539
531
546
545
552
548
549
544
535
546
544
537
516
543
558
564
577
562
561
566
564
582
573
573
565
571
573
573
587
568
564
573
575
566
581
583
581
576
568
560
569
571
569
570
575
580
568
579
584
563
566
562
555
562
560
559
553
546
555
562
567
564
577
581
583
574
569
582
591
581
589
570
573
580
574
569
559
562
558
546
550
517
538
531
545
543
546
565
566
565
555
554
572
581
589
582
568
572
567
569
571
574
571
577
561
562
564
559
577
563
555
563
547
570
587
587
596
592
598
597
592
579
585
572
559
554
556
551
567
566
576
566
575
574
575
562
552
541
559
557
558
554
573
566
567
555
547
551
548
550
542
546
539
531
545
535
542
549
539
542
548
541
555
545
538
540
540
538
538
534
532
543
543
567
571
564
577
567
575
587
582
586
583
597
581
579
581
583
581
560
567
551
557
558
574
553
570
565
550
555
539
535
531
538
543
554
544
551
545
546
561
542
546
555
560
567
569
586
562
557
566
574
568
576
582
578
593
593
586
575
568
574
572
569
557
537
560
546
561
555
555
565
567
560
566
551
552
549
547
556
557
556
552
550
552
556
555
558
551
558
561
569
580
581
567
563
559
550
556
547
562
580
578
579
581
569
565
557
563
579
560
571
566
554
564
567
571
558
549
547
537
529
529
541
548
541
561
555
553
561
560
563
543
559
562
562
563
559
565
553
551
555
558
531
534
539
522
519
517
516
515
512
508
515
513
508
515
514
519
510
509
513
529
525
523
527
540
525
528
537
540
546
557
548
544
532
535
546
549
546
542
572
570
571
576
577
574
584
575
579
572
570
566
566
543
541
558
554
552
570
579
586
578
565
564
560
550
558
567
540
559
551
549
562
555
565
570
570
559
575
554
555
567
561
547
549
570
568
567
555
560
575
567
578
572
568
577
574
574
564
572
556
546
552
559
558
557
552
555
539
556
554
564
575
577
576
572
578
567
558
566
570
573
571
573
571
567
577
592
595
584
593
574
561
554
551
565
555
546
551
557
550
551
552
557
543
555
547
548
547
540
543
558
573
566
565
568
562
570
573
564
561
566
567
549
563
563
565
577
565
550
540
537
557
564
563
562
571
560
544
546
544
548
550
544
547
537
537
535
557
555
552
552
549
552
548
553
568
559
554
553
567
556
564
567
565
573
574
578
595
577
577
567
573
570
551
556
559
561
559
563
556
556
562
557
567
575
559
584
568
564
561
557
555
557
566
566
557
541
542
535
552
542
547
547
550
554
563
556
572
561
564
579
556
566
564
573
575
574
586
596
577
584
587
571
557
559
550
538
541
548
551
552
555
550
543
557
562
562
559
550
568
562
574
548
559
570
553
568
571
570
570
568
565
565
556
555
536
550
542
548
542
540
537
508
537
539
540
543
543
541
530
546
547
560
552
556
546
554
560
548
551
565
558
567
552
553
567
570
579
564
560
559
563
567
560
554
542
523
526
524
531
541
536
547
544
548
544
543
553
569
553
560
567
556
551
556
553
552
545
552
560
551
560
556
564
585
589
569
572
579
573
572
562
567
567
561
566
558
557
548
554
555
554
551
564
567
562
578
570
573
571
573
575
600
597
600
589
581
573
570
575
577
550
562
545
545
544
547
556
557
566
568
564
555
563
551
555
546
539
532
518
533
522
526
515
520
520
523
523
525
542
535
554
563
571
578
578
580
570
561
562
558
549
559
562
557
550
553
566
564
556
551
543
545
541
547
550
540
535
553
532
546
556
556
540
539
530
543
536
542
550
544
549
558
553
547
535
553
539
554
542
543
530
534
535
537
534
535
520
550
549
535
558
541
553
556
558
554
557
546
554
562
553
557
550
561
548
546
544
546
544
544
551
542
542
558
567
554
575
553
569
559
559
570
572
564
555
549
550
537
541
531
528
535
534
535
538
549
534
530
538
553
565
565
560
561
554
562
572
550
563
579
563
564
565
573
576
575
582
593
581
578
562
557
548
559
569
555
554
554
541
550
544
539
522
542
537
542
547
555
554
553
566
566
566
556
548
553
553
541
552
539
547
543
545
550
545
539
539
540
534
532
526
541
547
536
536
526
534
533
537
530
543
538
551
543
545
557
559
564
556
563
565
555
556
572
554
558
567
569
572
561
561
563
547
562
548
550
542
535
555
557
540
548
541
538
534
556
549
551
558
568
558
557
551
543
558
541
553
548
537
547
553
558
549
553
566
573
565
583
598
587
593
575
590
585
589
585
574
579
598
589
590
568
577
586
569
558
580
571
564
557
561
561
565
583
577
575
569
588
584
574
568
563
566
565
576
570
560
562
544
540
545
523
533
543
538
550
532
538
539
541
551
547
543
539
544
549
533
528
530
523
539
529
525
517
518
516
513
506
509
510
523
496
496
500
498
512
498
510
522
520
516
510
515
518
535
529
521
509
508
522
523
510
510
521
513
533
513
537
535
531
531
544
539
542
537
526
525
523
532
535
525
517
534
532
505
511
505
495
518
517
507
510
514
510
505
509
512
520
513
520
536
543
550
563
563
565
572
551
541
550
539
536
536
548
543
543
561
555
554
547
549
556
558
556
557
564
563
561
550
559
547
545
524
542
541
545
534
558
540
541
551
542
543
552
559
558
546
544
542
545
555
546
546
540
547
538
551
556
558
552
556
565
547
537
527
529
529
537
539
538
532
528
521
518
518
532
545
556
541
531
532
544
537
530
548
562
572
543
546
538
543
535
550
560
558
553
548
557
558
563
565
561
574
561
567
558
549
559
550
537
541
536
545
539
552
541
544
553
547
542
545
554
540
557
531
546
538
555
552
555
550
543
537
546
543
535
539
533
526
530
528
524
529
525
521
522
524
531
539
542
526
547
549
560
557
540
552
543
550
562
541
535
522
532
539
551
545
521
542
538
540
530
521
527
521
520
537
524
535
538
537
535
523
530
537
538
539
516
510
504
495
493
493
500
497
510
513
513
517
512
527
517
528
520
537
525
531
525
527
528
530
529
519
504
529
531
534
548
548
536
528
532
532
534
536
531
534
536
541
543
542
539
536
534
536
532
524
529
533
530
540
553
541
541
532
527
526
524
529
535
530
537
533
532
542
555
555
551
556
532
542
536
543
534
521
520
531
541
529
531
523
537
535
532
537
542
522
521
511
506
518
501
493
497
503
509
509
501
514
527
538
526
517
525
533
525
525
526
536
525
536
548
539
506
517
517
537
539
524
536
544
538
544
548
554
562
555
553
540
539
539
534
537
528
517
528
537
534
542
542
557
544
536
540
548
539
539
544
551
528
528
535
549
561
567
556
556
558
554
562
550
560
535
543
537
532
522
518
497
510
507
506
516
530
530
522
520
528
533
527
536
526
539
549
546
554
543
528
550
559
544
533
528
540
540
533
544
543
537
545
542
544
547
542
532
532
524
525
520
513
513
514
521
531
532
526
540
541
551
549
547
553
550
545
545
548
543
535
538
538
539
536
522
528
540
535
531
537
528
533
522
526
526
526
536
531
538
543
533
532
523
524
530
531
539
543
550
541
543
537
538
535
535
538
528
520
535
530
526
542
535
529
524
518
517
528
510
522
494
488
498
512
511
506
511
525
521
513
531
530
544
538
540
543
548
540
549
542
538
556
544
553
555
546
535
535
531
533
529
529
526
541
540
526
520
528
518
524
519
524
524
523
529
508
525
526
526
515
508
508
505
505
522
519
527
541
531
541
541
541
540
531
539
536
532
530
529
529
541
539
548
531
522
534
531
523
531
534
542
544
543
552
554
552
564
555
564
563
564
569
563
562
560
568
551
539
560
549
557
541
555
550
548
538
545
534
545
545
545
540
534
541
539
542
556
559
543
537
552
544
546
539
529
527
535
532
526
538
530
534
528
535
530
538
549
536
538
549
535
534
540
534
539
531
542
532
522
525
525
534
542
546
550
537
549
551
571
574
576
572
584
570
564
567
560
558
560
568
559
546
550
540
547
550
540
536
538
540
536
538
541
533
525
546
558
546
550
556
564
548
551
529
546
542
544
542
551
550
546
548
549
540
532
528
522
531
521
514
511
508
516
510
496
507
507
505
502
515
511
515
528
513
507
512
511
488
493
498
503
493
495
501
510
514
519
523
507
506
505
508
499
491
497
514
516
528
521
523
528
517
510
511
520
517
505
502
500
514
520
519
526
526
521
511
523
522
506
511
513
513
495
497
514
503
509
506
512
520
523
522
519
512
513
486
509
507
514
502
507
498
497
489
481
496
497
495
512
499
492
507
511
509
515
520
527
532
516
519
509
503
512
517
514
520
527
518
508
500
503
511
524
523
525
530
528
520
514
525
532
543
535
538
530
533
523
521
525
521
522
524
511
511
506
514
515
516
509
511
518
510
510
525
519
507
508
501
499
508
502
501
507
502
502
509
509
511
521
509
516
518
504
494
503
497
502
500
510
508
526
515
506
503
491
500
508
511
497
494
481
499
489
493
483
477
475
470
487
482
494
513
503
509
510
490
509
502
509
505
513
517
512
506
492
504
504
517
508
508
515
512
513
507
495
510
528
528
535
540
536
520
524
526
538
526
522
525
519
523
527
525
517
525
516
508
511
517
522
527
525
520
510
501
519
509
503
507
507
511
517
516
514
513
507
497
515
517
522
516
504
512
527
519
533
531
528
520
535
512
526
524
532
537
518
526
526
534
512
507
515
520
519
520
511
518
516
516
533
540
548
543
544
527
530
512
520
527
519
514
516
528
517
511
501
510
499
526
517
496
498
492
496
506
524
512
516
511
512
524
508
510
510
510
500
510
515
522
520
516
534
534
536
551
552
533
533
540
548
537
526
519
520
507
519
547
552
546
540
548
545
537
537
535
534
518
537
534
525
529
536
523
527
527
531
530
539
542
545
546
539
553
544
549
552
536
532
531
508
510
514
510
515
513
506
507
511
505
506
497
517
501
512
517
512
503
511
497
494
511
504
524
516
514
513
522
533
525
529
530
505
519
533
541
527
513
520
529
534
525
533
529
522
528
540
539
530
528
515
531
527
511
509
499
501
512
516
508
504
505
503
499
486
491
502
500
498
485
487
488
505
519
527
517
515
517
497
512
508
514
508
504
518
511
514
502
499
504
498
501
516
509
496
509
506
521
501
493
504
511
509
514
508
507
515
528
518
523
517
517
512
507
507
514
501
481
476
501
487
499
511
500
507
509
507
508
505
512
518
531
525
541
519
515
520
507
507
503
512
515
511
511
513
516
507
506
514
508
524
535
507
527
522
530
510
515
527
532
528
526
513
516
498
499
514
515
519
515
524
539
529
531
537
526
541
537
538
542
523
520
530
535
548
547
534
542
531
529
513
526
521
528
532
523
506
523
520
507
511
518
518
515
529
537
536
522
541
540
544
541
545
532
540
536
538
533
521
532
522
509
508
509
515
515
514
518
516
516
524
520
507
527
517
520
527
524
522
523
516
507
503
505
499
506
513
519
512
518
528
528
514
518
526
535
543
543
529
547
538
547
536
532
532
528
531
525
513
522
513
514
517
525
519
509
509
518
501
508
512
520
531
532
531
534
533
531
520
529
520
522
530
544
539
526
516
509
520
507
501
508
506
502
493
497
508
501
498
512
503
514
515
510
497
506
513
496
504
496
511
517
522
516
528
530
531
524
526
515
525
530
506
510
503
509
510
513
510
503
500
500
505
498
509
493
505
502
514
493
490
501
501
487
498
500
500
497
500
489
491
509
524
528
529
526
530
516
519
522
526
504
505
499
504
498
505
519
522
502
502
503
508
519
511
510
505
499
498
493
493
514
501
500
505
499
487
480
485
502
502
513
509
507
515
519
511
517
530
531
508
506
497
500
488
489
494
508
508
523
525
513
515
502
515
511
507
514
505
529
510
522
522
525
524
512
514
503
504
481
501
517
514
517
539
541
546
537
521
524
523
537
519
526
527
525
516
506
501
503
512
514
514
518
499
507
512
500
508
519
520
517
523
507
508
509
506
504
501
510
502
524
511
515
530
523
517
529
503
516
514
503
509
508
497
497
487
475
480
480
486
487
477
476
475
476
507
500
522
530
529
520
514
522
520
524
511
496
505
499
486
502
508
490
491
478
486
482
490
495
502
492
501
501
500
502
492
495
498
497
488
503
497
488
486
486
490
493
497
497
496
497
499
498
493
495
493
492
497
503
498
506
509
507
493
503
506
521
515
495
506
506
517
503
513
517
512
521
520
511
524
514
534
545
527
513
523
519
526
517
506
503
502
508
516
515
500
508
504
494
505
521
516
496
501
483
490
484
487
493
500
493
498
498
496
489
495
485
484
484
499
503
492
503
495
495
492
491
472
469
485
483
505
489
491
490
498
491
497
493
498
499
494
500
501
509
504
499
496
491
486
495
489
490
490
474
481
485
494
499
497
509
515
519
512
509
511
517
510
512
490
519
522
526
512
503
501
491
503
506
500
495
487
496
485
483
478
475
468
476
479
483
486
477
473
470
489
488
488
490
495
491
502
493
482
488
492
512
503
490
500
495
495
496
496
483
482
496
494
502
498
514
516
516
505
501
503
498
491
489
484
480
485
471
485
492
519
516
516
522
521
533
514
519
522
519
497
504
511
507
507
519
526
507
506
522
525
523
522
516
496
495
505
499
500
507
502
504
490
491
495
497
509
505
496
507
493
499
496
506
496
498
501
488
495
493
480
486
497
506
506
497
505
503
504
509
514
509
519
517
514
506
526
508
517
488
514
491
499
501
503
510
508
512
503
498
506
502
502
520
512
509
497
496
481
468
468
473
481
502
498
483
482
481
473
480
472
481
481
477
478
484
475
485
498
488
491
491
490
485
474
475
474
473
485
483
497
468
463
464
479
490
494
503
488
496
494
487
480
479
467
449
455
465
472
477
481
481
488
500
493
496
506
492
493
484
492
495
485
476
479
468
463
466
474
469
458
460
459
462
457
461
454
467
460
460
460
463
479
472
469
470
463
468
458
478
458
463
468
471
474
487
491
486
470
459
466
468
463
476
471
475
478
477
479
481
479
471
487
476
475
467
477
479
491
490
485
478
478
472
473
475
476
464
462
460
463
455
455
456
459
456
441
435
436
448
453
436
447
455
469
470
475
480
482
480
489
485
494
498
487
485
478
490
484
482
483
489
500
500
497
502
497
500
488
501
495
499
493
488
480
480
484
485
487
490
486
486
489
481
477
474
473
476
462
470
462
463
462
443
446
444
445
435
435
447
453
464
466
474
471
482
467
467
467
471
460
472
461
470
473
472
463
469
453
448
452
435
454
458
463
466
461
465
468
460
459
465
468
459
445
466
461
463
457
447
452
451
449
435
446
449
441
440
446
426
421
424
421
432
438
419
437
434
440
442
434
440
451
465
458
460
462
444
446
453
441
461
445
441
436
442
428
446
443
448
454
447
455
463
458
454
458
446
464
452
443
451
444
455
446
456
465
461
459
450
457
461
451
470
454
463
447
447
455
444
457
460
450
445
435
443
438
440
428
428
437
441
438
449
451
460
455
441
442
444
447
441
450
452
451
443
445
439
446
446
434
432
442
455
445
452
459
441
441
441
444
447
458
443
449
443
441
442
433
424
421
439
441
456
466
458
449
450
438
416
421
419
416
417
421
429
424
428
424
445
456
468
450
449
446
451
442
439
441
443
450
444
436
448
433
425
399
420
426
422
410
426
432
435
437
434
432
425
438
434
442
436
440
442
436
453
440
431
422
431
436
430
441
437
439
444
429
430
430
434
425
434
421
434
435
437
418
432
407
422
433
419
430
432
436
444
448
452
452
449
447
441
437
437
436
440
449
462
444
456
455
457
457
445
453
440
432
430
440
441
422
439
439
437
427
427
420
425
431
432
422
421
427
421
411
416
418
425
437
452
437
440
430
422
414
413
416
402
408
409
416
396
414
427
427
431
439
439
437
434
438
430
410
407
416
416
419
411
402
414
413
408
412
402
408
430
427
422
418
423
434
430
435
446
442
443
447
451
450
448
450
439
450
458
460
459
437
450
463
473
461
463
457
469
461
449
458
440
451
446
453
451
456
460
453
449
443
435
450
436
439
436
444
437
432
435
429
440
431
432
430
433
446
425
437
437
444
445
456
457
458
453
444
440
451
441
448
444
435
437
443
445
450
429
437
429
420
420
425
435
437
434
437
444
443
457
449
441
448
440
449
441
433
447
449
447
442
454
450
459
458
458
464
465
458
457
450
456
460
467
448
436
440
432
435
431
425
430
428
420
429
435
437
441
430
424
440
429
418
417
421
412
411
413
413
421
419
432
438
441
443
439
423
433
420
424
421
403
411
415
421
394
413
416
414
413
424
414
412
404
404
403
412
413
422
416
428
437
435
427
438
434
429
435
423
424
416
413
426
427
434
419
428
410
419
427
426
429
437
430
436
437
446
437
450
433
439
433
427
434
417
425
431
432
424
428
417
414
423
409
409
401
400
411
397
393
390
393
395
389
387
379
384
385
390
386
384
377
388
390
384
382
382
383
389
397
416
417
411
409
395
418
413
410
407
394
402
410
407
411
411
403
400
413
411
417
411
414
422
417
419
428
420
420
418
420
405
410
405
415
422
407
402
410
419
423
403
407
403
394
401
408
420
415
417
417
427
425
419
418
418
404
420
407
409
410
406
395
409
402
400
408
396
403
400
406
405
393
404
392
403
408
409
409
416
418
428
407
401
415
417
422
413
412
419
426
434
431
426
417
435
422
410
403
396
392
382
368
373
375
388
389
387
393
399
408
407
421
418
420
419
422
416
419
413
407
404
406
409
408
412
406
412
414
432
435
438
434
431
432
440
449
438
432
441
440
444
437
433
432
421
418
417
415
412
402
411
414
407
406
412
409
409
422
417
427
423
423
435
438
430
424
433
433
450
432
432
416
412
409
422
425
407
425
415
404
411
404
408
419
432
418
420
405
414
408
398
399
411
419
430
430
432
435
430
430
429
422
420
410
412
414
414
412
411
416
418
409
413
397
399
411
409
415
410
405
409
404
400
418
409
417
411
413
420
412
403
410
428
422
410
403
415
396
397
408
403
410
402
405
406
411
406
396
393
385
391
391
389
388
392
388
397
404
395
413
407
424
433
442
439
432
434
447
442
440
430
431
426
420
417
414
414
409
416
409
398
388
410
406
419
427
420
413
410
405
408
408
396
394
390
396
391
407
417
424
408
407
408
415
411
421
403
398
388
393
397
403
412
403
399
398
410
407
404
405
406
396
394
389
399
392
397
385
392
409
399
398
404
396
390
396
389
397
408
405
420
406
402
414
416
418
420
422
432
424
410
396
402
405
399
400
388
393
397
412
405
405
394
406
409
408
413
416
439
439
428
429
430
421
420
419
424
404
419
422
423
412
405
398
400
391
396
387
387
382
375
376
381
381
390
386
387
396
387
404
404
405
416
404
432
432
431
435
443
425
426
442
424
418
425
430
417
423
410
410
415
415
405
406
411
402
408
420
421
412
412
423
410
420
419
428
420
425
420
428
436
418
405
420
423
420
420
435
443
431
423
424
428
420
425
427
436
428
433
439
439
422
427
424
420
422
405
416
408
402
421
429
422
423
425
425
421
423
428
414
411
418
418
419
403
410
397
407
416
418
410
409
393
411
394
399
388
388
399
394
392
390
383
366
383
377
378
383
389
406
411
412
417
411
401
410
391
401
396
401
400
413
409
401
397
405
411
398
400
397
395
386
387
383
382
390
405
395
398
395
391
402
393
418
412
422
428
432
431
423
415
416
420
429
418
419
424
421
431
425
408
418
422
409
410
419
431
426
424
426
420
429
425
411
411
409
421
432
425
414
421
432
420
417
427
416
411
400
425
404
410
404
404
385
407
407
398
400
396
405
403
405
407
403
407
415
395
409
393
410
419
404
395
394
396
399
405
403
400
405
416
399
407
409
411
412
415
413
411
407
406
405
385
377
376
382
393
400
385
406
400
407
405
408
394
398
392
408
412
413
425
419
404
419
418
414
417
405
402
407
406
397
394
411
396
410
418
417
412
413
416
415
416
427
428
434
419
413
420
412
409
414
403
406
394
416
411
419
417
406
411
416
426
429
425
409
398
385
400
400
406
402
403
403
409
402
402
394
410
413
418
412
405
414
409
404
417
407
406
401
416
415
406
407
417
405
415
413
410
409
411
404
407
401
409
422
412
421
414
416
399
408
404
411
409
413
410
413
398
412
407
413
421
416
424
420
417
418
415
417
419
407
410
401
415
402
412
414
415
407
401
407
408
397
401
408
410
411
403
405
406
406
405
404
402
402
410
400
410
402
405
400
389
394
393
389
401
399
386
375
376
389
400
404
403
401
401
403
398
388
389
398
395
396
395
386
386
400
408
416
414
426
421
409
414
424
413
409
399
407
405
410
401
398
410
400
403
404
402
397
401
411
403
400
409
423
427
419
428
423
400
417
415
408
420
416
408
407
411
427
434
434
436
435
424
431
408
417
415
425
424
426
422
427
418
421
417
417
416
418
421
426
418
411
408
396
402
401
406
405
411
414
410
412
404
401
414
416
417
413
424
427
422
421
418
401
402
393
395
401
407
402
391
401
409
408
408
411
399
409
416
411
412
411
415
415
420
423
416
406
408
405
414
417
416
413
393
386
385
402
403
409
406
407
410
411
427
420
420
432
433
449
437
442
445
438
430
427
430
421
415
416
428
428
418
412
410
409
414
411
401
417
418
434
424
414
420
414
424
430
424
424
435
427
422
421
426
434
441
447
430
424
430
442
448
435
441
440
435
431
437
438
436
424
418
414
406
411
407
399
401
408
402
396
416
427
424
424
429
418
429
421
426
420
422
430
428
428
416
415
422
419
424
419
425
422
408
419
429
436
440
421
426
439
442
439
426
432
422
421
422
422
417
428
440
418
418
422
414
418
417
415
409
411
402
414
411
413
421
404
410
402
414
418
423
424
426
416
411
431
420
428
424
428
424
427
429
427
422
423
430
438
435
429
422
419
415
424
432
427
432
437
442
427
423
422
415
419
408
416
415
401
405
406
400
403
406
424
417
401
398
396
398
401
404
411
423
418
405
417
419
419
417
415
412
412
413
409
412
409
401
412
421
415
407
410
408
413
413
418
421
417
422
422
431
422
411
425
434
411
419
418
423
423
423
423
420
419
437
430
427
407
407
414
404
417
409
416
408
405
402
399
398
408
412
430
414
410
410
411
408
399
416
410
406
413
413
419
420
420
424
427
425
417
431
417
428
427
412
411
410
416
419
411
420
431
421
415
428
435
422
422
436
420
415
415
411
412
409
420
412
421
412
421
412
410
408
413
419
407
418
422
426
423
400
408
399
397
396
409
425
427
422
424
425
412
427
421
411
404
423
422
416
413
419
407
404
404
403
410
418
410
415
414
414
414
410
403
407
403
411
416
416
427
400
414
412
420
422
415
429
427
399
401
410
410
398
392
405
419
410
415
417
410
398
398
395
407
408
390
397
395
401
393
399
389
386
384
401
408
409
402
400
399
403
407
415
417
418
405
402
403
396
400
400
401
408
418
414
408
408
420
414
410
408
424
414
413
410
414
420
429
412
409
417
407
410
404
403
413
404
409
402
396
385
382
376
377
389
386
381
396
385
405
404
405
405
412
408
411
421
413
414
408
410
406
407
394
393
386
395
375
397
388
399
391
401
385
395
407
407
422
404
410
406
388
397
395
402
386
383
390
388
387
381
392
394
394
401
394
406
414
396
385
391
398
392
381
375
381
386
391
411
418
416
418
428
426
416
416
409
406
409
404
406
403
401
413
419
411
408
410
420
445
442
435
438
429
434
424
425
429
428
425
415
413
404
419
406
406
411
400
397
394
393
398
413
427
429
429
428
431
422
428
415
414
407
414
416
413
408
407
410
402
409
412
409
405
409
406
410
415
425
418
413
424
415
423
421
408
405
400
414
428
419
414
413
412
402
403
391
390
400
389
402
398
382
383
385
381
383
397
409
395
397
398
394
401
401
395
391
398
407
409
411
413
401
394
394
395
400
399
414
412
396
405
416
414
405
416
416
403
400
404
404
391
384
402
394
407
406
408
405
421
411
403
402
390
385
401
403
400
393
401
411
420
433
429
427
423
413
417
421
414
408
413
404
398
412
418
407
400
400
406
392
409
400
415
404
410
412
412
403
412
404
412
406
408
416
414
414
407
409
419
414
408
406
399
404
409
418
412
403
408
411
400
402
401
393
408
391
396
385
390
393
400
405
405
401
391
387
388
390
393
405
407
408
403
409
412
417
426
412
408
404
404
394
389
393
404
393
401
398
393
392
397
402
403
392
406
407
397
399
400
404
399
406
392
392
407
406
414
416
417
423
414
417
415
419
420
437
435
438
434
433
423
415
425
416
415
423
437
441
445
436
415
412
414
416
409
408
419
410
406
413
410
406
398
401
408
397
405
408
401
404
400
395
395
391
394
406
403
387
382
386
390
400
402
406
413
420
414
412
406
421
399
402
401
414
413
418
419
425
404
419
421
413
415
414
413
401
401
419
429
420
425
422
440
442
449
439
440
434
431
430
424
424
419
425
427
427
426
426
433
432
443
430
435
425
426
424
421
424
432
439
437
424
424
434
432
427
419
413
414
401
403
413
420
427
421
412
392
393
396
396
406
406
391
402
403
405
419
419
413
407
412
413
416
418
419
416
411
403
405
405
414
422
406
410
404
391
376
378
392
395
403
407
410
399
399
402
406
408
407
405
409
408
412
409
412
400
413
408
404
406
410
385
391
387
384
375
375
379
385
381
398
394
398
397
395
415
428
406
427
429
421
419
401
402
401
404
405
389
384
383
380
387
390
393
388
392
399
396
400
407
407
408
400
401
392
394
405
397
409
402
404
400
395
386
380
391
393
403
407
417
405
428
425
437
437
431
428
428
431
426
424
417
417
422
421
419
416
406
406
405
396
396
394
395
392
384
383
390
389
398
415
411
423
419
409
417
420
418
423
432
421
410
418
424
410
412
408
414
396
393
406
402
415
414
412
411
411
409
389
407
415
416
403
397
400
408
404
390
394
383
382
387
381
372
378
377
381
389
392
395
393
409
399
397
398
396
394
381
400
396
402
405
413
407
403
405
411
395
392
403
405
414
400
401
394
395
379
388
380
391
384
386
383
393
387
388
404
407
398
388
378
373
379
382
391
395
398
400
391
396
385
371
390
401
395
387
398
392
402
415
414
404
411
416
417
420
408
411
415
410
414
416
407
401
388
388
398
401
416
418
414
407
402
398
410
420
424
406
404
408
412
401
406
404
409
408
406
400
411
401
405
400
390
380
379
378
396
386
384
383
378
378
370
363
367
365
357
369
368
379
391
368
362
382
386
391
392
390
401
399
400
401
400
404
408
393
401
392
395
388
409
402
396
405
393
386
389
390
390
388
387
385
383
390
388
387
391
389
377
374
369
376
369
389
384
382
389
382
387
382
380
382
374
381
390
387
397
400
391
388
381
380
395
383
367
368
374
375
376
384
378
376
396
392
393
381
382
381
374
370
361
374
363
361
365
374
363
363
367
361
376
369
375
376
379
369
376
377
381
380
389
380
370
377
370
374
375
377
374
374
374
377
381
375
371
371
360
371
361
374
373
378
367
350
375
349
362
354
357
377
372
365
365
358
352
365
353
365
370
370
356
357
357
360
364
375
382
381
385
385
381
370
371
365
368
365
377
379
383
374
381
391
386
378
389
397
403
393
389
391
383
371
380
379
377
365
371
370
373
373
373
362
369
364
364
370
370
377
386
387
381
372
362
359
361
376
366
375
384
395
394
392
398
401
401
402
383
382
383
383
376
383
382
384
378
382
367
388
393
395
399
385
384
386
386
384
389
379
398
389
391
392
398
400
391
389
384
371
381
382
384
371
384
377
383
383
377
371
367
369
368
376
376
376
370
373
387
378
384
383
385
383
379
383
372
362
369
371
368
374
366
360
365
355
368
361
356
365
373
365
366
373
361
353
361
364
374
375
386
379
371
367
366
381
378
376
365
375
366
370
374
377
381
376
380
379
392
393
391
376
393
398
386
384
392
390
388
392
386
380
381
378
384
392
387
383
384
380
367
366
368
355
342
354
350
353
354
341
359
346
354
352
352
372
366
357
351
374
382
362
376
379
384
380
381
379
384
374
375
373
376
372
378
386
372
380
377
389
384
388
388
387
390
389
386
370
380
377
379
376
367
366
364
350
350
353
351
362
378
374
375
379
377
383
376
382
361
372
373
384
375
374
372
380
391
384
380
381
389
397
387
380
379
388
404
403
393
376
375
374
371
368
363
353
360
358
362
368
373
373
373
363
362
361
370
363
368
364
361
373
371
374
370
371
358
363
361
366
366
373
380
385
369
362
369
370
369
363
372
373
381
383
373
368
375
364
369
356
365
359
351
354
347
337
340
344
337
341
334
332
346
345
348
349
356
349
352
365
361
365
360
369
356
355
372
373
375
361
368
355
353
348
349
341
338
325
334
337
354
354
349
337
328
325
330
334
343
340
341
345
347
351
350
346
351
353
344
358
345
358
353
348
355
345
331
342
345
354
341
347
356
356
350
356
361
364
367
378
369
361
354
362
357
353
360
353
368
370
368
354
349
338
352
341
346
345
341
327
337
341
342
350
341
343
348
345
343
341
342
346
346
335
347
347
347
350
358
362
371
369
358
360
361
355
354
358
362
367
370
359
353
354
356
355
351
364
364
341
347
351
348
338
335
340
339
337
340
345
349
340
335
344
350
352
362
365
359
347
350
365
353
356
358
368
363
367
392
387
384
385
387
379
374
377
378
361
351
362
359
362
352
357
365
353
348
346
352
351
357
356
361
347
345
353
353
351
343
347
344
350
348
346
354
353
350
344
353
356
353
350
357
364
359
361
355
355
377
368
372
363
367
384
374
371
362
366
367
371
383
366
361
358
368
372
370
374
366
360
357
355
344
356
348
346
361
351
336
336
338
330
336
335
330
333
333
332
339
343
349
355
360
355
365
372
373
369
364
357
370
376
359
362
371
370
367
359
362
349
351
360
350
355
363
359
364
365
367
351
349
337
350
338
349
337
340
348
351
338
349
339
350
348
355
340
329
329
334
330
336
345
347
351
355
335
338
341
344
334
336
333
332
340
335
349
346
348
357
349
349
345
347
353
360
352
344
344
331
346
344
322
328
329
327
312
325
326
341
332
319
321
322
330
345
359
347
342
342
340
349
344
357
346
355
337
349
348
343
339
355
359
355
353
354
351
344
353
340
337
333
347
346
333
339
353
356
359
351
354
349
352
353
355
345
347
337
328
345
347
353
347
356
362
357
356
364
371
370
353
367
363
355
355
357
356
351
358
362
359
360
359
351
352
343
351
348
349
357
358
363
354
353
365
359
355
354
347
357
368
349
353
354
362
357
351
343
338
346
346
359
360
348
352
355
352
352
365
350
349
360
352
359
366
362
367
353
358
352
355
356
358
356
349
345
352
338
344
349
334
329
337
334
338
334
339
330
343
333
341
340
348
353
345
349
353
348
338
340
352
357
362
367
360
363
361
353
350
359
363
368
371
355
352
349
356
362
357
351
352
358
357
353
356
344
339
349
350
351
356
333
340
339
336
335
337
339
334
321
314
324
321
326
341
339
338
341
333
341
334
332
337
337
331
333
328
329
334
313
330
322
326
325
326
320
323
322
313
319
325
323
322
318
319
326
333
331
319
319
318
319
327
316
331
340
323
332
316
320
314
315
324
331
346
333
335
333
339
331
327
336
342
326
324
315
317
328
327
329
345
356
354
336
344
338
335
347
349
349
352
352
340
328
334
336
331
332
340
344
352
351
369
365
357
357
347
346
361
355
357
360
355
360
355
342
342
345
366
357
357
367
356
362
366
346
353
347
354
348
345
345
354
359
361
358
359
356
360
361
369
364
365
366
383
373
368
360
361
362
378
358
358
356
360
352
371
372
351
344
346
351
354
355
362
354
353
358
360
354
347
339
330
341
345
352
351
352
352
337
326
323
325
329
351
346
346
349
344
348
354
342
358
350
350
353
345
344
344
350
348
348
352
349
354
358
359
355
358
363
354
355
365
357
360
362
363
369
371
356
367
369
371
355
354
351
355
358
356
358
357
359
350
350
352
359
373
373
375
367
365
358
367
360
357
360
355
351
353
372
372
374
368
373
373
368
354
354
355
342
356
359
355
354
349
361
366
350
356
352
355
355
353
359
363
360
364
367
367
370
370
362
362
367
354
369
363
367
358
355
356
357
356
357
360
355
357
349
355
366
362
357
355
361
365
366
376
374
367
369
351
361
362
350
358
358
355
357
362
369
363
367
355
345
343
345
350
351
356
363
351
363
367
366
368
376
372
375
369
375
365
366
372
351
347
345
351
357
346
359
357
359
355
364
362
359
354
355
365
356
361
353
350
360
358
365
370
368
381
377
376
368
377
388
382
379
379
381
373
381
371
375
382
369
370
372
366
361
370
357
353
365
366
354
348
354
347
354
361
375
368
374
373
364
361
336
334
351
349
354
349
346
351
351
339
346
342
342
351
347
346
354
361
364
367
355
355
360
355
362
360
357
358
366
363
356
363
364
367
366
359
349
341
350
355
357
359
351
340
333
335
331
342
341
346
348
352
349
356
354
357
363
357
376
368
365
365
361
358
354
345
352
340
349
355
341
340
344
345
352
350
361
348
355
360
362
358
361
362
355
364
373
363
370
359
356
353
351
341
336
339
347
347
354
353
356
356
369
355
348
347
341
347
352
346
354
345
341
341
338
345
348
347
357
344
349
345
348
352
344
343
327
336
328
328
340
341
341
349
349
353
