353
341
344
356
344
328
323
317
311
314
320
319
314
321
317
317
313
322
310
319
316
319
311
314
325
312
306
314
313
318
319
320
317
309
313
311
314
317
313
314
313
319
320
322
335
329
332
324
328
324
319
317
319
314
325
328
335
313
307
301
297
308
311
305
301
303
309
314
325
326
318
327
321
323
339
333
325
328
328
325
327
319
332
321
330
320
326
321
312
309
305
304
306
310
308
291
296
294
297
302
291
310
306
313
319
324
312
312
308
308
307
304
300
301
289
302
299
288
289
294
296
304
292
303
299
304
305
287
292
300
292
300
301
302
292
302
304
307
308
310
298
304
300
306
294
296
281
287
288
301
294
298
299
306
307
292
307
300
303
303
307
306
304
289
288
288
280
278
264
271
270
272
275
277
280
282
285
277
262
266
252
247
248
256
260
267
272
271
255
263
270
276
281
286
295
286
290
283
287
287
293
277
281
277
266
275
273
265
263
271
275
259
269
257
264
278
282
291
289
289
289
289
284
286
289
287
293
288
280
279
283
285
286
277
270
263
261
266
277
278
283
269
277
266
264
262
270
282
274
268
271
270
281
272
275
270
274
277
269
267
274
266
266
264
273
274
282
292
291
277
272
289
291
293
284
286
295
290
290
289
278
278
278
275
280
278
262
258
271
263
276
283
282
277
274
281
272
269
268
272
267
281
283
273
270
269
257
255
259
264
261
273
258
276
283
289
287
278
270
272
275
279
277
284
278
282
281
284
275
278
285
280
282
280
273
275
269
278
275
277
272
282
279
277
282
290
281
282
284
295
290
284
290
280
284
279
266
276
269
266
273
269
268
266
271
282
279
281
287
285
291
291
291
297
290
297
288
294
303
289
283
283
279
280
281
287
289
298
289
287
286
285
287
282
270
267
268
281
287
289
287
286
284
278
291
279
280
270
270
278
283
291
288
289
303
287
278
286
288
284
286
289
293
287
284
277
285
281
289
280
278
288
293
281
283
285
271
269
272
269
275
272
269
271
276
290
292
279
281
282
270
282
270
265
265
285
278
287
286
283
280
290
288
290
278
281
286
286
283
278
276
290
275
285
290
282
285
283
294
300
296
297
304
285
288
289
287
286
285
285
289
284
281
260
260
258
258
263
267
274
270
264
266
266
267
262
263
250
257
271
272
266
266
268
265
261
265
266
272
282
283
273
268
249
248
249
246
256
262
255
256
252
245
245
254
254
235
238
234
228
232
240
249
255
261
270
278
266
267
266
271
256
259
249
250
255
250
255
247
261
254
256
258
256
268
265
275
270
277
279
283
275
276
264
276
275
285
273
260
258
261
256
256
270
265
263
263
272
267
271
266
270
270
269
275
273
270
265
260
269
261
260
265
270
272
268
263
270
269
279
288
281
275
281
278
282
279
278
265
281
277
261
269
269
276
267
279
280
264
253
258
256
259
274
269
265
277
276
261
268
272
271
266
275
262
257
252
245
248
244
226
230
232
236
240
233
248
255
246
242
240
247
240
248
250
256
244
255
254
262
265
258
241
248
250
242
244
251
244
243
250
240
261
249
257
249
243
242
248
247
252
259
255
259
254
259
267
255
248
245
247
253
252
247
250
254
252
258
247
258
267
266
263
260
265
264
265
268
263
254
259
262
260
259
256
253
252
242
243
238
244
243
249
249
251
256
262
265
261
255
262
258
262
258
260
249
264
257
260
252
242
241
249
238
252
253
245
245
254
252
242
241
241
242
239
239
245
255
259
260
260
259
258
255
255
257
258
260
258
255
260
254
252
258
250
247
250
261
256
243
260
251
256
264
262
258
258
260
248
252
264
258
263
259
258
254
262
258
253
253
260
258
268
256
270
268
263
258
259
258
254
243
258
254
257
258
254
242
240
243
243
265
261
255
264
251
264
266
254
247
251
255
257
248
249
243
249
248
243
242
241
242
242
248
254
249
247
243
246
247
243
237
236
234
242
237
242
238
239
242
246
244
247
241
249
253
244
233
236
233
240
238
242
254
264
248
245
250
254
266
264
268
255
253
263
257
257
241
248
253
252
244
254
255
254
264
264
256
254
253
260
261
256
259
256
249
240
246
242
232
232
238
243
228
222
237
234
227
223
222
227
232
224
227
226
229
223
235
235
223
233
222
241
242
241
246
235
235
229
232
231
233
235
235
231
239
232
229
228
214
207
216
222
212
222
219
218
226
225
221
229
233
247
244
231
224
235
228
225
219
226
231
231
232
238
228
233
236
236
229
230
232
228
220
226
235
226
216
223
223
210
210
213
217
212
209
211
216
214
218
213
219
223
227
229
233
236
239
237
242
238
245
243
239
240
247
240
232
228
238
242
224
233
225
219
223
220
217
223
214
224
216
223
219
221
216
215
218
215
222
215
209
203
208
209
208
206
199
194
185
195
204
198
203
213
207
212
207
213
214
216
215
211
201
200
196
196
201
193
193
196
194
190
187
188
191
188
193
198
202
200
190
182
187
188
193
196
194
199
191
196
193
201
188
185
186
190
193
194
210
202
211
204
193
199
197
198
205
201
202
212
217
208
210
207
207
203
204
197
209
203
206
203
197
204
194
190
193
206
197
193
211
198
197
201
208
198
208
205
191
194
190
194
197
203
205
204
198
193
194
197
197
194
191
191
189
197
208
202
207
200
201
194
200
190
195
195
198
192
189
187
189
188
189
187
180
178
178
183
199
189
192
198
192
194
194
196
196
199
191
191
204
196
200
199
194
188
188
192
209
208
203
211
207
210
206
204
206
208
202
196
204
200
200
203
210
205
204
202
204
203
206
215
214
206
198
204
213
206
206
196
197
203
199
209
215
217
214
213
211
215
212
210
201
217
215
218
216
216
203
213
202
215
215
208
202
201
197
199
201
204
185
193
191
197
205
208
205
203
202
200
196
194
186
187
190
187
184
189
197
201
194
195
191
193
198
184
192
189
199
201
195
201
202
215
211
210
212
214
203
205
215
214
214
214
217
214
209
216
212
215
203
202
192
193
202
202
203
206
203
210
204
209
216
216
216
196
199
196
209
199
201
193
196
182
183
183
188
193
187
195
197
196
196
204
207
208
204
200
206
189
195
192
189
188
195
191
198
202
193
191
183
180
188
192
195
197
199
194
199
209
212
203
203
199
201
203
195
198
184
196
192
186
184
188
189
179
190
191
190
190
195
193
194
201
193
206
203
206
207
199
200
197
199
206
198
196
191
195
188
190
196
196
196
192
193
203
199
204
211
209
206
208
204
196
196
185
193
194
194
195
204
203
206
206
212
218
217
210
209
212
213
207
209
210
212
201
208
202
211
200
207
199
204
215
206
207
199
206
202
204
201
203
214
205
204
202
198
202
188
189
188
190
190
186
180
191
192
199
192
197
188
191
193
199
206
207
216
215
209
212
212
215
218
202
194
203
206
215
215
206
207
204
198
201
207
207
212
212
215
213
211
211
217
213
207
206
201
215
198
201
205
212
208
204
207
208
204
206
204
204
203
199
200
193
198
196
189
194
196
210
209
207
201
206
203
207
213
213
213
217
212
208
205
200
201
198
203
205
198
188
188
196
202
200
205
195
191
190
182
190
186
183
190
181
188
189
184
185
178
172
170
175
170
174
181
178
173
163
169
172
170
163
167
163
166
173
169
172
179
176
180
184
180
182
189
180
173
173
176
184
181
174
185
185
186
184
185
178
188
192
182
175
173
173
176
172
169
174
173
193
181
175
181
178
176
174
175
181
177
179
174
176
176
175
180
181
183
188
183
187
183
191
189
192
184
183
186
182
184
178
180
184
184
177
180
177
174
183
184
173
177
180
175
171
175
168
170
164
173
170
169
169
164
164
170
162
155
153
157
160
162
163
160
172
177
165
179
177
169
167
169
172
172
165
155
163
161
156
145
153
157
160
165
163
169
170
172
171
167
168
169
169
180
184
188
191
187
181
182
192
173
176
171
175
180
189
184
184
190
185
187
179
182
186
194
193
195
182
184
191
181
178
179
183
192
193
190
187
188
194
192
191
186
186
184
183
184
186
193
184
188
195
198
187
177
184
184
187
183
170
173
172
169
169
176
180
171
174
160
160
155
159
163
172
176
173
170
178
185
179
184
186
192
190
189
193
191
196
195
190
191
198
196
199
201
189
182
189
188
175
185
181
178
182
180
179
175
179
178
176
173
172
172
170
174
177
178
181
176
180
179
178
182
181
181
177
184
183
176
173
176
184
186
188
186
180
173
174
169
183
178
178
181
182
193
183
186
179
180
179
173
172
180
170
174
169
172
170
176
170
179
179
176
187
182
167
171
172
170
170
174
174
161
161
154
153
150
152
158
155
158
162
160
164
172
169
171
173
175
174
172
183
179
177
183
181
178
177
169
167
177
180
177
175
182
179
186
176
175
175
169
160
163
165
168
179
184
179
184
177
177
172
175
183
185
191
185
181
181
180
182
178
167
188
180
171
186
191
191
192
189
191
180
183
189
189
181
189
191
186
194
191
178
191
188
184
172
173
182
172
173
176
183
177
182
183
171
178
186
180
176
182
181
180
181
177
180
186
183
178
179
183
190
185
186
178
188
181
185
194
191
195
189
185
186
188
191
184
181
171
178
183
182
184
175
182
165
172
170
165
166
179
175
176
175
181
188
180
180
178
173
167
163
165
162
162
162
160
164
164
171
161
166
168
171
174
171
177
174
179
170
164
172
178
174
175
183
176
184
173
176
179
177
183
181
177
179
184
188
181
188
179
182
180
181
181
180
180
193
197
179
176
177
175
171
178
183
180
177
182
182
173
173
166
162
169
174
170
171
172
172
177
172
173
170
181
184
179
182
181
184
176
180
177
183
188
185
184
188
187
185
171
168
167
168
169
171
167
173
175
177
167
172
163
166
165
173
170
166
165
167
165
167
168
162
163
165
162
158
159
162
164
177
177
178
174
169
174
177
184
176
181
178
171
155
153
151
162
161
168
165
173
169
181
176
167
174
166
170
174
165
175
178
174
179
183
178
178
183
183
178
188
186
178
171
170
171
162
171
176
178
185
192
186
184
184
183
175
178
179
180
179
181
186
176
172
178
176
177
186
185
174
182
186
187
171
171
181
182
179
181
181
175
178
177
173
172
184
178
181
180
174
178
180
187
191
187
187
184
186
179
173
179
186
186
197
194
193
198
184
185
182
186
185
183
182
183
190
196
186
184
181
188
185
189
185
178
180
172
189
179
184
175
182
178
182
183
195
187
196
187
184
177
176
172
173
184
177
190
176
180
172
170
176
179
181
170
160
165
175
179
172
172
168
168
167
167
169
171
176
186
180
184
183
184
181
189
187
196
197
192
188
189
193
186
191
197
199
195
198
186
182
181
186
187
187
187
185
188
181
188
183
184
181
179
185
180
186
185
186
178
174
180
182
178
183
178
181
186
192
180
176
160
162
164
153
159
166
169
161
161
164
152
158
151
145
153
154
162
149
151
145
150
152
167
171
167
155
167
158
156
152
158
161
166
173
171
173
181
180
170
165
151
152
152
157
163
166
162
170
170
164
171
166
166
170
166
165
161
160
156
157
157
161
164
170
173
159
165
175
164
168
161
161
165
162
164
157
163
160
168
173
171
175
168
175
175
169
165
164
159
159
154
158
160
157
161
157
166
167
164
159
149
148
150
147
156
158
148
153
141
144
147
142
147
148
150
151
148
154
160
163
160
156
153
158
158
156
166
164
164
169
167
164
172
160
157
159
159
151
148
155
159
151
161
163
157
158
157
158
153
153
159
160
160
158
163
169
167
165
165
166
159
160
156
154
160
157
148
154
145
147
138
149
159
155
160
160
143
139
143
149
142
149
146
145
142
147
150
148
143
146
136
147
140
142
145
149
152
161
163
163
163
158
155
155
162
158
163
161
166
163
160
157
158
157
158
159
159
162
164
171
171
171
172
173
167
168
172
163
164
165
161
173
166
161
148
150
150
155
148
158
162
155
162
152
151
149
147
142
150
153
157
148
146
150
156
165
170
162
168
164
159
163
156
149
150
147
156
156
162
156
155
159
164
163
166
160
153
164
162
160
164
157
169
167
168
159
165
166
172
166
166
158
159
160
165
162
165
166
163
176
171
174
179
165
165
171
167
165
164
153
157
155
160
167
171
169
170
165
164
167
158
157
156
151
157
147
151
144
159
157
148
152
163
164
160
164
171
167
162
155
154
151
151
162
163
150
146
144
143
150
144
151
154
149
159
153
158
154
163
169
168
152
157
163
168
165
165
167
163
163
160
168
161
166
164
152
150
150
154
167
158
167
165
166
164
166
162
162
164
184
177
175
173
175
175
170
174
174
170
163
165
167
159
162
159
161
160
161
154
153
151
160
165
166
172
164
156
160
161
158
170
170
162
168
168
168
169
168
165
172
171
166
166
162
165
165
170
163
161
161
167
169
174
172
172
179
173
162
160
170
155
154
153
153
154
151
152
143
147
148
146
155
150
147
148
148
146
140
145
150
154
146
142
143
148
149
149
142
144
157
152
155
154
157
157
160
148
158
155
162
157
153
152
152
156
151
147
157
148
147
151
146
155
156
153
145
146
143
157
153
162
165
168
174
169
166
163
162
158
152
152
156
161
161
156
161
156
154
144
150
148
155
159
158
160
162
162
162
154
163
170
170
174
173
169
173
160
158
157
161
157
163
157
163
159
156
155
153
157
162
158
149
143
143
143
148
160
162
171
170
166
157
150
151
153
159
165
162
165
160
162
160
159
150
146
147
152
150
152
161
157
161
158
160
164
168
166
159
167
161
151
158
152
160
155
162
162
174
167
169
168
168
164
165
164
179
168
175
172
170
167
165
176
169
173
174
174
171
174
171
166
161
161
163
159
160
163
164
155
151
159
158
162
169
169
177
179
176
179
169
168
173
157
160
159
160
165
162
164
159
157
156
156
153
167
165
169
172
170
158
154
156
156
146
151
154
149
139
136
136
145
143
140
142
147
149
155
150
152
146
143
150
150
142
142
135
142
138
136
139
138
137
143
146
146
143
151
153
146
140
147
141
147
147
142
142
149
154
153
148
152
157
157
160
163
162
167
170
171
165
160
163
160
163
171
160
156
161
155
158
158
153
141
145
144
151
149
156
159
155
158
159
163
162
162
155
155
158
168
177
178
180
181
179
174
174
174
175
174
172
169
162
164
173
174
165
168
160
165
164
166
169
161
169
162
160
157
149
146
146
150
152
150
155
148
152
151
148
149
142
143
152
158
149
151
149
151
155
159
153
155
153
153
151
154
150
157
158
157
157
154
150
147
148
162
161
159
157
148
153
147
148
144
136
140
143
149
148
151
152
152
160
163
160
167
168
172
172
174
175
164
170
165
173
175
180
184
184
181
170
157
164
158
156
153
155
154
152
164
156
153
155
149
141
141
146
152
147
148
141
137
142
151
153
146
159
161
161
166
164
160
154
152
152
154
153
160
160
160
162
165
164
166
170
169
167
169
159
164
166
169
171
173
170
175
164
166
167
162
155
155
153
159
162
157
155
159
170
165
162
164
167
160
162
166
165
162
157
158
154
156
158
162
161
156
163
165
160
162
165
160
161
167
163
161
165
157
158
165
162
159
157
156
154
154
153
157
157
163
167
157
157
157
162
153
158
160
166
159
164
168
165
164
168
166
173
172
179
177
167
172
161
155
164
156
155
167
159
168
167
167
167
170
170
168
162
165
161
165
163
163
161
157
158
164
156
157
157
155
153
156
157
147
148
152
156
164
154
158
162
157
161
159
168
170
165
166
168
170
168
164
158
166
174
165
171
169
167
163
163
159
164
173
167
166
166
169
176
174
167
173
164
171
172
175
171
163
162
169
167
162
163
157
152
164
153
146
150
151
153
151
151
149
150
139
144
153
147
147
154
161
161
167
167
167
169
172
169
172
159
165
159
168
154
152
144
149
160
160
158
154
150
151
151
157
165
160
160
160
167
161
160
159
157
157
159
155
158
166
150
153
152
150
160
162
149
142
153
162
156
164
155
159
160
175
174
171
167
164
164
169
167
164
167
160
159
157
155
157
161
164
157
160
150
168
164
167
175
168
170
164
166
165
162
158
157
152
155
163
166
166
160
155
158
156
157
153
155
156
153
165
164
158
161
174
166
156
161
153
159
162
165
160
168
162
161
155
160
159
153
158
157
146
151
160
155
156
144
156
157
147
154
150
151
155
155
159
161
166
162
156
154
148
150
148
155
157
154
152
146
156
157
158
156
157
159
150
155
163
158
162
160
164
165
161
161
155
153
154
157
164
160
164
158
170
156
166
170
166
165
158
161
172
174
168
168
168
163
174
163
165
169
170
175
170
162
161
157
150
146
150
154
149
150
142
146
148
149
148
143
147
138
148
151
147
148
151
144
152
153
155
161
161
159
157
165
157
162
161
157
155
152
148
148
144
147
143
146
149
141
152
151
153
148
148
147
142
137
132
119
122
128
121
128
127
132
135
136
132
128
127
141
132
140
147
144
132
137
134
137
138
134
138
137
143
143
144
139
140
144
139
140
141
140
149
150
147
151
145
147
143
144
143
146
158
156
159
147
153
151
157
151
149
155
151
147
144
140
146
141
147
136
134
134
130
129
141
141
142
137
134
140
139
133
134
142
140
137
139
138
139
149
142
142
140
150
148
146
142
145
139
147
143
144
152
154
155
145
151
147
146
144
139
136
133
142
139
139
139
137
131
134
132
126
140
130
131
133
129
140
125
122
128
129
130
129
139
140
142
140
140
133
134
141
131
127
137
144
139
139
139
140
141
142
141
140
146
147
142
148
155
152
153
154
144
147
151
151
147
147
147
145
136
138
138
144
151
160
154
146
151
148
147
148
151
149
151
149
140
129
133
138
132
140
141
134
141
142
143
139
139
137
141
141
141
147
140
136
140
140
133
142
142
141
146
143
142
144
150
154
157
153
148
153
157
150
146
150
145
146
143
145
146
136
137
140
148
146
141
142
150
149
145
150
150
153
147
146
141
134
141
140
142
144
139
133
139
134
145
148
146
142
135
127
129
126
125
130
131
131
125
131
130
134
128
129
129
136
137
140
138
131
130
128
130
138
129
133
135
143
138
138
134
126
129
127
138
130
135
132
134
142
136
139
144
141
139
138
137
134
136
129
127
134
134
128
125
132
127
121
132
128
123
132
135
133
135
133
133
138
138
134
138
143
140
139
145
138
139
135
129
128
134
140
144
142
137
137
141
148
150
149
153
152
156
156
158
151
151
149
148
152
137
141
139
136
136
136
140
136
132
125
120
119
129
128
134
123
129
130
134
127
117
120
120
127
124
135
137
135
136
141
144
139
149
139
140
143
146
138
136
132
137
136
141
143
148
145
146
144
139
136
138
141
135
131
130
133
130
137
136
137
140
139
139
133
132
130
136
144
143
144
144
139
140
141
132
132
131
127
128
124
127
134
134
131
132
136
124
129
131
120
126
129
128
137
137
135
129
125
123
121
121
125
126
129
135
145
147
142
138
138
137
132
138
135
140
142
132
136
139
136
138
146
138
142
135
129
134
135
131
124
134
132
128
131
133
132
130
129
127
130
133
131
132
135
129
134
128
129
130
139
129
129
131
131
125
134
124
122
133
135
140
136
144
139
142
144
150
149
143
142
141
140
143
142
139
137
144
142
144
153
150
149
146
142
149
144
143
151
141
138
140
140
133
141
140
134
133
141
138
138
137
142
145
137
137
143
143
141
136
130
137
132
133
135
133
130
133
142
142
139
139
146
149
142
143
132
137
140
143
146
140
149
146
144
140
144
143
145
140
140
144
137
139
139
149
141
143
142
136
138
138
129
126
130
132
121
132
127
129
118
114
111
119
123
124
119
124
121
127
130
127
124
119
116
124
123
128
129
128
139
136
138
137
123
120
114
111
112
117
119
126
130
123
121
130
130
131
122
116
115
115
115
109
113
112
104
103
105
102
100
109
113
109
111
114
118
118
120
127
127
121
123
125
128
124
127
127
134
131
129
131
129
122
119
114
116
110
114
116
113
108
110
118
123
120
119
116
113
112
115
113
120
113
120
122
121
119
125
113
111
115
109
114
117
118
117
126
123
121
122
122
132
124
126
130
132
128
124
125
124
127
125
122
123
128
125
135
137
132
128
124
118
116
121
119
115
116
121
126
124
128
128
134
137
135
135
130
134
129
127
123
122
123
124
130
132
129
132
134
125
135
124
126
131
133
127
122
121
121
114
115
108
108
110
112
124
122
119
128
129
121
123
118
118
122
114
127
126
114
111
107
105
110
104
110
111
108
103
108
105
104
101
102
103
103
101
108
119
117
116
117
120
115
111
118
115
108
112
107
111
109
108
114
118
107
113
112
110
109
111
115
115
112
109
108
119
122
124
123
117
112
113
119
131
120
122
115
123
122
120
128
132
122
121
119
113
121
125
124
122
124
123
125
129
123
129
135
134
142
136
136
140
136
132
131
127
127
129
124
125
119
118
116
112
111
104
103
102
104
98
100
106
107
101
101
100
96
103
104
104
111
111
111
117
120
120
121
119
116
129
132
128
132
123
126
128
119
116
120
119
120
119
126
127
121
127
124
121
130
129
122
120
117
118
120
120
119
118
116
117
117
121
123
117
108
105
119
116
125
121
122
125
129
124
121
122
119
112
113
109
119
118
118
117
112
123
116
118
123
113
113
118
117
121
118
120
115
120
122
129
129
130
123
125
131
124
125
129
124
131
130
133
128
131
126
119
115
114
114
112
116
113
120
115
112
112
118
118
110
115
116
115
113
112
116
121
110
112
118
116
123
123
134
129
126
118
119
115
115
115
117
110
116
113
116
113
113
112
113
115
123
131
131
129
119
124
120
123
112
111
110
115
120
116
115
120
113
109
118
122
120
123
124
129
131
133
139
137
136
126
129
128
124
131
128
130
121
127
121
123
125
123
116
115
118
110
118
123
122
129
132
126
124
132
128
136
122
127
127
129
132
126
131
130
131
126
124
128
128
125
128
121
123
116
120
118
119
120
115
122
116
113
117
115
114
121
127
132
137
134
137
144
133
136
136
135
140
137
134
136
136
137
136
133
134
130
132
125
125
124
125
114
122
125
126
125
126
124
131
124
126
130
126
130
132
116
125
122
125
119
114
119
110
115
114
112
113
125
124
127
124
124
121
116
122
119
125
122
126
119
113
113
114
122
123
122
126
125
126
128
131
129
124
120
115
121
128
122
120
117
112
118
123
125
125
122
120
123
119
118
124
121
121
119
125
124
121
126
126
126
122
118
115
120
123
120
120
119
122
120
116
116
115
122
111
114
112
109
117
121
118
115
125
119
117
116
111
111
111
111
114
115
108
117
115
112
108
114
115
112
109
112
114
115
117
126
124
125
117
112
112
112
115
115
116
118
122
119
121
127
124
129
125
130
131
120
123
119
119
118
120
116
119
116
120
122
122
120
127
126
122
118
115
116
118
126
126
122
121
118
121
125
126
121
120
116
117
122
122
118
108
114
120
117
116
111
116
118
119
115
120
121
121
122
115
113
115
116
113
111
116
110
109
101
108
113
109
108
104
104
108
106
113
115
113
118
121
118
129
138
136
135
133
134
132
128
122
122
120
118
118
115
123
118
120
115
120
121
118
116
114
104
110
110
111
114
117
118
114
110
110
111
113
124
125
123
130
128
123
124
130
126
128
125
121
123
129
126
127
126
122
127
130
129
125
130
130
133
129
134
131
128
139
133
133
129
135
140
131
140
136
138
133
132
125
128
132
126
126
130
122
116
116
115
114
115
117
114
112
108
111
111
107
114
118
116
119
119
123
122
121
111
119
120
120
123
118
117
120
115
117
114
116
111
112
121
119
121
123
124
121
117
113
118
124
120
124
126
128
126
121
124
119
120
119
119
123
126
126
115
116
114
117
109
111
111
113
112
116
111
114
110
106
110
108
102
99
97
99
100
96
98
99
96
100
108
109
108
104
102
99
92
93
99
99
97
108
107
108
106
103
101
108
105
102
96
93
97
99
110
107
108
112
106
105
109
107
110
99
109
112
102
108
107
105
107
102
106
110
106
110
109
115
113
113
117
118
124
122
124
118
124
124
125
133
128
129
133
133
136
129
127
128
125
122
121
116
114
106
107
110
106
113
112
104
106
108
108
108
104
98
102
109
109
114
122
123
120
122
118
117
122
128
123
128
130
130
140
138
133
136
135
133
137
135
133
136
132
129
127
130
131
132
125
123
130
123
119
115
112
118
113
121
119
125
124
132
128
124
122
116
119
122
117
121
121
123
124
128
125
119
117
116
119
122
124
131
130
128
123
126
123
123
126
121
121
129
127
128
132
139
139
136
133
135
135
132
126
126
131
130
129
131
132
125
128
129
129
125
124
117
116
125
126
126
126
122
118
120
125
121
120
127
125
126
119
123
124
116
115
111
112
116
115
121
115
103
106
114
121
113
108
107
109
114
117
118
115
109
108
107
106
102
101
100
95
97
95
91
92
93
94
101
101
96
101
104
101
98
97
101
102
100
109
113
116
112
115
118
109
104
104
103
99
93
92
96
96
100
96
99
98
99
101
101
93
92
97
95
95
103
107
111
109
110
109
109
114
104
104
109
108
107
99
97
92
101
101
96
90
96
93
93
96
93
89
91
87
93
91
97
97
98
97
101
98
92
97
99
100
98
92
94
96
97
99
98
94
92
96
90
99
97
95
102
100
108
110
102
103
105
110
107
105
105
101
105
102
91
88
86
88
89
88
93
91
87
88
94
100
97
106
108
97
98
105
100
100
99
96
92
92
96
102
98
99
100
96
94
93
95
94
88
91
94
93
93
96
98
90
97
93
93
95
94
95
95
98
102
103
109
112
111
103
102
96
92
97
95
89
90
93
95
94
104
100
105
108
108
112
107
108
108
107
106
104
106
105
99
103
104
100
104
103
103
108
99
98
102
104
98
98
101
103
102
103
100
102
109
106
104
110
107
105
103
112
110
109
106
108
106
107
110
111
109
103
107
105
106
108
100
107
104
97
102
103
105
106
105
105
109
119
110
113
109
107
108
107
108
103
107
104
108
107
110
106
105
105
104
101
95
100
96
99
91
86
92
96
95
103
111
109
106
95
96
97
102
103
98
106
109
110
116
115
116
117
116
113
116
114
108
109
102
100
98
101
101
106
110
106
100
106
101
102
104
115
113
109
104
101
103
108
101
98
100
107
97
104
107
110
112
115
114
105
111
113
114
108
100
95
96
95
96
99
94
94
102
101
102
103
103
106
105
110
111
108
108
108
102
105
105
111
110
115
121
122
110
116
115
115
111
112
113
117
117
115
112
110
110
106
109
108
102
99
95
93
102
96
96
101
102
102
101
103
103
106
102
100
95
98
94
94
98
91
91
88
93
100
105
108
107
107
101
100
106
100
99
100
99
108
112
106
104
100
99
100
108
111
111
113
108
112
112
112
113
105
101
102
97
96
97
101
100
98
94
95
100
97
93
89
84
89
86
88
78
72
75
75
79
84
80
83
83
80
78
82
79
87
88
84
87
82
84
83
85
88
96
96
86
87
84
90
96
90
98
100
101
100
97
96
94
91
89
98
97
100
92
95
97
97
106
107
105
104
106
107
102
109
109
103
109
106
108
101
106
110
115
114
110
110
113
112
113
104
100
96
94
100
95
92
88
91
94
91
90
94
96
95
91
91
87
90
98
99
101
100
96
92
92
84
89
91
95
92
90
89
88
91
85
87
81
87
88
90
88
87
84
86
89
81
81
82
84
86
85
92
90
86
84
86
78
78
77
80
80
79
79
78
75
77
75
73
75
78
74
79
75
80
79
81
82
77
81
85
79
76
81
78
81
84
77
79
73
80
79
84
83
78
82
80
76
77
78
78
73
72
73
75
76
73
74
72
78
79
80
82
83
78
80
79
78
75
74
79
75
82
82
79
78
80
77
86
81
76
75
84
79
79
75
76
77
80
79
82
80
76
75
78
85
79
80
82
78
74
77
79
80
75
80
80
80
79
86
88
78
86
81
82
82
85
84
83
78
76
74
77
75
74
74
80
82
75
79
78
80
77
82
83
83
79
78
77
71
75
71
70
68
67
71
71
65
74
74
79
79
82
85
82
75
80
74
76
78
77
76
80
84
83
91
81
81
78
89
92
94
84
87
83
83
82
81
89
83
80
84
78
80
76
71
75
74
75
71
69
73
75
75
76
76
80
77
84
77
81
83
78
78
82
74
79
78
76
73
76
70
76
76
83
78
81
81
79
83
81
82
79
81
76
81
80
86
79
75
78
80
88
86
86
83
79
77
78
78
77
77
77
72
78
79
85
83
80
80
84
77
82
78
75
79
71
74
73
74
78
71
74
84
81
79
84
86
81
81
83
85
88
87
86
83
85
83
83
75
81
78
80
73
76
80
79
86
81
82
84
86
93
90
92
88
87
87
87
90
77
78
79
77
77
67
67
67
66
65
70
69
69
74
70
77
74
64
66
65
67
68
66
65
64
60
64
60
61
61
63
58
58
58
56
58
60
60
57
63
61
57
58
56
55
55
61
60
66
61
59
55
56
59
59
58
57
61
60
62
63
60
53
56
57
51
57
54
59
63
64
63
60
55
59
57
58
61
61
59
64
61
56
55
60
57
59
66
62
60
62
62
65
63
65
63
61
62
62
61
67
60
62
68
61
59
58
64
68
65
65
62
65
62
62
57
66
59
68
67
65
61
61
55
59
58
55
57
59
59
66
67
63
63
59
60
61
58
53
61
58
60
59
63
63
60
66
64
62
62
63
62
59
63
62
62
66
62
65
63
62
53
63
64
66
67
65
67
65
68
67
66
65
62
65
61
51
57
60
55
62
65
59
63
59
60
61
58
69
65
67
60
58
64
62
61
60
59
58
59
59
64
66
62
59
58
58
62
59
58
58
59
57
59
60
60
58
61
58
57
59
66
62
65
65
63
62
66
60
62
64
65
65
66
68
65
62
59
63
58
58
59
58
57
61
60
62
64
60
60
61
59
57
60
59
62
64
65
64
68
68
64
64
67
67
64
65
69
68
66
66
63
65
60
63
57
61
60
58
55
49
49
57
56
58
58
60
62
61
61
64
64
62
59
59
67
63
63
62
65
60
54
60
60
64
58
57
61
58
59
64
68
65
67
66
69
65
63
66
69
72
66
74
69
67
67
67
70
66
65
63
63
63
67
69
68
66
65
61
57
60
66
68
66
59
61
65
56
54
60
61
58
58
59
60
57
58
60
53
60
62
64
66
63
66
62
65
62
65
65
62
58
53
61
60
61
60
57
59
61
55
58
58
63
60
60
59
56
59
54
56
54
53
53
59
59
61
58
59
61
58
54
53
51
53
57
61
59
62
60
58
62
62
56
59
57
56
57
53
58
61
55
55
63
58
61
50
58
53
56
58
60
59
54
51
52
54
51
56
51
54
50
45
47
47
48
49
47
45
48
46
45
43
45
40
39
41
38
40
43
45
45
44
46
45
48
47
46
42
47
49
50
45
48
43
46
45
47
46
43
42
41
42
38
33
33
38
38
35
43
43
45
49
49
46
50
47
48
48
44
48
45
44
44
45
41
40
43
45
46
43
47
39
40
40
41
40
38
37
39
38
39
42
43
46
43
40
44
45
49
47
48
41
51
46
47
41
45
41
38
44
36
40
40
41
37
38
44
33
37
38
38
45
38
40
42
38
41
39
37
41
39
35
34
36
33
32
34
34
35
33
38
38
34
31
34
34
33
35
35
32
34
36
40
37
34
38
40
34
37
45
44
46
45
40
39
42
40
44
41
43
43
42
45
45
42
46
42
45
42
44
44
45
43
47
46
45
48
41
44
43
41
44
41
39
38
39
39
43
36
36
38
37
41
45
46
37
40
39
42
38
46
47
48
50
50
52
50
49
46
46
41
45
40
39
38
36
36
32
29
34
32
30
30
29
24
25
26
26
29
31
31
36
32
30
30
29
33
31
32
31
28
32
29
31
36
34
36
37
38
39
37
29
25
27
30
34
36
38
38
40
37
40
41
42
40
44
42
37
35
39
35
36
40
36
40
39
42
47
48
46
41
42
40
38
41
44
41
48
47
49
45
47
41
43
37
37
34
30
35
31
38
36
36
38
33
33
36
39
39
36
38
39
39
40
40
38
38
37
37
36
36
37
38
36
34
36
32
34
41
42
44
46
42
41
42
44
43
38
39
40
42
40
38
37
39
40
44
42
42
38
41
41
41
41
39
45
46
46
49
48
47
37
40
37
40
38
39
42
39
35
37
37
44
41
48
35
37
37
42
36
36
37
39
39
38
43
36
39
36
35
38
37
37
37
36
38
42
36
34
38
42
42
44
43
43
43
43
41
41
41
41
41
43
42
45
46
41
41
48
44
38
39
40
40
40
39
31
35
35
37
34
35
41
38
36
39
42
41
42
43
42
39
40
41
40
42
46
43
44
44
44
45
45
50
39
42
43
47
43
48
49
49
47
43
42
47
45
41
36
35
40
41
44
41
41
41
43
41
39
38
37
40
37
43
44
40
42
46
43
43
46
46
48
42
43
43
48
42
41
39
38
38
39
43
48
48
45
47
49
51
44
45
38
44
38
34
33
37
38
39
38
47
42
45
44
42
43
39
39
45
43
42
40
42
41
41
38
42
38
40
37
38
39
39
37
40
37
37
32
32
32
33
38
36
36
40
42
43
44
39
38
43
40
38
41
48
48
40
40
43
44
43
48
48
46
45
48
48
50
48
44
44
40
42
42
42
42
43
41
45
44
43
42
41
40
37
40
40
40
34
38
38
36
34
38
37
38
40
38
41
36
42
37
33
36
41
39
41
45
44
40
46
43
42
38
40
39
40
41
45
44
40
40
40
41
44
42
41
42
43
46
45
40
46
45
44
42
39
41
41
38
39
39
37
37
42
39
41
40
38
37
37
33
35
35
35
32
35
38
33
34
30
35
39
38
40
45
39
42
46
44
37
40
46
49
45
40
44
46
45
44
45
49
43
43
41
44
46
42
43
44
41
40
44
42
43
44
44
48
48
50
43
52
49
52
50
49
47
49
45
44
51
47
47
42
43
35
39
39
38
33
30
29
32
35
37
38
39
37
36
32
36
37
37
39
39
44
44
43
41
45
41
40
42
42
40
44
45
41
47
41
39
39
46
44
40
41
45
41
38
46
44
46
44
40
45
49
48
43
43
45
43
36
35
36
38
39
44
42
44
43
43
43
42
40
40
41
39
44
40
45
41
40
40
43
40
37
33
32
29
34
33
36
36
37
37
40
33
34
38
36
36
36
42
42
39
44
47
41
43
43
41
42
43
42
41
42
41
49
42
45
47
46
42
42
45
43
43
41
40
46
40
45
45
45
43
43
42
41
44
44
44
42
43
45
40
37
43
38
37
42
42
46
45
45
48
48
47
50
45
43
48
48
43
44
41
44
40
45
45
41
40
36
38
38
41
37
38
38
37
38
39
42
38
39
40
39
37
39
37
36
44
42
42
37
38
39
37
44
42
38
42
37
40
41
35
37
37
37
42
38
36
34
36
37
40
38
39
39
37
36
41
36
36
35
38
43
38
37
39
36
38
36
38
43
39
36
34
38
35
35
39
36
34
36
35
33
36
38
39
35
35
35
37
38
38
34
39
39
43
43
41
43
41
42
49
43
40
45
41
41
49
42
46
47
43
42
41
38
41
40
48
41
42
44
41
42
41
41
42
43
45
44
40
40
38
40
36
34
35
40
33
35
35
43
43
44
43
43
43
46
49
44
35
35
36
35
39
38
38
42
40
40
42
41
36
42
45
35
38
37
41
41
39
38
35
39
39
41
43
41
40
41
39
38
37
42
39
38
35
35
35
38
35
38
40
39
38
36
35
36
34
33
31
38
37
42
40
36
39
38
36
35
32
36
33
37
34
38
37
40
40
42
38
39
42
40
42
34
39
39
40
38
39
35
33
34
38
37
35
33
30
32
28
30
30
32
32
31
33
30
30
33
34
31
33
32
35
32
33
32
31
31
33
31
28
29
29
30
33
32
30
28
32
29
29
30
34
36
36
34
34
34
31
30
31
35
34
35
32
34
31
31
28
27
25
28
31
35
37
43
45
45
45
43
45
49
43
44
47
45
43
45
40
41
43
45
45
44
48
48
44
45
44
46
44
43
41
38
38
40
39
40
40
48
45
39
40
43
38
40
41
42
41
39
42
43
42
38
41
43
41
37
39
40
39
38
42
43
41
45
38
41
38
39
41
38
32
33
38
36
40
36
34
36
39
39
37
38
38
41
39
38
37
40
38
39
40
39
42
40
39
38
39
41
40
36
35
33
31
33
32
33
35
38
38
35
35
42
42
45
45
42
42
43
46
44
48
46
44
43
43
43
44
46
42
39
41
43
44
43
46
42
45
44
45
41
37
37
41
37
37
41
41
43
45
41
39
39
42
39
37
38
40
39
40
44
42
36
37
38
33
35
41
43
42
40
43
40
43
40
44
46
42
42
43
42
41
43
42
42
40
43
42
45
50
45
50
43
44
46
44
41
38
30
33
34
30
36
35
36
38
36
40
36
39
37
38
39
38
40
33
36
31
31
28
28
26
23
23
23
28
30
28
31
36
37
32
37
30
30
24
32
37
34
37
37
35
36
38
36
36
38
36
39
39
39
40
39
41
45
38
36
39
39
36
40
40
39
42
42
45
41
41
45
42
42
47
51
53
50
49
54
52
52
50
45
50
51
51
47
52
48
49
46
47
48
44
45
50
44
44
46
45
46
45
43
41
39
39
38
39
39
39
39
42
43
44
38
37
39
40
41
41
41
42
45
44
49
48
46
47
46
48
41
41
43
38
41
45
43
42
40
38
40
37
41
42
43
40
42
43
37
41
38
38
36
40
42
37
37
36
39
38
36
32
41
39
37
34
34
37
42
39
42
45
44
44
40
42
38
39
43
43
45
50
45
46
46
41
41
39
42
39
40
43
45
38
36
36
39
44
44
40
43
42
40
36
38
40
36
37
37
41
37
36
31
29
27
28
28
31
30
30
32
32
35
31
34
37
38
35
37
41
43
48
48
47
46
47
43
45
42
39
34
36
34
31
37
45
45
44
50
47
49
48
45
43
45
46
41
43
43
46
42
42
41
40
41
45
45
41
44
41
42
39
36
38
33
35
34
34
36
37
34
33
39
37
38
41
39
36
37
41
42
39
39
37
37
36
39
37
35
39
35
38
36
35
40
38
43
42
42
40
41
40
41
39
40
41
40
39
39
37
35
36
34
35
36
40
37
41
41
41
42
40
45
44
42
37
35
33
38
39
33
34
33
36
33
34
39
35
39
42
39
36
37
39
40
39
40
39
39
34
40
40
36
36
39
37
35
35
35
37
35
39
39
41
39
40
42
38
39
37
40
43
43
39
38
37
38
43
44
41
39
39
39
36
36
37
37
37
34
34
36
35
36
42
42
42
38
38
35
37
41
40
43
44
44
40
41
37
40
43
45
40
40
40
42
48
45
45
45
41
42
42
45
46
50
46
43
41
39
41
43
38
33
38
38
41
37
31
34
35
36
38
36
37
33
32
36
38
35
38
38
38
37
38
35
35
38
38
37
37
39
43
46
45
43
45
42
42
40
41
42
39
41
37
40
42
40
39
35
39
37
38
37
38
36
33
36
33
35
34
32
40
37
39
36
42
37
43
42
45
45
49
41
42
43
41
41
44
41
38
39
37
39
42
42
40
39
41
41
44
44
49
44
39
40
41
37
37
37
41
42
42
46
38
38
41
42
33
37
38
44
45
41
38
36
39
43
42
42
43
44
45
44
43
40
45
41
42
45
41
42
41
41
40
43
45
44
43
40
44
40
42
42
41
39
46
48
49
43
48
39
44
44
44
44
42
48
42
43
42
41
37
38
42
42
41
41
42
44
44
44
40
41
40
41
43
43
38
39
42
39
36
36
40
39
34
35
40
38
38
44
46
48
45
45
45
42
43
39
42
42
39
41
43
41
42
43
43
43
45
45
46
42
43
38
37
41
37
40
44
39
45
41
37
32
33
36
37
32
34
33
35
39
37
46
49
44
42
42
46
44
42
43
48
47
49
48
46
44
45
47
43
46
44
46
44
43
43
43
44
49
42
42
40
41
41
41
39
40
41
45
43
39
43
40
39
39
40
42
41
38
46
44
38
37
39
44
38
41
41
45
44
45
46
49
47
44
39
42
35
37
40
41
37
33
37
36
37
35
34
34
41
39
43
47
47
46
47
45
46
46
42
40
44
42
39
39
36
36
37
35
38
38
39
43
41
39
39
37
39
38
41
39
39
38
38
36
39
38
39
36
37
40
38
40
38
42
40
42
38
38
38
43
41
40
35
39
40
41
36
36
35
35
38
39
39
40
38
40
40
38
39
37
34
36
40
37
40
37
39
37
35
33
38
38
34
35
37
38
37
36
37
37
39
37
39
37
34
33
32
32
33
35
33
37
35
39
38
38
36
36
35
37
36
35
36
35
34
35
34
36
42
45
37
45
41
39
37
31
34
31
34
31
32
39
38
37
36
37
34
34
35
38
39
37
38
34
43
36
37
40
42
39
38
38
40
43
47
49
46
43
43
44
46
37
41
41
38
40
44
45
44
49
44
49
47
46
49
45
48
45
45
47
45
42
39
35
40
44
42
38
41
40
40
40
34
35
36
35
38
41
37
37
39
43
38
36
41
35
34
35
39
36
36
39
40
40
44
45
41
37
38
38
42
43
44
43
40
36
38
38
40
38
41
39
42
37
41
40
42
42
40
41
40
39
37
40
42
38
39
39
37
44
42
41
39
43
41
40
43
43
48
41
40
42
43
42
40
45
44
45
42
42
41
40
44
43
42
44
47
47
48
50
48
45
46
41
43
41
44
44
45
42
46
48
39
40
46
40
37
34
36
35
39
37
40
39
36
38
36
39
39
38
38
32
37
34
33
34
33
34
35
37
41
44
41
49
43
46
49
46
48
46
39
45
45
44
37
40
37
42
45
41
41
41
42
39
41
41
39
39
41
39
34
32
35
34
38
42
43
40
43
42
48
44
50
43
45
49
48
52
50
48
43
45
41
40
39
42
38
38
40
35
35
29
29
31
29
28
28
29
25
30
35
38
36
41
36
38
36
36
40
39
43
43
37
34
39
36
36
30
29
27
30
36
35
31
32
30
30
30
29
26
27
31
31
33
29
28
27
30
29
30
32
30
36
38
37
40
33
36
35
37
36
38
40
38
36
40
38
37
31
27
29
35
32
28
30
29
27
31
31
32
32
33
33
34
37
32
29
32
33
34
37
36
37
37
38
35
34
38
36
37
39
38
34
35
35
35
37
32
36
36
32
34
38
34
34
34
32
33
35
37
36
35
39
37
46
45
38
43
40
42
44
46
41
46
44
42
38
38
37
43
41
38
38
40
42
42
40
39
39
42
37
37
42
40
45
43
44
46
47
40
38
36
32
34
34
32
38
38
40
37
35
36
36
35
32
38
39
39
36
42
39
41
40
37
39
38
36
36
39
39
40
40
40
44
43
44
41
43
40
41
46
47
49
47
48
47
44
38
38
41
41
39
36
38
44
44
44
44
42
47
46
46
40
37
34
39
41
41
46
44
44
46
43
37
43
40
34
38
36
35
42
43
35
34
36
32
38
38
34
33
33
35
37
38
38
39
37
40
36
38
37
38
38
40
43
36
38
37
39
35
40
37
37
34
33
33
32
33
33
30
33
38
38
45
38
39
42
43
46
45
44
43
47
43
42
46
45
49
44
47
44
47
41
39
36
36
36
38
34
35
34
32
34
32
34
36
39
41
47
41
42
41
42
42
40
41
34
32
31
34
36
35
37
36
33
34
40
42
43
50
39
38
36
36
30
28
26
28
25
24
21
21
27
30
28
29
30
32
30
30
31
30
31
31
34
36
38
33
35
39
31
33
34
34
39
38
43
44
43
44
39
40
39
44
44
45
44
44
41
41
41
46
48
41
41
40
37
39
40
46
43
40
46
47
45
46
46
47
44
41
44
44
36
37
36
39
42
37
40
36
38
37
38
38
35
37
36
38
41
38
36
39
38
37
37
42
39
42
40
44
42
39
39
37
37
36
36
36
37
36
38
41
33
39
36
36
36
35
34
39
40
43
41
37
36
36
41
43
47
45
48
43
47
47
52
47
51
51
47
49
49
51
43
48
45
46
48
46
50
50
44
44
43
41
40
39
40
42
45
42
43
41
41
42
42
42
45
44
43
42
43
44
46
45
42
45
48
45
39
35
39
39
41
42
42
41
38
40
42
39
42
42
42
45
39
40
37
40
39
36
36
39
43
40
40
40
40
40
39
37
36
40
41
47
45
40
41
40
45
46
42
46
44
48
52
44
43
45
44
45
39
42
39
41
41
40
40
44
38
41
41
39
36
35
36
40
37
40
37
38
42
40
38
38
44
42
40
40
42
39
43
43
42
40
42
44
42
44
45
42
44
38
41
34
34
35
37
35
31
31
34
34
34
36
38
39
37
37
37
37
39
41
42
40
42
44
43
48
50
50
50
50
48
48
48
45
42
43
38
38
36
35
38
42
38
36
35
37
37
36
37
37
41
45
43
43
42
43
42
45
43
42
39
42
42
