521
517
506
517
512
508
512
509
483
466
459
476
483
485
482
481
483
486
481
462
463
475
464
478
481
479
482
497
487
489
490
485
483
488
474
471
465
475
483
474
471
486
485
491
499
485
490
491
493
499
497
510
505
490
491
508
504
495
494
500
503
478
484
484
495
500
492
505
487
484
483
477
486
491
481
497
505
499
496
491
477
483
492
486
497
492
497
498
501
503
502
509
501
500
484
485
478
475
476
480
486
474
483
482
492
487
488
476
463
502
511
509
511
499
493
482
478
483
476
490
484
492
488
492
480
496
476
480
480
474
473
477
484
482
484
477
500
521
511
511
510
512
516
518
500
508
506
492
502
496
480
483
496
485
488
493
490
485
494
484
477
467
471
484
488
480
476
463
472
492
494
495
494
488
497
497
509
504
491
500
502
510
486
475
481
471
486
473
473
486
473
477
481
486
477
477
484
468
460
467
448
455
458
470
469
486
484
484
486
492
494
472
480
471
473
476
489
482
508
510
504
495
488
491
495
495
495
493
484
478
486
479
463
468
465
460
458
448
456
476
463
451
439
440
431
444
435
436
447
444
456
453
460
462
461
458
454
446
461
458
461
447
448
459
456
439
447
448
451
439
445
448
444
445
438
455
464
466
450
454
465
480
477
474
453
467
478
480
471
472
476
481
471
455
458
457
468
464
473
469
472
472
481
474
480
470
448
464
470
474
462
476
479
485
480
488
490
487
490
492
479
478
472
484
494
501
487
480
484
480
477
476
472
472
465
466
475
451
474
460
469
477
464
471
461
475
466
466
452
467
464
457
466
461
452
453
454
470
459
461
452
441
449
444
448
441
432
445
437
430
435
429
424
440
438
450
440
439
427
422
420
424
418
426
440
434
430
438
441
441
438
458
450
436
446
445
433
440
436
444
445
440
432
433
438
437
442
453
447
445
435
453
460
446
454
456
458
461
463
440
453
460
459
455
440
449
449
447
451
440
453
433
439
435
436
425
442
430
431
430
433
445
431
436
433
444
460
440
444
457
455
439
450
449
446
443
433
438
434
437
437
443
433
434
424
435
426
435
436
459
440
444
450
447
432
438
439
439
432
441
450
446
440
445
436
439
434
445
434
422
430
426
435
434
443
455
449
444
449
442
458
452
458
463
448
441
445
450
426
425
418
416
416
422
421
425
423
430
420
430
431
442
433
417
431
432
429
413
422
421
429
423
426
421
407
417
417
418
417
431
428
445
441
440
440
438
429
413
411
424
426
428
435
445
452
446
451
450
446
448
441
438
437
435
432
431
434
435
435
433
421
419
418
423
423
419
429
427
421
414
425
436
434
432
433
424
429
419
419
404
402
399
406
404
411
420
421
433
422
405
441
444
457
450
439
451
457
444
447
435
436
443
434
439
431
431
437
429
421
416
420
419
415
414
428
429
438
442
444
438
443
445
448
449
437
438
437
436
437
431
423
421
431
431
435
437
444
448
454
448
455
447
434
445
436
427
427
422
432
444
441
432
423
412
420
408
413
412
420
415
424
431
435
421
426
414
406
396
407
397
397
406
397
394
406
406
411
415
413
424
414
403
400
399
401
402
412
418
413
411
401
400
408
395
401
410
408
402
395
403
396
398
396
394
383
384
395
395
390
393
394
390
383
396
411
396
394
395
406
407
401
408
413
412
414
420
418
422
427
410
418
414
419
415
432
423
423
420
412
396
411
413
408
409
407
416
401
415
429
411
409
412
407
407
408
402
405
415
410
407
410
412
405
409
402
398
397
406
410
397
400
392
387
391
391
383
378
372
387
396
393
393
386
373
385
384
375
378
375
380
374
375
373
379
394
394
389
394
388
384
388
373
367
360
351
349
359
347
343
356
355
357
360
368
363
381
380
371
362
355
360
380
394
392
392
398
390
402
391
386
403
397
379
374
364
375
370
373
373
360
355
352
340
343
341
340
347
344
354
344
354
357
353
350
359
357
353
347
364
368
363
379
377
379
384
372
366
368
370
372
370
375
371
369
356
358
351
365
367
364
341
350
347
352
353
362
368
355
360
362
351
356
347
361
361
362
360
362
359
360
359
362
370
378
369
371
370
364
368
374
382
385
374
373
387
386
379
372
372
366
372
376
374
367
365
365
362
361
371
353
365
367
367
375
374
373
382
383
373
383
392
393
393
381
387
381
385
385
389
370
374
372
356
373
378
379
373
387
385
370
368
380
364
351
345
345
354
359
367
372
361
361
357
373
369
370
370
373
375
378
379
377
365
367
357
366
359
374
374
374
376
374
367
366
369
355
367
362
363
364
359
354
362
377
373
361
351
360
362
365
364
351
370
374
378
379
373
371
376
375
356
362
371
367
364
362
372
353
362
356
363
371
355
364
354
349
360
353
345
344
342
341
339
335
338
353
361
362
356
355
350
355
356
359
353
349
352
358
354
336
345
347
353
358
366
369
372
370
368
368
361
358
351
354
361
360
359
362
361
362
370
372
372
364
365
373
364
376
375
365
377
371
376
383
374
373
375
367
380
364
363
359
362
367
364
372
361
361
361
352
360
348
360
356
361
350
338
350
361
362
365
364
361
374
362
356
360
348
359
366
355
350
354
353
373
380
369
361
367
359
373
362
364
366
358
372
381
378
376
361
361
369
375
386
376
382
390
384
380
383
383
367
375
382
373
371
383
381
377
378
383
373
374
382
382
386
362
366
367
371
366
354
370
357
352
351
358
361
342
361
351
349
334
345
339
347
338
346
346
342
344
350
374
352
352
368
373
372
373
363
370
358
369
343
358
350
353
357
363
362
376
372
366
352
344
346
342
359
369
369
367
359
356
365
360
370
374
378
375
368
357
362
371
370
356
372
377
376
364
364
361
343
355
343
359
355
348
337
338
351
356
354
349
344
349
343
346
348
347
356
355
356
344
342
359
351
350
345
341
346
354
364
354
362
359
350
345
353
351
358
365
350
355
353
361
351
344
359
353
358
355
365
370
375
364
351
363
370
353
356
342
343
339
342
355
362
351
352
360
372
365
362
360
355
361
334
340
351
370
377
367
367
354
354
361
358
355
357
367
374
366
367
366
360
366
367
372
366
363
354
355
361
371
382
384
380
377
366
374
370
375
376
360
364
373
373
394
377
373
369
384
371
363
374
370
364
370
358
348
348
349
344
354
353
369
383
376
373
370
367
369
359
353
363
368
368
362
370
368
371
375
372
370
369
373
381
378
373
373
369
363
368
361
353
356
367
358
358
346
356
359
359
354
367
372
375
370
381
386
390
391
392
399
399
392
395
393
392
402
395
396
389
399
396
397
393
389
373
374
372
372
374
377
374
372
388
385
392
381
388
393
384
393
370
372
375
368
374
362
372
380
377
381
390
379
384
381
389
382
358
369
375
383
390
399
386
378
370
368
363
358
351
362
349
359
362
365
362
372
376
378
367
374
370
378
379
358
372
378
381
393
375
373
372
378
371
367
364
373
371
361
349
340
350
357
343
358
372
374
375
373
374
381
361
367
374
370
384
377
379
391
387
382
377
388
387
375
375
376
365
354
342
334
340
357
351
349
347
346
346
357
344
347
340
335
345
328
323
340
334
343
353
342
353
361
354
350
341
347
344
328
328
335
325
335
340
339
356
351
349
350
343
353
360
368
364
363
363
348
356
339
342
339
341
360
377
375
374
386
385
381
370
365
376
381
377
373
361
368
364
355
364
357
355
351
345
345
352
357
349
368
372
361
370
374
371
369
367
374
376
374
373
371
374
370
372
361
372
379
388
391
376
372
368
369
378
373
372
378
378
379
383
386
389
385
385
376
369
381
376
373
374
377
378
394
386
374
367
368
362
366
357
363
359
367
374
357
368
354
357
374
366
362
355
356
345
345
350
347
351
348
343
355
353
349
345
343
339
349
347
341
334
330
340
350
351
363
355
363
352
346
335
341
338
344
343
338
356
331
333
330
347
337
337
349
339
346
348
337
342
348
354
358
367
348
349
352
359
355
352
354
359
355
351
348
350
340
352
355
347
341
345
344
357
350
357
350
347
343
357
360
343
351
351
356
365
371
370
366
366
347
359
351
347
338
342
337
332
338
335
341
344
340
336
334
338
328
330
327
335
333
352
362
361
367
371
363
366
370
370
364
354
356
354
339
339
357
346
353
360
354
365
373
371
378
366
359
358
355
352
361
359
375
366
364
353
348
333
348
346
343
351
349
347
341
340
336
339
350
343
340
347
345
357
346
341
344
356
339
324
334
335
329
328
329
331
342
349
335
336
334
336
323
318
333
334
330
322
323
330
333
338
342
338
339
335
338
342
342
336
338
333
333
337
331
347
340
347
333
328
333
338
335
336
343
337
347
343
347
349
340
341
349
359
355
339
330
342
348
354
353
347
342
331
341
346
335
333
332
336
339
337
352
347
351
341
343
347
345
349
336
338
332
339
340
346
348
349
348
356
354
348
353
348
351
350
350
359
360
353
347
349
349
355
343
351
356
340
338
338
333
338
336
332
332
331
335
339
358
348
334
342
340
340
338
331
339
322
327
320
315
313
310
312
305
300
314
306
319
325
328
326
315
312
317
318
320
324
310
298
303
305
317
314
307
312
317
320
323
319
312
318
323
313
315
312
310
312
324
329
317
312
311
314
316
317
320
317
315
328
322
318
319
325
323
328
335
325
339
323
334
320
325
314
319
321
320
317
325
332
323
324
319
327
319
325
326
332
326
320
311
309
320
320
315
323
322
325
315
309
300
308
298
295
307
322
322
321
329
337
328
336
332
326
331
330
328
337
330
323
321
306
306
307
304
325
327
315
312
326
325
320
333
322
328
325
336
340
334
326
323
325
326
323
321
319
332
333
329
336
332
339
326
329
328
332
325
326
317
316
311
309
317
309
323
329
334
337
340
348
355
350
342
336
346
331
322
306
315
317
310
319
322
324
322
315
318
324
324
327
319
324
323
317
317
319
312
305
309
313
299
312
316
316
301
299
302
295
300
302
302
304
306
311
315
309
307
308
304
320
332
334
324
325
333
326
322
324
328
320
329
341
339
346
341
329
340
327
333
335
328
326
328
322
322
318
325
321
326
329
323
315
321
333
319
326
318
333
334
333
330
322
335
325
317
315
316
316
304
307
290
293
286
291
292
290
295
307
302
300
302
308
297
300
312
316
308
294
303
298
307
318
312
320
317
312
322
318
312
318
312
326
328
334
338
337
325
317
321
322
319
316
325
339
338
339
342
343
350
351
347
339
348
338
338
336
333
344
327
336
327
326
327
326
337
341
337
340
331
334
331
338
330
339
330
337
335
335
342
340
341
341
335
322
314
321
317
316
330
320
336
343
344
346
352
353
339
341
352
342
337
335
329
324
331
334
335
336
314
320
323
332
340
338
321
312
309
323
329
319
311
314
307
314
320
319
323
312
313
306
314
294
302
300
307
317
318
326
318
318
321
331
325
321
304
309
314
309
308
313
301
303
308
301
305
308
297
304
298
299
298
295
302
299
301
294
308
301
297
303
314
307
300
307
299
292
306
298
307
306
297
290
296
288
303
318
313
313
317
314
319
307
311
313
309
305
304
303
308
317
310
317
317
316
321
326
320
315
309
305
310
323
308
315
313
312
307
301
311
312
319
329
323
321
317
305
301
296
289
301
310
306
318
317
308
294
293
291
280
292
290
296
292
305
320
306
311
309
308
312
311
296
308
306
306
310
307
303
313
310
319
311
302
320
321
323
313
307
309
300
312
318
293
303
305
319
342
333
339
338
332
333
326
328
330
331
324
333
338
326
325
316
316
315
325
327
331
323
327
324
325
330
329
318
328
314
312
308
314
311
314
311
313
313
312
311
303
297
297
314
303
305
288
288
291
297
294
291
298
293
286
292
292
284
285
295
292
299
292
292
296
294
306
300
311
310
314
314
316
315
320
311
318
305
310
303
308
305
312
314
309
303
297
296
294
304
311
302
299
293
301
302
301
305
304
303
302
298
297
303
297
302
303
302
306
309
301
299
290
295
305
307
311
316
314
315
308
308
313
315
299
301
292
303
307
301
305
302
300
308
310
303
305
307
316
309
313
304
297
295
298
315
321
314
303
303
309
310
305
305
303
295
292
298
287
295
296
286
297
302
303
302
297
297
303
288
288
285
285
273
270
279
278
284
281
291
300
306
290
293
282
276
276
275
280
285
285
279
275
278
280
285
293
306
305
309
313
316
313
302
298
290
291
288
288
289
296
310
311
305
284
286
288
280
284
281
282
284
279
294
287
287
300
294
293
280
283
277
279
274
271
279
280
281
287
295
287
296
296
284
279
277
288
276
276
272
269
265
262
254
249
251
254
264
257
257
260
260
250
257
247
248
254
246
250
242
240
254
259
264
266
257
269
263
268
274
272
258
253
258
256
260
252
260
253
243
254
256
251
239
246
256
247
253
255
258
256
256
253
260
257
251
246
239
244
242
245
248
247
248
252
241
241
249
235
238
238
244
240
246
239
239
242
246
255
263
255
251
249
251
251
250
240
252
250
247
242
235
241
238
248
250
247
237
237
247
241
248
250
239
240
242
246
245
248
257
252
248
263
259
249
227
235
233
228
231
226
233
233
229
241
232
218
217
213
213
217
212
222
220
231
228
229
228
224
228
222
222
233
237
240
228
227
230
224
228
227
233
221
222
220
230
231
230
234
231
234
224
229
241
237
239
231
230
225
241
235
231
232
224
211
216
205
215
217
220
226
222
233
235
234
236
233
229
234
238
239
235
236
224
225
218
210
209
217
221
224
217
216
225
226
218
220
219
221
216
213
211
213
211
217
220
230
220
228
239
233
231
243
232
220
221
229
214
214
217
213
232
234
222
218
220
211
215
219
218
221
219
208
216
209
217
222
232
239
239
232
246
234
233
232
243
237
228
233
224
225
232
217
212
210
209
208
201
209
208
205
212
211
213
216
220
225
218
212
215
213
209
207
207
216
218
220
218
213
211
209
200
195
198
199
194
198
198
203
196
190
201
194
205
213
218
216
210
216
215
220
212
212
214
216
214
213
218
216
222
230
226
217
220
214
217
220
216
224
219
231
223
228
220
222
223
231
230
225
225
229
220
217
209
210
209
202
210
210
213
220
222
222
227
224
226
210
211
209
208
202
199
199
200
195
197
199
196
204
202
210
210
223
210
210
213
212
197
199
205
208
204
202
200
205
206
204
198
198
197
190
192
191
197
188
185
191
184
189
195
192
196
192
200
198
197
201
190
188
191
196
196
197
198
196
200
200
197
206
200
195
196
194
199
194
192
185
190
187
182
180
180
182
181
178
189
191
192
186
191
182
179
175
178
181
176
184
190
187
190
189
187
189
185
189
186
177
177
181
173
175
179
186
195
185
190
190
187
191
192
184
180
189
187
193
184
187
190
192
193
198
190
193
198
193
192
188
191
182
191
186
179
180
174
183
174
183
186
186
194
187
195
195
190
193
185
187
190
198
199
198
198
193
199
199
195
190
179
188
189
178
188
191
189
183
182
182
184
185
178
180
175
173
178
187
184
184
187
191
196
194
187
184
190
188
189
192
192
185
185
188
187
198
196
183
184
186
182
183
177
184
185
179
179
177
181
175
178
172
171
170
170
179
178
184
189
185
190
182
186
189
190
186
182
179
174
178
176
182
169
174
175
191
180
189
191
187
175
189
183
184
179
175
173
178
169
171
172
166
165
157
157
148
151
153
146
151
154
157
144
152
155
149
137
148
147
150
148
154
151
156
154
157
159
155
148
155
152
157
153
153
155
158
150
163
159
161
153
159
167
160
161
166
162
159
164
161
167
167
169
165
171
175
172
169
163
171
164
164
169
160
167
170
152
161
155
154
135
135
138
144
145
143
147
153
151
153
157
153
149
155
161
158
160
169
167
169
168
172
174
170
156
151
153
147
145
145
151
158
160
158
156
156
156
148
147
155
157
157
155
165
159
163
159
162
159
155
168
166
167
175
165
171
165
165
163
165
160
152
155
149
156
156
162
155
154
152
155
147
154
145
145
156
146
156
153
150
147
152
145
142
148
148
153
148
159
158
165
165
161
160
165
167
166
161
159
160
168
155
160
165
177
169
165
158
161
154
166
171
160
156
166
157
148
152
155
151
150
157
153
160
165
162
156
158
154
152
143
146
144
138
140
143
138
135
139
138
143
153
156
153
148
149
156
160
159
163
173
173
172
160
159
162
166
162
159
156
154
155
161
158
164
169
175
175
165
169
173
175
169
170
170
174
172
174
167
167
170
172
170
178
176
169
164
168
168
169
165
157
167
170
157
158
166
166
167
172
169
168
176
176
171
173
179
173
180
177
172
170
173
168
170
175
179
175
169
172
165
172
171
168
165
157
151
150
154
155
161
156
156
154
157
166
159
170
169
176
175
169
160
159
160
159
157
153
158
151
148
146
149
152
149
155
148
153
152
147
140
149
151
146
164
157
157
166
158
160
158
161
168
181
176
173
173
171
171
175
175
178
179
173
181
179
176
167
170
177
170
166
173
165
166
164
176
169
167
166
162
159
152
160
153
154
152
154
160
163
167
173
171
172
175
171
173
166
162
154
162
160
171
168
173
177
175
179
181
181
180
179
175
175
166
167
164
171
169
165
170
170
171
166
170
175
178
174
180
176
187
185
178
184
174
170
171
174
178
178
184
183
180
181
174
166
177
166
171
174
168
168
164
165
161
163
165
164
154
162
164
166
164
176
165
165
170
168
172
173
171
167
165
166
163
156
166
165
161
161
157
166
167
169
170
170
157
164
154
163
167
174
170
169
165
161
166
165
167
161
172
169
172
162
166
173
175
175
171
164
172
168
164
160
150
150
153
156
150
146
157
158
160
157
158
154
160
165
168
168
165
166
170
163
159
158
154
154
163
169
168
154
158
160
152
151
158
159
160
161
155
161
171
168
159
171
170
169
163
158
161
166
157
162
162
165
169
170
166
162
166
163
160
159
154
159
164
154
153
162
158
162
165
164
164
169
168
174
171
175
175
166
168
167
160
161
169
176
167
164
164
161
169
170
162
168
175
170
158
166
164
167
165
169
172
163
173
172
176
176
169
169
180
173
159
167
166
153
157
157
153
160
173
168
166
166
160
167
169
163
163
165
167
179
172
174
160
163
168
169
163
172
170
172
178
177
186
184
169
171
179
168
168
166
175
178
163
157
158
154
156
155
155
158
156
161
155
155
160
168
170
169
166
163
160
159
159
155
166
152
156
163
166
157
160
168
162
161
167
171
167
170
183
188
186
184
185
184
177
178
190
178
185
182
176
179
181
181
179
177
171
168
166
174
175
165
160
163
164
169
169
166
164
168
169
164
165
157
163
160
169
169
177
173
172
172
175
176
181
175
174
176
172
170
172
165
168
171
167
168
169
177
168
157
159
168
159
162
162
162
164
165
161
170
171
168
160
155
160
165
164
169
161
163
160
159
156
154
153
159
156
149
155
160
159
163
164
162
168
166
162
165
165
158
163
161
163
161
160
164
164
164
165
171
158
165
159
169
165
164
163
160
164
167
166
170
170
169
169
180
180
176
175
173
171
167
177
172
170
172
178
173
170
158
162
158
161
165
163
162
159
164
169
163
165
166
162
159
158
157
153
147
148
149
148
154
152
158
161
161
165
154
146
156
159
162
161
158
167
160
166
162
150
160
156
155
155
167
172
176
168
164
162
164
165
164
169
166
167
168
165
157
157
168
162
157
152
156
150
152
154
159
162
160
167
158
164
156
161
160
161
162
167
171
159
164
155
153
162
157
159
166
165
169
173
169
159
156
162
162
167
165
156
165
166
163
166
170
168
160
161
162
159
163
156
147
152
153
149
144
145
145
146
150
155
157
159
164
162
166
165
164
169
161
156
159
155
166
159
151
153
161
161
163
160
160
158
157
160
163
153
153
145
153
148
145
147
149
152
147
150
156
155
161
151
155
158
159
157
154
159
153
156
157
162
169
163
171
168
175
164
176
170
175
169
173
174
173
167
168
175
171
174
173
164
170
168
173
176
176
176
182
185
187
178
171
167
173
172
178
169
177
177
173
169
162
153
160
157
144
140
144
148
156
156
159
160
158
162
164
161
168
171
164
180
164
160
164
164
154
155
154
155
154
160
164
157
163
157
153
156
158
151
151
154
145
141
148
155
149
139
143
138
144
147
140
130
138
137
139
140
145
140
149
142
148
150
146
148
147
147
145
143
151
151
154
155
157
160
152
148
148
149
157
156
148
146
146
143
153
150
146
147
145
145
144
148
146
145
159
153
152
146
147
146
153
151
151
148
148
147
150
146
156
154
159
156
160
161
161
150
144
143
143
141
145
149
147
151
147
145
148
146
145
145
141
148
155
155
159
157
162
154
155
153
155
164
165
161
150
149
149
151
146
144
147
147
142
147
150
151
146
149
150
148
149
144
146
141
144
143
144
134
135
135
128
134
136
131
133
136
137
136
136
136
139
143
141
139
143
144
139
141
138
137
131
127
133
135
137
137
134
129
128
121
131
129
128
131
132
133
139
142
147
142
142
145
145
144
142
144
137
137
147
150
149
143
144
151
157
155
157
157
155
152
150
151
144
135
144
144
143
142
136
134
135
137
130
132
131
134
138
141
144
149
147
149
143
145
147
134
131
128
129
129
128
135
134
132
129
139
137
140
148
148
156
155
154
148
138
141
137
129
131
129
125
122
116
119
116
119
121
120
118
118
114
112
120
123
127
117
122
121
131
125
125
122
118
125
131
127
128
120
119
112
115
115
110
114
118
114
116
121
125
118
118
121
130
131
135
134
131
133
134
132
136
127
121
120
118
126
128
129
128
125
127
121
128
124
121
133
128
125
122
118
111
104
113
112
103
107
108
106
108
105
105
103
108
108
109
106
106
106
103
100
102
105
106
112
107
105
104
108
105
100
102
106
110
109
120
120
115
117
117
119
121
120
117
117
118
114
118
124
122
114
118
133
119
107
108
111
116
113
114
120
116
119
123
122
122
119
120
109
122
121
123
124
130
126
131
126
126
130
126
127
131
134
136
131
130
128
124
127
131
126
124
132
132
129
126
124
130
124
119
120
124
128
127
126
119
124
124
116
118
118
119
112
117
126
124
119
120
119
118
119
126
132
130
117
114
111
117
110
116
118
120
123
123
120
111
109
111
115
115
119
117
128
134
128
124
126
120
120
122
129
123
123
122
127
123
130
125
120
122
123
121
126
125
121
119
121
114
113
116
110
109
107
112
106
105
108
103
101
101
98
115
109
110
107
110
105
105
101
96
99
103
97
88
89
99
94
100
90
98
101
103
108
113
112
109
110
110
109
103
103
106
104
106
101
93
96
103
101
101
104
103
102
93
97
107
110
115
108
104
103
104
103
102
98
104
108
111
111
110
101
95
95
96
96
90
94
97
99
100
106
110
106
101
104
102
102
103
98
93
99
102
107
110
105
100
97
98
100
101
98
101
104
101
109
110
115
113
110
102
105
105
103
96
95
108
107
99
104
106
102
106
109
112
106
104
104
102
106
107
107
110
105
109
109
106
106
104
95
97
102
96
101
102
103
109
108
112
105
104
100
101
105
94
94
92
92
94
103
112
111
109
107
106
107
105
104
110
110
109
100
101
101
104
112
110
105
110
108
107
110
104
110
106
106
111
111
110
107
115
109
97
101
99
105
99
91
90
89
92
99
96
93
93
90
94
95
103
100
109
112
110
108
105
100
102
97
102
97
101
98
105
107
107
112
116
111
109
109
106
109
104
109
100
99
105
98
104
100
98
100
106
104
105
105
103
107
111
113
116
115
115
115
117
110
114
113
109
112
118
115
116
116
117
119
115
114
118
112
110
108
109
105
106
103
98
101
99
109
111
109
109
117
108
104
108
107
101
97
102
106
98
105
102
102
103
104
102
101
103
103
100
93
99
98
97
99
100
101
103
103
99
97
102
107
106
104
99
100
102
98
96
97
102
104
110
112
109
114
112
112
103
103
102
101
104
99
96
103
106
106
109
106
114
110
111
112
116
116
116
116
116
116
111
110
105
106
105
108
105
100
103
103
99
101
93
91
88
94
94
100
98
97
93
97
98
97
97
105
100
100
97
105
107
104
100
109
104
105
102
99
102
108
108
94
96
87
94
91
90
91
95
95
88
93
99
104
100
104
107
111
106
100
101
106
103
104
98
103
110
109
111
106
111
101
103
104
109
110
109
110
108
106
108
109
106
106
108
109
103
110
108
106
102
104
100
99
101
102
100
99
99
105
111
104
104
98
98
97
97
97
103
108
112
109
108
117
107
108
108
103
108
108
109
111
110
107
108
110
112
114
105
113
106
102
105
105
106
111
107
112
110
108
107
107
105
103
93
101
103
104
102
98
101
101
104
100
97
95
100
98
94
95
98
92
103
99
104
108
102
103
96
98
96
92
101
103
93
98
104
102
100
99
102
95
100
101
97
94
98
93
92
90
95
101
100
101
107
99
105
104
104
100
106
106
102
106
108
108
99
105
104
108
113
110
109
111
109
107
110
109
104
107
111
103
102
100
98
97
96
101
98
95
94
91
96
103
101
99
101
100
106
99
99
98
106
105
97
98
98
93
92
99
90
87
92
86
94
93
94
106
103
109
105
108
104
104
97
97
99
92
96
88
87
92
95
95
92
93
90
96
86
95
98
92
92
86
83
80
85
91
86
90
89
90
92
94
92
97
95
91
96
91
96
96
96
89
91
89
97
98
97
95
96
102
99
107
102
101
93
96
97
96
100
96
93
93
86
89
94
95
101
99
98
102
99
92
95
96
90
98
99
93
91
90
90
91
95
89
92
94
102
98
96
95
101
99
99
100
95
96
91
98
95
100
98
98
93
100
101
95
94
102
99
105
101
111
108
116
113
108
116
115
107
108
111
114
113
115
113
102
102
97
100
106
100
100
99
96
91
93
98
92
103
92
102
98
102
92
85
98
93
100
104
101
98
94
100
88
98
93
99
98
97
98
98
99
100
104
108
109
107
100
99
103
99
92
103
104
99
101
102
100
98
102
101
105
106
107
110
105
110
108
106
97
98
96
96
98
96
95
91
84
94
91
90
90
101
102
97
102
104
103
100
100
99
94
91
93
93
91
94
88
89
92
96
100
110
109
112
114
112
109
112
112
110
111
106
104
103
96
102
97
101
105
110
111
109
105
103
102
101
97
104
102
106
114
107
110
111
109
104
97
100
99
93
99
97
103
103
100
108
108
98
102
106
105
111
110
109
102
107
103
97
98
99
103
107
93
101
99
97
95
92
95
95
94
101
102
102
99
97
99
102
106
107
108
100
101
102
94
94
91
95
96
98
101
102
103
100
94
89
97
89
90
99
97
94
94
99
103
101
101
97
97
102
99
101
101
103
102
99
102
98
100
102
98
101
99
106
110
110
103
104
104
108
108
106
108
106
109
104
109
103
109
106
106
108
107
99
94
95
97
96
97
95
95
98
101
104
97
97
96
89
96
97
101
107
105
104
103
106
100
99
103
101
103
106
104
109
109
108
103
109
107
104
113
108
110
104
105
103
103
100
110
107
106
100
105
103
111
99
109
111
106
108
107
110
110
114
108
106
109
111
104
102
106
109
107
104
104
104
104
102
103
100
96
99
101
103
104
100
97
100
95
91
90
96
100
89
97
101
101
101
96
95
94
94
89
90
95
98
91
89
98
97
88
99
95
94
96
94
94
93
91
93
96
93
95
91
93
93
92
91
94
97
94
105
100
107
112
100
103
108
100
102
103
96
101
97
101
96
102
102
103
101
101
97
101
97
96
94
89
88
89
90
92
88
89
94
94
87
87
88
85
90
91
87
90
88
81
78
74
74
75
76
76
76
79
70
80
80
77
81
82
83
84
82
79
83
86
80
81
81
82
83
86
88
89
89
83
88
82
85
88
90
89
88
93
92
94
86
90
84
90
88
85
81
80
67
73
75
78
80
86
85
84
79
77
74
79
79
86
86
82
84
82
82
80
81
77
76
73
78
74
76
74
82
81
78
77
83
81
82
79
77
76
79
83
83
79
76
80
80
85
80
80
79
79
82
80
79
75
79
75
78
80
82
89
81
77
82
91
89
90
83
86
84
83
89
94
91
92
91
92
84
82
84
87
87
85
85
86
87
87
83
82
85
86
83
82
81
81
81
77
83
86
84
79
84
81
87
81
89
87
86
85
88
91
84
87
88
86
86
84
81
89
89
89
82
87
87
89
81
80
78
75
77
83
80
81
89
90
86
85
87
78
80
86
85
91
85
92
89
86
87
94
96
92
97
95
99
88
90
89
87
91
86
89
86
88
87
91
89
83
83
87
89
89
81
82
76
87
75
78
84
85
82
84
89
91
86
83
83
85
84
84
81
84
85
85
92
81
81
86
87
89
86
83
83
86
88
91
92
84
84
83
90
91
91
92
94
88
93
87
87
89
85
90
90
84
83
87
85
87
88
86
88
88
91
88
86
92
90
90
87
84
87
91
87
87
81
79
86
84
83
78
76
77
73
71
73
72
73
73
74
73
73
74
82
83
76
87
84
88
90
89
90
83
82
75
81
81
78
76
75
76
75
82
76
84
82
77
76
71
74
75
71
74
76
83
82
87
84
83
86
87
85
83
85
80
78
83
83
83
78
80
87
79
81
86
81
87
83
87
87
84
94
83
86
87
87
92
90
80
81
83
84
81
82
84
84
85
85
86
84
80
80
83
78
74
79
82
83
84
81
84
80
83
80
81
85
86
81
73
74
83
74
78
74
78
79
79
78
82
80
82
89
87
84
77
75
78
79
78
84
86
92
87
92
84
83
85
81
77
83
79
75
74
75
79
79
80
83
80
93
91
96
97
94
93
94
92
92
90
88
89
85
83
81
85
85
85
86
82
91
93
96
95
96
88
84
81
85
82
83
82
89
83
92
91
89
90
86
91
86
86
92
88
89
93
84
82
86
83
82
74
78
73
79
78
74
77
79
76
77
76
79
80
81
76
78
80
82
80
75
74
74
77
81
76
79
80
77
74
73
78
76
78
71
73
71
68
70
72
72
75
74
73
73
73
69
76
78
77
71
72
70
73
80
86
87
82
84
80
88
89
92
87
79
86
85
83
83
83
80
86
88
88
87
86
83
85
89
87
83
84
85
81
84
79
82
81
83
77
78
80
75
79
83
84
81
72
80
75
74
70
71
72
74
80
70
75
79
72
76
74
71
75
75
75
72
71
72
72
76
78
74
72
79
74
81
78
76
77
76
75
73
69
71
72
71
79
81
78
85
83
80
78
72
73
70
73
78
72
77
77
83
76
75
86
83
83
75
77
78
81
78
83
85
83
87
85
88
89
89
83
90
86
91
90
86
88
86
85
83
79
84
82
81
75
76
69
70
69
73
69
71
65
63
61
65
69
69
74
71
71
66
73
69
73
69
64
66
71
65
68
65
65
62
71
72
74
76
78
75
70
70
67
69
67
69
71
66
70
68
75
71
75
70
68
70
71
71
72
76
81
84
79
80
82
90
78
80
82
78
79
79
79
82
82
82
80
77
80
84
80
83
83
84
84
80
79
75
76
78
76
72
69
70
74
77
86
81
79
88
87
86
85
89
89
95
93
95
97
94
90
91
89
84
81
79
81
76
80
76
77
76
75
70
76
75
73
84
79
80
79
79
81
88
82
83
95
86
79
80
84
83
83
83
83
80
82
79
82
78
81
85
80
85
86
81
81
85
82
81
83
79
87
88
92
91
89
91
90
82
85
83
84
82
89
87
87
88
83
85
87
79
81
83
87
77
81
79
78
77
74
83
80
75
70
71
75
74
83
81
81
80
85
80
77
79
79
81
83
90
85
81
83
82
81
80
84
78
77
76
78
77
84
79
82
78
82
81
83
87
87
80
82
88
89
90
86
85
80
83
75
77
74
73
73
72
70
67
70
68
68
63
65
66
64
66
64
66
62
65
65
73
72
67
77
84
78
82
84
77
80
77
82
80
87
83
87
88
83
83
83
85
87
85
82
81
85
88
88
85
82
81
84
89
91
84
84
80
82
89
90
87
90
92
94
91
86
91
85
78
78
81
76
75
75
79
80
78
86
74
78
73
70
71
72
72
73
69
76
76
78
77
76
78
73
71
68
74
72
71
78
80
80
79
73
74
76
79
72
77
82
85
80
77
71
80
79
79
82
76
78
73
73
75
73
76
76
79
71
73
75
76
82
89
84
79
82
81
85
87
88
85
83
89
86
89
90
93
83
82
82
83
83
86
84
90
92
93
90
94
95
88
83
90
91
95
93
90
92
92
92
93
94
94
93
91
91
95
91
96
95
92
93
86
90
89
83
74
73
71
72
74
75
77
75
74
76
70
74
70
72
74
73
79
79
80
82
73
75
71
70
68
67
65
66
66
64
67
64
60
69
71
60
57
59
60
65
61
58
54
58
58
60
54
50
56
54
57
57
55
54
53
58
53
59
62
57
62
56
52
57
61
59
58
61
62
60
58
63
59
56
56
54
58
55
61
59
57
61
62
62
62
57
64
69
68
62
71
70
68
68
64
66
68
70
71
66
68
65
66
63
58
61
64
64
65
66
67
65
66
62
60
58
61
60
55
58
58
52
57
58
61
63
62
64
63
62
64
64
67
60
58
56
54
56
60
62
53
57
58
57
60
60
57
57
55
57
58
56
61
60
55
58
59
56
53
54
47
47
46
47
49
52
50
53
50
51
53
51
49
47
52
51
54
53
55
50
50
52
50
53
51
51
55
54
54
55
58
59
57
55
46
43
46
49
49
49
54
60
54
58
56
52
58
56
53
52
54
57
58
56
55
56
59
57
58
61
65
63
63
60
55
57
56
58
57
60
61
66
64
67
71
71
72
74
70
74
69
65
72
67
68
69
67
69
70
71
69
68
66
68
68
72
70
67
63
68
70
61
60
63
52
56
56
54
61
62
56
52
54
66
62
69
58
59
61
62
61
62
62
64
63
60
56
54
58
61
60
61
57
58
58
62
65
65
63
61
62
58
63
62
62
59
61
57
56
57
55
61
57
57
58
61
60
59
53
51
58
55
58
57
58
56
61
62
60
59
60
62
60
62
63
61
61
61
63
60
61
65
64
62
65
56
59
59
59
54
56
54
58
58
59
51
52
57
56
59
62
65
63
65
68
68
67
68
66
71
70
70
69
72
66
70
69
69
69
72
70
68
67
65
70
67
69
65
65
66
64
63
62
62
59
60
61
60
61
63
62
63
58
59
59
63
61
60
62
59
60
65
66
65
63
62
66
65
60
62
64
68
62
59
63
63
59
65
66
70
70
73
73
77
76
80
75
76
72
71
73
75
76
75
70
67
71
67
69
69
70
68
69
72
74
71
74
75
65
65
63
64
68
68
63
58
63
59
59
54
63
58
57
56
58
59
65
66
64
67
69
65
67
69
62
64
62
73
73
74
73
68
73
71
67
64
69
65
62
66
64
67
67
66
66
69
70
62
57
58
61
67
64
65
68
67
62
56
58
60
58
58
61
63
59
56
50
56
59
57
57
53
54
55
54
55
51
56
60
56
51
54
56
55
53
54
58
54
57
64
63
66
65
60
61
53
53
54
54
59
61
60
60
56
58
66
63
63
66
67
68
71
65
64
61
60
65
60
61
62
59
56
59
55
61
62
63
56
63
55
50
54
57
59
68
60
62
64
62
61
58
62
59
61
66
57
65
64
66
66
64
65
66
69
68
67
67
62
68
64
64
65
63
63
63
69
64
68
70
69
68
65
67
64
66
69
66
66
63
64
60
62
64
60
60
63
61
57
65
58
57
59
57
58
57
61
62
59
62
65
67
68
62
63
67
69
69
64
67
72
70
69
68
68
71
59
62
62
60
65
62
62
70
67
68
68
66
67
64
65
63
61
62
57
62
59
58
61
68
68
69
71
68
66
65
63
65
61
66
60
62
66
61
62
60
62
62
64
68
66
68
62
65
61
57
59
63
65
66
66
69
68
66
64
59
61
61
59
57
60
57
59
66
62
62
61
67
70
62
66
69
70
69
70
70
68
72
73
73
70
70
69
68
68
69
71
63
68
67
64
63
56
58
64
64
57
57
54
51
53
52
61
57
59
59
60
64
65
60
55
60
61
59
59
60
61
62
60
61
66
68
70
70
66
71
68
70
74
67
65
65
68
66
65
65
63
66
64
64
61
56
54
58
59
56
62
63
59
63
60
58
70
72
64
64
65
66
72
67
71
73
69
66
64
64
73
70
64
62
59
67
61
60
61
60
65
65
63
62
60
62
57
59
65
65
66
67
63
60
58
65
60
53
55
52
51
58
55
50
53
52
51
55
62
62
61
60
63
63
66
63
61
66
63
62
60
60
63
63
60
60
60
61
66
64
62
68
66
63
65
61
56
63
67
63
69
64
67
70
70
69
70
66
60
58
63
63
62
60
63
57
58
61
52
56
56
58
56
57
53
53
56
57
62
59
58
65
56
60
60
60
57
58
63
60
64
57
52
59
64
65
64
64
62
60
59
62
64
61
63
61
57
58
58
61
70
65
65
65
61
58
64
62
63
61
58
62
65
60
67
62
64
67
66
63
67
61
62
63
62
61
65
64
68
66
58
58
55
62
62
64
66
70
65
65
69
64
61
64
68
61
59
60
60
61
58
58
58
60
56
57
59
56
61
58
61
57
56
56
57
59
54
55
56
54
55
57
57
57
58
62
64
63
60
63
61
62
61
58
57
53
51
54
64
63
67
62
63
61
74
70
73
68
65
68
68
66
62
60
64
57
57
56
58
56
58
63
63
61
65
59
61
63
66
66
64
64
69
70
65
62
63
60
52
56
56
55
50
54
55
58
60
62
67
66
60
60
56
58
62
55
55
56
64
64
65
65
61
57
54
58
60
62
62
59
60
54
59
62
62
64
61
61
60
59
62
61
62
66
64
68
68
67
64
67
69
59
60
64
57
60
64
67
64
64
67
72
66
66
70
65
62
56
59
54
57
59
61
62
60
58
59
60
63
52
59
52
58
58
63
62
65
61
59
62
63
56
58
58
60
59
56
58
57
57
58
56
52
52
56
55
60
61
58
55
60
63
59
62
60
61
65
61
59
56
57
56
53
54
54
54
53
57
56
56
58
57
57
57
59
63
65
59
63
58
57
59
55
61
64
63
65
65
64
63
62
62
61
58
56
58
57
66
68
68
66
64
62
63
64
63
66
71
68
69
65
61
63
70
62
64
66
67
70
72
71
74
76
72
68
71
74
76
75
75
76
72
75
75
76
74
76
73
67
70
67
66
65
63
60
64
66
66
68
65
64
63
60
65
66
66
68
67
59
58
62
60
58
55
56
59
57
56
60
65
60
60
58
65
62
68
66
71
67
63
63
65
63
59
59
60
62
56
59
60
60
65
62
68
66
69
66
64
60
64
62
56
58
62
66
68
67
70
68
70
72
71
70
66
66
62
64
66
58
61
62
61
55
51
50
54
50
54
55
55
59
55
59
54
58
61
63
64
66
65
61
57
57
63
62
60
60
62
55
57
57
53
55
57
57
56
58
64
60
52
53
60
60
60
51
54
53
59
61
61
63
63
61
65
63
63
55
62
60
64
67
68
70
65
62
63
65
61
67
63
65
64
61
58
65
61
64
64
66
66
60
65
65
68
66
62
64
60
60
64
64
64
61
65
59
61
61
62
64
67
70
69
64
71
65
68
64
58
58
64
59
65
67
68
65
67
68
72
71
74
75
72
62
65
65
65
65
66
67
66
71
65
66
66
61
67
69
72
64
60
64
66
67
68
71
73
74
74
63
64
67
68
71
64
65
68
66
65
69
71
66
68
73
69
70
72
70
69
70
69
64
64
65
65
67
68
71
75
72
71
67
67
70
69
71
67
68
59
59
63
62
64
68
67
65
65
63
62
61
59
61
61
66
69
72
68
70
71
68
72
65
62
60
59
65
64
67
64
67
64
61
61
62
63
66
63
65
64
57
58
60
63
61
60
61
65
69
59
64
62
67
62
66
61
68
67
67
67
67
64
62
62
54
62
58
63
65
61
58
57
56
57
67
68
59
64
61
61
64
61
64
68
66
64
70
65
63
67
71
64
67
70
63
59
59
59
60
60
68
62
63
58
55
55
54
55
54
55
55
54
57
63
61
61
62
66
66
64
63
66
63
64
66
63
61
59
59
62
62
64
61
63
61
60
55
61
63
65
61
60
62
61
63
61
61
65
67
68
66
65
67
63
65
64
66
65
65
69
63
56
55
61
56
56
56
56
57
59
62
56
57
65
65
62
62
61
58
62
58
55
56
55
55
58
57
54
50
51
55
58
59
59
59
65
64
60
59
58
62
66
66
66
65
63
63
62
69
65
71
74
69
68
63
58
60
65
65
68
65
65
63
62
61
65
64
65
63
51
53
57
51
54
57
57
62
60
61
58
62
60
59
60
64
64
66
64
69
65
70
72
72
74
67
69
65
70
77
75
74
70
68
69
68
68
61
65
66
70
67
66
63
63
70
66
63
63
67
65
67
64
67
68
66
63
68
63
62
64
63
63
60
63
59
56
53
60
54
61
61
57
56
55
62
63
59
53
53
58
64
62
63
65
66
64
59
59
58
59
60
61
65
63
64
62
67
69
65
64
67
67
68
66
63
62
61
60
52
55
58
57
54
52
55
59
61
59
62
63
62
62
61
61
61
57
60
56
62
62
59
57
58
59
58
57
56
55
54
54
57
54
55
56
56
57
60
63
59
60
62
62
68
65
66
61
63
69
71
78
75
67
72
73
73
75
73
73
64
67
65
60
62
60
63
62
61
62
57
55
56
60
54
54
60
59
63
63
64
64
62
66
64
63
65
67
64
65
63
66
68
67
69
66
65
59
64
63
57
53
55
64
61
64
60
61
60
67
64
71
68
68
67
67
63
64
61
60
66
63
66
64
62
61
63
65
65
64
61
66
66
61
60
58
59
61
56
56
58
59
56
56
57
56
56
57
57
60
56
58
50
51
50
53
49
50
52
51
58
51
51
51
49
57
56
57
56
55
53
51
58
56
58
57
60
63
65
65
59
55
54
58
54
54
57
54
55
59
59
58
58
58
55
57
55
56
54
54
55
57
59
62
64
67
68
71
66
64
59
65
58
63
63
64
67
69
69
66
65
63
61
60
64
62
61
57
58
56
62
69
66
67
62
61
61
66
58
52
53
56
63
62
61
59
65
64
67
69
68
67
68
68
67
68
69
66
67
57
61
63
63
67
68
65
68
64
61
62
59
60
60
60
57
57
60
61
65
66
59
61
67
60
59
62
66
65
64
67
69
68
63
70
65
72
63
62
56
66
66
69
68
62
62
64
62
65
63
66
62
63
68
67
66
71
69
61
68
68
64
63
62
63
66
66
65
63
62
67
66
67
65
63
67
63
66
71
66
62
64
58
59
54
51
58
63
59
60
61
60
57
55
55
58
57
56
58
60
66
63
62
61
71
68
65
60
57
66
60
62
60
62
62
61
63
64
64
67
64
64
67
64
61
63
58
63
61
60
63
59
63
62
61
61
49
53
52
54
56
57
57
55
55
51
52
52
59
63
66
60
57
53
55
56
57
62
63
64
58
57
57
58
61
61
63
66
64
62
66
67
63
63
62
63
62
61
62
63
62
66
70
71
60
65
66
64
60
63
64
61
60
62
67
68
70
64
62
66
70
63
62
67
68
68
71
69
69
71
74
72
66
70
68
69
67
66
64
66
68
71
63
66
67
64
64
63
62
65
63
62
65
58
54
57
54
66
63
63
62
63
60
70
66
65
64
61
63
64
66
65
60
61
62
63
60
58
63
62
62
63
60
61
67
62
63
63
57
56
56
60
62
58
62
64
55
64
66
63
65
64
62
64
61
64
63
60
57
58
56
62
64
59
67
62
63
62
58
56
53
55
58
58
57
60
59
59
64
62
61
67
71
65
67
68
64
66
63
69
68
70
71
72
74
76
75
73
75
73
70
72
70
67
68
72
68
71
63
66
66
66
68
71
66
64
61
63
61
62
60
62
61
60
63
61
63
62
60
66
62
59
57
55
57
62
67
68
69
60
62
58
58
66
64
65
68
68
64
67
68
66
67
69
64
68
69
71
71
73
76
77
77
72
77
71
68
67
66
65
63
62
62
64
54
57
58
58
59
57
60
56
60
64
55
63
60
60
63
65
67
65
64
60
61
61
63
62
60
57
54
59
60
62
59
62
62
61
62
60
61
59
66
67
66
63
61
64
58
59
57
57
58
60
63
62
61
61
62
63
62
66
68
69
65
62
63
63
58
61
60
64
66
65
55
55
57
63
68
58
63
65
66
63
65
64
65
67
66
64
71
69
71
76
76
69
73
70
67
61
63
63
57
61
61
56
60
62
64
61
63
62
61
58
59
60
61
61
58
61
57
59
58
61
59
63
59
60
59
55
56
60
64
63
57
54
57
61
59
57
62
57
53
54
56
53
58
54
55
57
50
48
47
51
53
64
57
59
63
64
61
54
58
65
61
61
62
63
67
65
60
63
64
60
60
58
59
57
58
59
60
55
55
59
60
56
55
56
57
56
55
56
59
62
61
61
59
58
55
59
62
68
62
63
60
61
63
60
62
59
60
56
58
57
58
60
60
64
68
67
64
