388
383
369
376
363
374
374
376
373
385
383
380
378
377
368
366
361
362
360
374
376
380
390
378
386
378
386
388
393
394
384
387
376
374
374
362
359
356
345
353
352
364
365
373
370
375
381
376
373
372
366
358
380
367
370
370
368
363
377
371
373
369
375
376
368
378
376
376
368
387
378
378
362
364
369
379
385
379
373
379
386
397
390
370
374
374
368
373
378
380
384
385
392
391
394
389
389
387
381
376
371
369
381
377
377
378
383
381
384
400
397
381
385
383
376
374
371
367
392
405
399
399
395
390
383
373
371
385
368
384
376
377
384
388
385
385
386
385
385
376
379
380
358
366
361
365
377
365
376
361
375
372
376
369
369
355
357
346
368
366
369
357
368
385
392
382
377
393
405
397
382
371
376
377
390
385
384
385
387
377
376
370
372
361
364
374
373
366
355
343
362
352
360
356
359
345
363
353
353
349
344
355
350
355
354
344
356
364
365
372
368
358
364
371
368
366
373
376
383
372
387
367
367
372
382
394
385
382
383
369
361
365
368
365
376
387
363
360
341
345
367
348
368
374
364
367
365
361
374
367
376
376
379
378
379
389
388
385
391
383
381
384
374
376
370
370
375
379
385
385
388
383
393
397
402
406
401
401
393
384
396
386
383
387
389
382
394
395
374
381
381
371
357
364
372
360
364
368
360
356
373
373
373
362
368
367
370
358
372
367
358
357
352
358
339
349
349
353
357
356
347
348
346
355
349
368
369
357
367
363
367
358
366
381
378
373
384
378
375
389
377
369
364
365
359
358
361
355
358
354
377
384
380
376
362
380
368
370
379
379
389
385
375
378
384
379
377
383
382
378
376
372
385
378
382
389
386
392
375
373
368
366
369
366
365
376
368
363
368
370
367
381
369
376
381
381
383
383
378
373
372
384
379
376
381
384
368
378
376
379
385
390
381
374
368
374
362
370
372
380
369
367
364
377
385
381
374
367
367
370
378
364
370
371
377
377
378
379
364
369
367
374
379
375
381
382
392
368
360
355
361
363
353
364
353
369
354
363
364
352
369
368
360
360
362
360
362
368
357
360
364
382
372
370
371
375
366
358
371
374
373
374
374
382
381
389
382
389
372
382
382
378
381
373
378
395
393
383
372
375
373
374
359
369
364
351
363
366
358
355
350
351
340
344
335
343
343
343
342
342
336
340
349
351
358
359
371
372
373
378
374
367
362
355
361
360
371
366
367
367
373
384
375
375
373
374
374
369
359
370
366
378
368
371
377
374
378
375
373
370
377
366
362
373
370
382
386
377
376
379
373
394
379
372
373
378
373
380
377
362
347
350
340
337
329
340
336
360
355
360
374
374
367
355
355
342
356
360
367
362
369
363
380
376
374
385
384
392
385
369
365
363
354
358
354
353
343
353
339
331
339
346
343
351
351
354
341
350
349
348
331
349
333
334
335
352
360
360
358
362
361
366
364
370
370
362
354
344
342
340
346
341
339
341
345
335
327
316
324
333
334
319
316
313
307
313
323
319
318
312
317
328
326
328
347
344
339
342
339
332
344
361
353
367
360
369
370
374
377
367
381
389
387
378
367
370
351
360
356
346
340
342
331
348
349
341
344
353
347
360
369
368
353
346
343
360
347
354
354
353
357
360
368
365
355
356
346
349
352
344
347
367
350
367
378
361
361
366
355
358
351
343
338
326
336
348
340
345
355
341
323
325
331
336
330
334
327
325
326
335
338
332
345
338
344
335
339
344
349
351
365
346
354
341
353
346
346
344
344
339
331
336
330
331
345
357
340
341
340
353
336
337
334
340
338
335
336
346
344
342
329
331
328
322
326
331
319
317
317
320
316
322
322
325
313
314
309
316
331
313
313
316
322
325
331
334
334
326
324
314
322
330
339
320
317
333
329
329
321
329
325
321
317
318
315
328
320
318
326
327
318
321
327
320
313
321
332
345
335
330
328
328
336
345
345
347
347
359
348
349
334
337
353
339
333
352
346
347
345
349
342
358
347
337
341
338
335
329
329
323
321
331
320
308
311
314
315
308
322
323
324
311
314
325
328
346
340
338
337
329
320
335
337
325
334
327
333
322
317
323
333
334
337
346
338
351
347
360
370
353
340
336
343
346
341
338
346
340
348
349
337
334
349
334
337
340
332
324
323
333
324
329
325
335
345
345
350
338
342
324
314
322
328
333
338
337
353
348
344
340
347
349
348
351
349
357
347
340
340
344
345
348
350
348
352
347
358
338
340
339
341
341
341
333
336
335
338
332
336
344
332
335
326
336
324
334
342
339
325
325
329
332
331
340
344
341
340
346
338
324
332
353
336
337
348
343
339
331
347
339
345
343
357
347
353
341
341
346
350
344
348
346
342
326
331
336
340
338
344
331
323
311
332
316
330
322
330
329
331
341
342
324
321
314
309
295
311
315
309
318
323
330
332
333
337
342
337
337
333
332
329
320
330
334
341
344
352
356
357
355
353
348
351
346
345
328
331
316
315
319
321
322
318
316
315
318
309
316
309
314
323
313
314
300
307
299
294
298
306
298
295
291
305
297
288
287
286
284
275
278
281
288
283
284
282
280
283
297
290
293
296
308
310
313
298
309
311
316
304
316
319
319
324
310
307
299
307
311
309
315
305
317
323
333
321
332
328
326
316
316
318
322
323
322
329
329
335
342
336
341
332
340
348
353
345
334
342
338
334
329
326
325
320
325
324
335
333
329
334
341
321
317
325
329
329
328
338
329
336
335
331
331
318
320
328
320
314
310
314
304
304
288
292
282
291
291
308
311
293
290
299
297
299
301
297
309
289
298
301
315
318
311
328
338
332
329
336
330
325
329
323
324
324
331
331
336
333
326
328
323
317
302
308
313
328
316
322
310
303
303
308
306
313
311
318
314
324
323
312
317
301
308
304
304
302
307
305
316
314
311
307
310
297
297
285
287
294
303
307
309
312
307
307
307
306
303
302
289
303
305
304
302
304
307
302
306
305
294
292
301
308
306
307
288
299
307
317
302
302
291
296
302
307
289
297
304
305
301
296
300
298
298
304
301
301
304
293
280
291
298
297
292
291
292
287
297
298
303
291
285
273
280
281
281
286
287
291
289
293
288
288
294
288
280
287
288
284
283
279
282
287
295
282
289
288
290
287
285
288
286
278
280
279
290
288
293
296
296
289
289
295
293
285
288
291
287
287
285
295
293
293
296
282
288
299
319
316
302
303
305
293
304
297
286
301
300
300
306
297
290
283
287
284
283
287
279
288
283
283
293
301
303
299
301
291
300
302
301
310
302
298
295
285
296
298
289
296
290
294
298
313
316
314
296
306
312
306
296
297
299
308
300
301
299
302
302
294
293
280
286
286
283
282
280
280
272
276
285
282
293
305
303
300
292
291
285
286
279
291
287
288
295
297
296
290
282
277
292
294
285
284
281
287
288
284
290
285
274
292
291
294
298
285
275
267
265
271
277
290
280
272
273
296
291
286
295
290
280
280
275
279
273
286
300
298
299
297
290
282
284
291
288
291
295
301
305
279
278
292
289
285
288
289
295
299
313
303
308
309
305
294
296
293
296
299
296
291
296
301
289
287
299
290
291
291
287
291
286
300
302
306
309
312
305
296
294
304
303
306
309
304
313
307
308
306
315
313
314
309
316
312
316
309
303
301
309
303
315
318
308
311
308
306
302
296
297
295
290
298
300
297
300
303
303
303
294
287
277
286
279
291
281
276
282
289
293
292
306
302
304
301
297
299
296
284
296
301
292
292
302
286
297
300
288
301
295
293
290
290
275
283
289
279
280
286
274
280
276
273
275
283
269
277
281
285
278
284
291
295
292
289
299
298
295
294
300
305
300
285
306
299
301
298
298
297
284
285
293
299
297
293
297
297
307
294
290
291
291
282
292
299
303
303
304
310
318
312
320
315
318
324
327
331
324
314
317
318
323
318
318
302
305
299
308
299
311
308
290
279
286
282
285
276
268
285
295
292
296
293
283
281
296
294
295
291
287
279
277
285
272
274
286
282
279
281
288
283
277
272
282
284
289
283
285
281
275
272
280
288
298
292
295
290
287
291
295
289
291
290
289
276
272
260
275
272
281
294
292
285
285
293
294
275
274
275
291
289
287
295
267
273
273
277
282
276
289
275
277
276
286
293
299
293
290
283
269
281
290
288
290
285
288
286
284
280
278
287
291
294
290
283
279
284
306
297
304
302
300
301
299
302
300
297
289
301
293
286
288
286
302
296
290
291
285
283
293
289
284
279
300
294
297
309
304
298
300
292
287
300
290
302
305
310
307
303
310
306
304
299
298
306
301
302
295
287
295
300
300
304
300
304
301
299
295
296
294
293
288
294
293
297
303
293
291
291
295
294
294
296
296
303
297
288
295
302
298
289
286
281
278
283
290
287
300
270
272
283
283
288
294
288
282
296
304
292
285
290
295
299
296
300
303
293
299
302
300
294
300
291
292
306
309
298
299
294
295
289
290
278
281
280
279
278
274
270
271
279
275
272
275
271
274
284
292
291
285
290
291
291
284
289
289
290
289
281
284
283
289
283
297
296
285
294
287
283
275
273
278
266
280
278
290
287
293
293
292
295
287
286
295
288
299
294
293
291
289
284
284
299
296
287
279
288
282
276
273
285
288
283
294
290
298
293
296
302
291
292
289
283
279
283
281
286
289
288
296
289
302
295
294
285
289
292
287
295
303
313
312
303
303
299
295
291
298
302
298
294
300
301
291
310
319
319
312
304
295
295
305
309
301
297
301
312
314
308
300
303
313
304
313
294
288
292
296
290
291
291
309
310
298
304
309
299
312
319
322
323
331
324
333
337
338
340
326
330
328
321
313
305
312
311
297
309
293
301
303
292
294
286
293
288
278
278
269
266
286
285
291
311
299
304
305
303
299
302
300
292
285
303
296
291
285
283
286
289
286
297
297
301
310
310
296
299
298
293
295
288
276
271
265
268
270
277
269
277
273
277
265
274
272
272
284
285
276
277
272
280
273
274
279
270
278
278
261
267
261
258
263
258
266
258
240
248
254
246
250
250
239
240
241
239
242
240
239
254
253
249
253
256
268
267
267
263
264
277
274
272
269
273
278
262
265
259
257
250
264
272
277
273
279
272
268
265
259
256
260
258
252
247
251
241
254
254
250
248
236
236
230
233
229
224
228
217
219
214
211
215
217
222
213
222
230
236
243
252
252
243
249
247
243
241
240
254
255
246
246
244
245
239
242
244
238
245
247
270
261
266
250
262
256
267
259
264
267
261
254
253
253
252
234
230
232
234
230
232
231
224
228
237
224
220
225
229
233
229
228
226
220
230
234
243
240
232
233
234
239
235
242
238
234
231
227
239
240
242
241
246
235
245
253
262
251
253
259
270
271
265
268
274
278
273
271
280
282
276
268
265
265
261
269
258
264
263
258
260
267
253
247
260
262
254
253
254
261
249
259
256
260
261
265
267
259
267
252
250
241
247
253
263
261
270
263
263
248
245
253
255
256
260
248
244
248
249
239
244
236
234
248
250
246
237
241
250
250
247
263
263
261
255
253
258
251
266
268
266
258
263
263
260
261
252
263
257
252
234
236
237
235
242
235
235
234
241
239
240
248
255
255
259
255
270
270
260
258
260
255
256
244
240
243
247
249
251
252
254
250
250
246
248
251
255
256
255
255
256
249
257
256
246
262
261
263
260
263
276
258
259
262
261
263
266
267
275
271
261
268
269
264
259
265
271
262
265
266
261
252
266
256
249
253
243
235
241
238
239
232
240
219
231
233
238
250
247
241
256
255
242
257
254
251
263
259
257
257
245
242
243
248
245
258
249
231
227
225
222
223
222
231
229
207
214
212
218
215
228
230
220
221
226
230
229
230
234
227
226
236
219
228
238
242
222
225
222
226
219
227
227
236
243
232
233
230
225
235
238
237
245
244
246
241
234
232
230
233
241
230
230
229
236
229
237
247
238
234
239
246
241
230
243
238
233
235
235
232
235
242
237
229
233
236
234
235
230
224
227
238
230
228
228
228
235
240
241
232
239
237
246
251
245
239
241
241
234
240
240
237
228
237
231
237
232
218
230
229
223
218
228
232
233
242
244
235
244
238
244
243
244
242
245
254
250
263
245
244
241
235
234
238
231
222
231
238
239
241
244
249
240
247
244
240
237
236
235
242
233
239
225
224
227
222
219
218
213
215
211
219
222
231
222
227
223
217
216
227
222
227
231
235
233
245
250
245
240
239
243
244
245
242
237
250
243
237
247
245
253
249
248
243
225
229
228
237
242
239
239
238
230
222
228
237
229
222
221
222
218
225
223
224
214
219
223
234
222
214
225
225
218
217
219
220
220
223
214
214
210
210
204
204
209
212
219
212
209
204
209
202
203
207
211
213
209
220
224
233
229
225
229
228
232
219
220
226
222
214
212
214
214
224
221
206
205
208
200
194
197
201
198
200
209
214
223
220
222
228
225
226
225
224
226
225
215
212
218
221
229
213
210
216
217
201
202
201
202
207
214
213
205
212
202
200
201
213
222
222
220
214
221
211
212
214
225
216
223
220
215
209
213
206
212
220
224
215
222
210
214
206
212
207
215
208
210
202
209
209
207
206
208
204
207
196
200
205
217
211
208
214
217
221
223
222
218
218
216
219
223
215
214
218
222
227
231
235
237
238
242
241
243
235
235
226
223
230
230
223
230
226
223
223
221
223
219
221
208
201
193
195
203
200
199
194
205
201
214
201
204
209
205
207
209
206
213
209
215
211
208
214
205
213
223
223
227
223
217
214
217
209
215
218
215
215
221
227
218
227
226
224
217
215
212
205
207
201
192
205
199
205
205
196
212
216
208
211
220
213
207
208
207
207
205
225
221
216
218
216
226
227
221
210
215
215
213
226
212
210
212
219
219
229
231
223
219
216
203
210
209
208
213
211
209
221
221
217
213
210
210
198
203
208
209
203
207
209
203
202
213
214
220
216
226
226
219
223
226
235
229
219
222
216
219
229
222
211
218
210
208
210
216
213
205
214
216
215
215
208
217
209
197
214
218
216
222
220
223
223
226
219
229
219
225
230
234
235
229
238
223
220
217
219
215
223
225
227
219
225
233
231
231
218
209
216
220
215
216
224
231
226
229
229
233
241
239
247
244
242
230
232
228
228
230
225
228
227
225
229
214
208
209
208
220
222
219
212
217
209
213
213
202
202
193
194
194
186
201
203
192
194
205
201
205
208
213
214
208
201
218
227
215
213
206
219
220
213
217
215
218
208
203
193
192
188
188
184
181
182
180
188
180
178
183
184
184
189
191
186
185
203
196
191
186
187
188
198
191
189
192
189
186
195
187
191
193
198
195
185
188
188
183
195
188
182
182
187
183
183
181
179
186
186
190
193
190
191
200
194
200
195
202
203
190
196
200
199
207
192
195
188
187
177
184
177
181
186
189
188
196
192
193
183
191
197
201
196
191
190
185
191
190
188
188
185
193
183
178
191
192
188
186
190
188
189
189
182
175
175
169
173
173
177
175
178
176
176
176
171
166
165
166
177
186
186
188
190
188
186
188
189
188
193
181
189
180
187
189
184
182
184
180
184
181
183
193
195
194
199
187
187
184
182
181
182
179
178
172
180
177
184
179
172
170
171
181
178
168
172
162
179
175
177
175
171
161
168
174
176
171
185
184
178
181
188
180
183
176
177
172
172
166
173
180
178
171
173
180
176
169
174
180
175
181
185
191
190
187
186
185
190
193
201
195
200
195
193
198
190
188
188
184
180
186
188
194
194
190
179
169
175
180
179
177
178
181
175
182
190
177
193
204
189
200
188
190
190
189
187
186
184
174
192
188
183
181
177
173
172
173
166
175
174
181
171
178
173
170
171
173
166
171
175
184
182
181
186
188
187
177
176
173
179
174
181
173
176
188
174
165
165
168
167
172
170
169
164
165
167
161
164
165
175
176
179
180
182
182
177
178
174
169
164
165
158
162
154
167
170
176
166
171
157
162
162
165
160
161
165
174
172
176
165
168
172
168
179
176
182
171
171
180
173
172
168
172
173
169
175
176
179
164
164
168
170
178
183
182
184
184
184
181
169
176
183
185
187
185
191
185
187
195
195
193
196
186
188
193
188
183
169
171
177
169
172
175
182
178
174
173
177
174
173
169
167
154
166
168
164
176
178
184
188
188
187
189
191
196
191
190
187
191
190
188
187
188
187
198
195
189
192
190
191
194
195
191
179
176
173
173
191
181
186
186
182
175
174
176
174
169
161
160
173
168
164
165
162
172
164
165
168
167
161
158
159
160
173
174
166
163
173
185
178
179
177
183
177
177
185
179
179
173
178
176
168
175
178
186
178
185
176
176
178
183
179
185
178
177
179
181
180
193
186
178
175
170
175
166
181
180
170
178
188
182
178
181
176
178
171
171
175
181
186
182
183
186
187
186
193
182
185
180
182
176
176
171
172
173
178
176
177
184
192
195
190
193
196
194
193
191
183
184
169
165
166
174
173
181
184
184
184
193
196
198
190
181
180
179
179
172
180
174
171
172
172
171
170
173
166
168
177
182
177
184
181
176
175
169
178
177
174
179
183
179
176
172
167
162
172
165
165
157
165
167
162
170
170
169
168
158
162
167
168
171
172
174
171
174
169
171
177
176
175
171
169
179
180
181
185
184
199
191
185
179
173
170
164
172
167
169
172
167
171
170
166
167
174
171
169
168
175
183
178
182
188
191
188
190
190
193
179
180
173
172
170
176
173
182
181
178
170
170
187
182
187
186
177
180
183
180
172
174
174
167
168
166
172
172
178
180
184
196
187
195
186
189
190
187
189
186
186
182
183
186
178
175
186
177
183
191
192
182
178
187
181
186
174
188
187
180
183
195
190
184
170
175
177
180
183
182
188
191
187
182
183
181
179
180
176
181
181
188
187
181
187
178
179
184
186
178
176
173
180
173
168
170
174
170
165
175
169
169
169
170
162
173
181
184
166
163
161
163
171
166
162
166
164
163
158
165
169
163
166
170
174
163
171
177
163
155
158
156
156
151
154
154
156
155
151
153
166
164
158
167
163
172
176
178
176
167
164
170
171
168
166
162
168
169
174
172
169
177
177
173
177
173
177
177
179
177
183
180
184
178
181
180
187
185
184
186
183
180
184
191
183
180
179
190
189
188
184
197
193
201
188
189
189
181
178
181
177
175
181
175
169
175
177
178
175
174
182
169
169
166
165
165
168
172
174
173
170
184
169
159
157
161
161
162
163
168
159
158
154
156
151
160
151
147
149
148
137
145
151
157
156
164
160
167
169
168
163
165
166
169
167
168
171
166
166
163
164
174
171
164
169
158
155
159
165
166
170
165
167
161
159
154
158
161
155
150
159
164
167
158
159
163
164
161
172
173
183
179
174
176
172
169
168
166
165
163
168
165
169
175
176
183
175
159
161
161
166
160
161
163
166
163
169
164
168
165
161
153
154
158
158
163
169
179
164
170
172
169
175
171
179
182
178
167
171
170
183
183
172
175
173
169
160
157
159
157
157
158
152
156
159
158
156
161
160
162
159
170
166
165
167
164
166
166
176
159
169
172
168
175
176
174
165
162
164
167
163
169
167
160
164
166
171
176
173
176
178
176
177
172
173
163
167
161
171
170
171
159
155
156
156
163
172
158
159
162
155
163
163
159
160
164
170
171
184
183
175
175
177
172
174
178
174
179
182
180
180
187
186
176
172
178
173
167
167
162
163
167
168
166
156
154
159
152
158
154
160
157
161
166
167
171
170
176
162
171
169
164
168
167
167
159
165
161
163
166
165
154
154
157
155
156
154
152
152
158
159
156
159
160
166
162
159
163
162
163
160
156
163
159
170
163
162
165
172
166
174
171
171
175
171
166
164
164
153
160
162
157
159
158
150
163
155
156
163
164
166
167
171
175
173
174
178
173
176
178
169
167
160
167
172
171
165
166
170
169
171
176
167
163
165
162
166
161
150
156
162
161
161
162
159
169
172
167
170
176
172
174
169
166
171
161
164
166
167
169
161
162
167
164
174
173
176
178
176
172
164
156
161
161
158
163
156
163
172
163
165
164
160
166
164
158
163
164
163
161
168
169
165
152
152
156
158
159
164
158
161
159
164
167
151
157
154
159
148
148
160
160
163
158
163
162
159
155
162
160
167
162
164
156
162
158
157
156
150
149
142
153
167
160
151
148
154
156
152
150
150
149
151
147
146
150
151
146
149
151
145
143
138
135
138
145
142
147
147
147
151
148
149
146
138
151
158
158
152
153
151
157
164
161
151
151
150
153
159
160
162
160
154
156
145
161
156
151
153
147
141
151
142
145
138
142
145
142
138
141
142
142
148
150
145
156
154
152
145
152
156
157
160
155
152
159
155
167
167
172
164
166
166
163
165
167
162
170
172
168
162
160
163
155
156
160
152
154
158
164
165
156
163
172
164
159
161
160
149
157
151
147
155
156
156
160
154
160
165
160
158
156
159
155
151
157
166
160
153
156
143
150
148
155
162
157
162
159
159
152
153
169
160
155
153
163
158
157
157
160
161
164
160
161
157
147
137
151
142
150
153
146
147
147
149
151
148
157
147
157
154
152
156
165
166
175
164
157
159
154
161
167
168
161
165
169
167
173
171
170
156
161
163
164
166
163
167
163
155
157
164
159
150
158
155
157
161
160
153
151
160
167
157
164
168
168
159
160
166
154
165
169
169
163
167
170
172
175
165
170
168
169
160
159
166
169
156
151
156
154
154
149
154
158
158
159
167
153
153
153
148
152
157
154
151
153
152
155
156
160
159
151
155
154
156
157
157
151
152
152
151
155
161
160
157
163
161
164
164
161
160
156
156
167
166
172
173
179
170
171
171
169
165
170
163
158
153
160
173
169
163
164
161
162
158
151
149
156
153
150
151
144
157
149
145
152
159
155
156
151
156
153
153
154
158
158
164
161
166
164
163
156
156
160
160
159
164
153
158
163
158
153
154
148
149
154
151
150
154
151
144
148
148
151
153
154
150
148
143
142
141
145
137
149
144
145
153
158
165
165
164
169
173
167
159
165
167
162
153
167
163
161
156
164
165
168
169
177
172
167
163
154
152
158
158
157
154
156
154
155
156
152
155
154
159
161
164
168
160
153
159
166
172
171
167
164
162
155
157
153
157
157
157
169
165
169
165
154
159
158
153
150
153
153
156
157
160
157
164
167
169
173
176
174
171
166
170
161
154
156
156
162
154
157
153
145
145
144
148
141
141
144
142
144
143
145
142
137
140
136
143
146
142
141
141
135
134
135
134
127
138
141
152
150
149
147
151
130
135
137
138
143
134
129
128
124
124
114
115
123
122
122
125
128
128
134
134
131
137
139
144
145
150
145
141
136
133
134
136
128
125
119
124
124
125
116
119
111
119
113
119
117
122
121
117
120
122
120
127
121
130
129
133
131
135
127
129
127
124
126
131
122
124
124
128
123
116
120
120
110
117
117
120
120
123
120
120
119
123
116
117
108
113
122
124
117
121
128
125
132
126
127
120
116
122
113
108
115
119
118
116
117
121
119
118
119
112
109
113
113
119
120
113
117
125
123
116
123
120
122
126
120
116
125
123
122
117
120
121
124
124
124
125
116
125
120
118
124
120
123
125
128
138
129
137
138
138
129
136
129
133
129
138
133
130
127
123
127
124
129
128
127
123
128
129
132
127
117
119
116
117
111
114
111
116
108
104
118
110
110
111
115
110
111
120
118
124
117
117
117
120
122
123
128
124
124
126
128
127
127
124
125
123
121
119
114
116
120
113
119
123
118
126
123
130
115
116
119
119
122
115
115
112
117
115
113
110
105
106
109
109
109
116
124
111
112
105
105
113
113
112
106
110
105
103
108
114
113
117
111
109
105
108
104
107
110
110
106
107
110
108
112
100
104
107
110
107
108
103
111
111
103
105
106
109
120
106
111
114
112
109
113
120
115
112
114
113
113
109
104
102
103
104
97
98
100
98
99
89
98
101
101
99
101
102
103
108
115
107
112
113
113
118
106
107
103
101
108
101
102
98
107
111
106
110
118
117
107
112
118
116
112
109
111
110
120
117
121
118
119
121
124
118
116
105
109
110
109
106
106
106
107
99
100
101
107
108
111
111
110
111
101
99
98
101
99
95
92
93
91
93
95
100
97
98
96
105
98
98
96
95
91
88
93
93
94
93
91
97
92
92
95
90
89
89
96
96
100
103
99
104
105
107
105
96
99
101
94
95
99
102
106
95
97
101
104
100
101
102
104
104
96
103
105
104
100
99
102
99
102
102
104
100
104
100
99
95
96
100
100
98
99
103
99
99
95
97
99
102
96
104
100
96
99
99
96
95
91
95
85
91
99
95
93
88
91
91
95
96
93
95
102
90
96
102
100
101
96
102
105
100
97
98
98
98
93
98
103
104
94
92
90
88
89
92
95
92
95
91
90
85
81
80
80
86
87
95
95
95
99
101
102
105
103
101
100
102
103
109
97
99
104
100
100
95
97
94
91
92
95
95
96
99
103
101
100
100
96
93
99
101
106
103
100
100
100
106
103
102
95
88
96
92
98
104
96
99
103
106
106
104
96
102
94
92
97
103
102
106
100
101
101
96
91
95
93
91
89
86
89
93
93
90
90
85
84
93
97
96
94
96
90
100
100
95
91
91
96
97
102
102
95
100
101
97
98
105
100
100
92
96
91
94
100
98
96
98
100
98
107
96
99
100
105
105
101
99
103
110
112
100
100
93
101
97
93
91
98
96
99
99
94
96
100
91
99
106
102
107
102
108
102
105
108
109
112
113
111
110
110
113
113
102
107
105
105
106
112
109
101
104
100
104
106
105
108
104
101
101
105
98
106
104
106
102
99
104
98
95
98
95
97
98
107
105
99
101
92
96
101
104
107
101
107
106
104
109
110
106
100
97
97
102
101
103
99
92
91
92
95
90
89
90
89
98
97
98
99
98
94
95
101
95
102
84
91
90
95
100
103
101
107
112
104
111
108
110
106
103
102
102
89
97
99
101
98
97
90
94
95
95
95
98
96
94
96
103
98
100
92
93
92
92
96
95
95
104
94
95
95
99
100
99
100
94
96
100
106
97
109
98
98
103
105
105
102
101
106
107
102
101
107
106
106
112
109
108
104
100
104
102
103
107
99
104
102
102
99
98
104
102
99
100
97
101
102
103
101
97
98
94
105
102
110
100
107
98
99
104
100
97
102
94
95
98
93
95
91
89
85
92
90
92
94
97
95
93
89
90
91
87
100
103
103
105
101
103
98
107
97
104
101
102
101
95
94
92
95
88
88
91
88
88
92
93
90
90
85
80
83
88
88
87
86
84
91
88
90
80
81
81
79
76
82
84
78
77
75
81
76
83
93
90
88
90
92
88
89
88
98
93
93
90
90
89
89
85
89
83
88
84
76
71
70
68
70
74
74
79
72
76
81
78
79
72
72
70
70
77
83
77
77
79
71
78
81
79
82
78
75
76
79
74
73
76
76
77
75
75
77
76
78
82
83
86
82
74
78
78
80
82
76
74
71
68
78
76
78
77
77
75
77
76
73
70
80
80
77
75
79
72
82
79
81
79
78
74
83
83
83
89
89
85
86
89
88
83
87
87
84
85
77
75
76
77
80
79
78
77
67
74
72
74
73
79
77
88
78
81
79
87
80
82
86
88
90
97
91
93
90
97
92
97
95
93
99
93
91
94
86
91
98
98
96
93
91
95
97
93
95
88
87
87
88
86
84
82
81
78
75
78
79
81
79
77
83
77
80
84
87
83
89
90
93
95
87
82
78
80
79
84
87
84
88
82
87
86
83
77
81
83
83
81
83
88
85
87
87
87
83
87
87
84
88
90
87
85
82
84
86
88
87
86
87
80
89
90
89
83
78
77
76
80
73
74
71
79
81
71
74
77
79
78
79
70
68
71
67
71
76
77
77
77
81
80
83
84
86
87
86
84
81
81
81
88
83
83
77
77
83
83
86
84
84
81
77
82
88
84
88
91
83
82
81
80
82
83
71
76
75
80
72
70
71
74
75
78
79
76
74
81
83
82
86
79
74
66
71
75
69
66
67
69
70
71
70
73
69
69
66
69
73
69
70
76
78
74
67
64
69
66
71
68
66
66
72
73
68
73
77
74
73
78
72
74
77
75
74
80
82
83
88
84
92
87
85
78
78
74
77
81
85
84
83
86
88
85
86
85
85
81
77
77
67
74
78
78
77
74
79
74
78
78
80
81
80
82
82
89
88
84
85
95
94
92
92
88
86
81
81
77
80
77
80
79
79
81
78
78
78
81
79
79
83
73
79
72
74
75
82
84
83
78
83
81
80
76
72
71
69
73
70
69
71
73
70
62
60
64
60
65
70
72
71
81
76
70
80
81
84
79
82
84
80
82
82
82
82
85
89
86
80
81
74
71
74
68
68
67
62
70
71
70
65
68
73
75
72
69
69
66
66
66
73
75
75
73
77
77
79
78
76
81
81
85
83
86
79
83
87
85
81
86
80
78
83
84
84
78
81
87
83
83
82
75
73
78
74
79
80
81
87
82
81
82
80
81
83
75
80
79
74
80
77
75
74
76
72
74
70
75
75
72
67
68
66
61
67
70
66
70
79
76
82
79
83
82
78
79
84
83
77
75
71
73
74
67
69
77
70
69
68
70
70
75
74
74
72
71
69
71
71
72
67
70
67
69
69
80
80
76
73
74
74
72
66
69
74
80
79
83
89
84
82
86
84
83
85
79
81
79
81
79
86
84
83
93
94
92
84
89
86
89
82
84
91
79
83
79
81
74
79
78
77
76
78
79
78
79
80
86
85
85
84
89
90
89
89
82
85
84
85
80
81
86
81
82
86
87
77
81
81
83
87
85
78
77
86
79
80
76
77
73
79
82
78
81
83
87
89
89
92
92
88
88
87
78
84
81
84
82
80
81
81
80
78
74
76
81
78
71
78
79
77
73
75
71
69
64
66
68
70
78
78
81
81
83
85
79
85
81
81
77
77
78
77
79
87
84
87
85
84
88
83
79
82
81
82
83
73
74
70
74
73
75
73
76
78
78
82
83
83
82
88
87
84
81
80
79
76
79
81
77
83
88
92
87
90
88
83
79
81
84
79
84
88
86
83
79
84
81
79
80
79
80
85
88
87
90
86
79
78
76
81
87
87
84
87
83
83
84
81
82
79
77
75
71
78
81
83
91
87
82
85
85
82
82
78
87
91
88
92
90
84
83
83
81
79
83
81
75
73
78
78
76
81
78
81
82
77
83
86
79
77
77
78
81
80
79
75
78
92
89
93
88
88
94
87
84
83
80
81
84
80
76
82
85
90
85
79
77
78
72
72
75
73
76
70
72
75
74
74
78
75
79
76
70
66
72
70
69
67
70
71
73
75
75
69
75
73
69
74
67
70
67
64
68
68
65
67
62
66
67
71
79
77
78
77
85
84
77
81
77
80
82
68
70
74
73
80
76
79
81
85
90
89
90
86
80
83
80
84
86
79
80
77
78
74
75
77
79
81
80
77
78
76
83
77
78
76
76
73
75
71
81
75
81
78
76
83
75
73
83
85
88
80
83
82
86
90
90
85
84
83
89
89
92
87
93
93
86
80
77
84
83
86
86
88
82
86
83
78
86
86
74
78
76
74
71
76
83
81
89
80
78
83
85
81
84
78
73
75
78
80
75
74
76
83
86
83
84
81
83
83
81
83
83
87
81
86
90
86
88
90
86
83
88
85
78
79
76
73
76
71
76
71
79
77
79
80
77
81
81
71
83
80
86
83
72
78
80
77
75
75
74
80
84
79
82
82
84
83
87
85
88
85
84
86
89
84
84
82
82
82
90
90
85
85
83
87
81
87
89
84
85
86
91
92
88
82
79
75
75
78
82
81
74
78
79
74
73
76
84
73
79
85
89
83
81
83
83
80
76
73
74
87
85
83
84
72
67
72
78
75
74
77
82
77
80
80
87
83
74
82
82
83
93
84
84
82
80
84
84
88
88
87
82
93
83
93
85
85
81
83
84
86
89
80
88
80
87
88
87
81
86
80
86
80
90
89
85
81
79
79
77
82
78
74
75
74
72
70
74
67
65
68
66
66
61
64
68
67
71
71
70
77
73
75
77
78
76
81
76
76
82
85
83
87
85
84
80
82
80
78
80
79
79
79
75
80
80
77
75
75
77
74
67
70
74
72
75
77
79
80
83
87
87
89
89
94
94
93
94
91
89
86
88
85
80
85
91
89
90
90
84
78
80
78
73
79
75
70
70
79
75
74
75
81
83
78
75
74
73
76
79
81
74
79
79
84
82
75
75
74
74
80
76
74
74
77
74
74
76
84
79
75
81
83
77
78
83
82
85
85
91
85
86
86
86
89
81
76
78
78
77
81
79
81
81
78
76
82
86
86
87
84
83
78
78
81
73
74
74
76
70
73
71
75
69
73
78
74
71
77
84
83
82
78
77
80
80
76
76
73
74
76
74
72
75
70
71
79
81
78
83
75
82
83
77
81
73
73
74
78
77
76
78
78
81
82
82
86
86
87
85
87
92
87
89
94
92
96
93
97
91
100
99
91
91
89
92
90
89
93
93
87
87
96
89
82
81
81
75
81
78
77
78
80
83
79
80
81
83
83
74
79
73
73
72
72
71
74
67
65
70
73
67
76
76
80
76
78
80
84
82
83
78
76
82
87
81
74
75
85
85
79
84
85
91
84
84
89
83
84
84
87
80
81
80
75
71
70
80
78
80
80
88
80
81
94
90
85
85
82
78
74
78
78
74
81
82
80
81
80
83
81
83
91
89
86
86
90
86
88
90
87
81
83
78
82
78
82
78
75
76
78
81
78
84
81
83
83
78
88
86
79
82
82
86
88
89
90
88
89
87
93
90
87
80
88
92
89
83
80
86
86
84
84
82
79
81
88
86
84
80
81
78
74
75
78
75
71
63
65
67
70
66
69
62
61
68
73
76
74
80
78
78
76
73
75
69
71
79
78
72
82
83
83
80
77
83
82
85
83
73
75
74
75
77
81
78
80
74
78
81
73
79
79
81
74
76
83
79
78
79
80
81
83
81
82
81
80
83
87
86
80
88
85
87
79
86
84
83
82
84
88
86
93
93
83
82
79
77
82
74
73
77
77
78
73
69
74
81
78
75
78
76
78
82
78
72
73
75
71
78
73
65
70
64
66
66
72
73
67
70
67
72
70
67
69
71
78
73
73
76
76
79
77
75
77
79
76
76
84
76
78
83
78
81
79
78
80
84
83
86
76
79
77
82
79
76
83
86
81
90
84
83
86
84
86
89
90
91
85
81
85
82
82
84
79
81
82
77
79
78
81
80
76
80
80
76
76
79
79
79
85
75
72
76
71
79
76
70
76
77
80
80
81
83
85
87
85
81
76
78
76
76
76
75
75
85
84
86
93
86
81
89
86
86
88
95
94
94
93
97
93
87
85
94
90
83
85
86
87
82
85
88
84
84
72
79
80
79
77
77
74
79
73
77
69
72
75
80
79
76
74
74
80
82
81
86
84
79
78
76
75
81
76
76
73
76
77
74
75
78
78
75
76
74
84
80
83
81
83
83
82
80
78
82
77
84
79
79
80
79
80
76
83
71
72
72
71
78
77
77
80
76
82
90
89
88
89
82
82
83
85
80
85
88
84
89
91
87
83
78
87
77
80
85
89
90
88
76
76
76
76
76
77
79
79
79
81
83
81
76
75
70
74
75
72
74
76
77
73
69
76
76
70
73
76
69
71
74
74
74
75
78
82
81
79
82
87
82
81
84
82
80
82
83
75
78
79
82
80
81
80
83
88
86
77
84
81
86
88
86
89
83
82
85
81
82
83
86
83
84
83
79
78
81
87
80
80
83
89
87
86
90
92
84
84
84
77
82
83
86
89
88
87
85
80
80
77
76
79
77
77
72
72
74
77
78
77
86
88
84
82
78
79
77
71
77
81
76
77
74
72
73
72
73
74
74
79
84
77
82
80
81
79
81
78
79
76
79
80
82
76
86
83
82
81
83
79
81
85
85
85
85
84
85
84
86
93
90
86
89
89
92
89
93
84
80
85
83
85
84
81
76
75
79
87
89
81
80
87
80
87
89
92
88
84
83
92
95
92
88
92
84
83
87
87
85
87
77
76
79
76
75
73
73
77
81
82
78
81
79
86
90
92
86
86
84
85
74
82
79
71
83
85
81
83
76
69
75
73
71
69
70
74
76
78
76
81
81
79
80
75
74
78
82
82
90
87
93
83
81
74
75
73
74
77
74
75
76
72
75
73
69
71
68
66
68
65
63
59
61
67
70
77
75
81
80
80
77
83
77
70
72
76
71
70
68
72
63
67
65
68
69
70
65
71
76
76
73
65
64
70
68
67
73
69
72
66
69
74
68
67
66
74
63
68
70
70
66
62
62
64
68
73
75
78
80
83
84
80
81
79
87
91
86
83
81
80
82
78
82
80
78
76
74
76
73
76
79
75
83
80
82
84
83
76
78
82
81
85
80
85
80
84
84
86
91
90
86
86
80
77
83
84
76
82
79
76
73
68
69
79
76
74
75
78
72
70
76
80
84
73
72
74
72
68
73
60
65
70
71
66
72
72
74
76
76
78
81
85
89
84
83
87
88
89
95
90
90
93
89
91
80
82
83
83
75
71
67
74
76
75
80
80
80
85
82
83
85
86
88
83
91
90
85
88
84
81
79
88
86
92
85
87
85
86
83
86
81
79
79
82
84
82
81
80
79
79
79
71
80
81
84
80
74
72
82
80
79
77
75
72
73
70
70
70
70
69
71
74
73
75
75
76
73
74
71
69
68
70
69
76
73
81
73
70
70
71
71
67
66
69
70
66
67
74
73
70
72
73
75
70
65
73
63
73
72
66
63
65
63
60
65
72
77
82
80
70
75
74
75
70
65
66
64
60
61
62
62
62
63
63
63
64
55
61
65
63
64
63
62
64
61
60
61
62
60
63
59
61
61
63
64
68
70
76
71
77
76
78
75
72
72
70
72
75
74
81
78
73
77
77
81
83
81
81
76
82
85
82
84
85
88
89
83
82
84
77
81
84
78
77
80
76
75
82
83
75
83
90
89
93
87
87
86
83
83
82
80
80
83
78
73
81
80
80
83
79
83
75
78
81
74
75
78
77
76
77
77
77
79
82
81
75
86
78
80
83
81
79
78
75
75
72
73
70
74
73
79
78
75
76
72
71
70
68
70
71
70
71
68
67
63
71
72
73
72
72
73
70
74
70
74
71
66
67
65
61
66
66
60
60
58
51
53
50
56
55
63
58
53
51
57
55
56
54
48
56
53
57
58
61
58
58
60
60
61
56
54
52
51
54
52
52
54
52
55
54
52
51
51
52
52
49
49
47
49
53
58
59
57
62
63
54
59
65
64
66
67
66
63
61
65
61
61
61
63
66
73
71
72
65
65
69
72
69
69
67
67
63
66
68
68
67
64
64
62
62
58
60
61
66
61
67
70
68
71
67
64
60
61
57
59
57
60
58
58
62
63
65
61
60
63
60
58
63
59
63
66
67
61
62
62
63
61
62
59
64
65
64
59
67
66
59
57
59
58
49
56
60
65
60
58
56
55
58
62
59
58
59
61
62
65
62
59
58
53
53
57
61
61
63
55
55
53
51
56
59
54
51
55
59
61
59
50
56
62
54
53
53
58
63
62
56
58
61
57
63
60
56
60
62
63
63
63
61
65
63
63
62
65
68
61
65
64
63
69
72
63
65
64
63
69
66
67
61
59
60
60
68
63
63
60
60
58
60
67
67
69
66
67
70
70
68
68
72
69
70
67
67
65
66
69
67
67
63
67
68
68
67
61
59
59
59
56
57
58
57
60
64
64
68
66
59
61
64
62
62
55
56
53
57
62
57
57
58
61
63
67
63
59
55
51
58
58
55
50
51
50
48
53
54
56
60
60
63
60
63
65
70
73
67
60
62
64
57
62
61
57
54
61
59
60
60
60
63
60
64
64
66
63
55
51
57
51
50
47
50
50
48
54
51
51
49
54
55
59
55
52
51
52
52
52
45
48
44
49
53
52
54
52
60
55
56
58
59
54
50
49
48
46
45
47
53
46
46
47
45
49
43
45
44
45
45
43
47
46
46
43
40
47
50
51
48
47
48
48
48
50
52
54
49
54
54
64
58
56
51
51
54
53
52
52
56
55
59
57
55
48
48
50
52
52
55
52
53
52
55
51
53
53
54
52
52
48
50
51
55
50
56
60
60
60
63
64
57
54
52
52
49
54
53
52
50
50
51
56
51
50
48
52
51
46
51
49
52
55
55
54
55
55
51
47
45
45
43
38
38
37
31
37
40
46
43
38
39
42
41
42
39
42
40
37
38
41
40
40
41
39
44
36
39
44
41
47
51
50
51
51
52
54
51
49
47
50
50
48
48
46
49
44
49
46
46
48
50
51
50
48
46
42
43
43
43
45
44
45
33
38
36
37
40
37
40
40
39
45
44
41
42
39
41
44
44
44
43
41
37
39
37
40
41
43
46
44
44
43
40
44
43
40
40
36
35
37
38
34
38
38
36
38
42
43
42
43
40
40
34
36
41
41
39
40
39
45
37
41
43
43
39
39
38
39
38
41
37
39
44
46
43
45
40
42
46
42
41
46
43
47
44
43
40
42
44
42
40
38
41
42
44
42
42
46
47
47
44
42
37
35
41
39
38
36
38
39
38
34
32
32
38
39
40
35
35
42
37
41
41
37
33
35
37
40
40
39
41
40
43
41
40
40
42
44
41
41
41
43
44
46
47
42
44
46
49
44
46
41
38
37
41
37
37
37
37
37
35
39
41
36
31
33
35
38
36
36
34
36
35
38
39
40
38
34
28
30
30
30
30
30
30
31
41
34
34
34
35
36
33
32
29
27
26
28
28
32
30
30
32
37
37
36
34
31
32
31
33
31
29
32
28
32
33
29
30
29
29
33
31
32
31
35
43
38
41
44
46
49
46
42
41
46
48
48
50
49
44
39
38
37
43
39
37
38
38
36
36
40
38
42
41
42
43
42
42
39
39
39
40
43
42
40
42
43
45
45
46
45
48
44
43
47
45
41
41
43
44
49
47
46
41
41
45
48
47
47
46
48
47
41
47
43
44
43
37
40
41
43
42
40
42
42
37
42
42
40
33
35
37
37
37
41
36
33
33
38
39
34
39
38
36
41
38
41
38
35
42
42
37
39
39
42
37
35
36
31
35
34
36
39
34
34
35
34
39
42
46
41
42
40
38
36
35
41
48
41
41
41
39
39
42
40
40
39
40
38
41
38
37
35
34
34
35
37
36
35
34
31
34
40
39
39
39
41
39
37
43
44
43
44
41
44
40
43
42
37
40
42
39
37
39
35
36
41
37
33
36
31
32
31
31
32
31
30
29
36
36
36
28
32
33
33
28
30
32
30
28
28
31
32
28
34
33
26
25
26
26
26
31
32
29
30
26
26
27
23
31
28
25
28
29
25
26
29
30
30
32
29
30
31
32
31
35
30
33
36
35
39
36
36
36
40
36
35
36
32
40
43
44
43
37
39
36
37
38
38
36
37
38
40
34
39
36
37
35
40
37
37
37
33
41
41
43
37
43
40
40
34
33
32
34
39
37
37
38
38
38
37
34
34
34
34
36
38
39
39
38
38
38
33
38
39
42
40
43
47
44
47
44
46
50
46
44
44
43
44
42
41
41
40
45
41
41
37
38
38
38
41
44
44
44
43
45
44
45
41
43
44
45
44
43
40
41
44
42
43
45
45
50
46
42
43
43
37
41
37
37
35
37
33
35
36
35
36
42
40
46
42
42
47
48
42
38
42
39
42
45
40
38
34
37
37
40
41
40
41
35
41
39
35
37
40
40
39
37
42
40
39
38
43
37
35
37
35
33
33
32
29
27
27
22
27
31
32
28
29
26
27
29
29
33
37
35
37
38
35
35
37
40
42
42
41
42
43
45
44
42
46
44
41
41
38
33
37
38
38
42
42
39
41
41
39
46
46
43
44
41
41
43
45
40
40
41
41
38
43
42
44
43
43
40
46
43
39
38
42
46
39
41
38
39
42
40
41
37
39
35
37
41
42
38
35
37
38
35
38
37
37
39
36
41
39
39
38
43
45
40
43
39
41
39
43
38
39
44
43
43
44
42
45
47
43
44
44
44
43
41
42
39
39
39
36
36
36
37
39
41
40
40
43
45
47
44
44
39
40
39
37
39
38
35
34
36
36
42
42
44
44
44
45
46
47
42
44
41
40
41
42
41
45
46
43
45
42
35
36
35
36
39
40
36
33
34
35
36
33
34
38
34
35
34
36
37
39
41
40
41
41
39
38
37
40
36
40
41
39
41
39
45
43
44
46
48
46
49
46
45
47
51
50
45
45
45
40
47
42
43
41
42
45
42
41
42
43
38
37
35
42
33
38
39
36
35
34
31
34
34
34
32
33
32
29
33
30
28
27
30
30
28
28
27
27
23
22
22
27
28
27
24
29
26
29
29
29
31
27
28
30
31
34
33
35
31
28
29
32
29
31
27
26
24
34
29
29
27
27
29
24
32
31
30
32
32
31
30
30
30
27
27
24
24
20
24
25
23
30
27
24
26
27
25
28
27
