876
877
882
887
877
881
861
844
859
860
860
855
847
859
848
842
855
861
858
862
855
855
862
854
853
848
849
865
873
850
849
854
864
858
863
849
845
852
838
838
830
817
831
813
806
802
808
815
849
851
858
844
839
843
841
838
839
841
848
853
855
858
846
859
851
860
852
842
855
849
858
854
852
854
840
832
838
862
858
865
842
837
827
836
843
839
842
846
835
835
852
846
836
831
837
824
824
818
816
820
831
839
824
822
825
824
811
824
814
809
812
799
798
801
801
810
820
826
823
805
810
821
813
812
812
835
844
843
819
827
825
828
843
836
839
854
838
843
864
852
841
844
838
848
858
859
865
861
858
846
840
840
816
833
835
834
821
832
809
829
832
827
820
823
801
800
777
794
804
804
799
811
822
824
829
833
840
836
838
842
832
830
831
830
838
854
843
852
829
840
829
831
848
815
832
831
827
855
856
847
837
825
807
825
824
818
820
821
810
819
819
817
837
839
829
840
834
834
832
830
820
819
820
822
826
835
831
820
834
848
848
830
819
823
805
817
816
833
843
841
848
842
828
851
832
829
821
819
825
840
817
822
847
837
852
854
854
835
828
830
836
842
822
812
804
799
792
797
790
819
828
837
827
839
853
840
816
827
819
830
837
852
848
849
844
842
848
855
831
838
841
822
821
838
850
842
843
853
852
843
855
829
850
828
836
832
859
848
850
844
849
835
836
841
855
867
861
865
861
867
862
844
852
862
853
856
853
837
841
822
841
824
824
826
835
854
852
862
865
847
841
848
853
847
835
833
835
815
815
830
816
827
831
812
836
854
842
851
823
827
843
850
857
848
844
868
857
849
839
826
846
841
836
824
831
825
827
841
851
856
856
842
841
843
838
845
842
844
837
851
829
866
837
839
832
836
833
826
842
829
836
829
817
826
823
841
844
836
835
857
845
843
837
829
848
861
841
821
833
820
835
801
803
805
797
815
818
820
814
810
803
795
772
781
785
796
803
787
805
828
843
829
833
815
816
813
829
820
823
837
839
840
829
820
818
811
829
846
851
838
847
840
836
841
818
841
852
841
831
831
835
845
855
849
838
846
836
843
827
845
861
870
882
895
905
885
873
883
875
871
864
844
862
862
852
840
828
833
831
814
813
818
824
835
850
842
842
857
837
831
831
825
818
821
827
827
817
815
814
829
818
815
826
815
836
836
828
842
838
842
839
846
826
838
840
857
853
853
858
849
851
854
835
841
856
828
838
839
837
837
823
830
833
832
832
829
843
839
834
835
838
846
858
840
842
854
869
856
868
848
856
829
837
833
838
835
841
844
844
843
828
828
814
827
827
840
825
828
826
841
846
842
836
833
823
833
816
829
805
815
828
830
825
825
826
836
845
855
836
841
848
841
828
822
815
803
811
816
820
822
811
806
806
809
810
803
818
811
796
808
809
812
815
815
815
821
806
797
806
809
800
821
809
795
801
802
797
810
816
806
814
818
841
836
837
848
846
863
860
846
862
849
843
854
830
831
835
834
836
850
843
839
847
828
832
841
848
839
827
828
831
840
830
836
828
831
835
836
838
829
851
856
843
843
835
836
848
842
844
856
854
871
866
857
856
853
835
840
849
854
845
855
842
865
870
852
842
824
836
861
860
857
855
848
858
854
850
849
847
856
837
836
816
833
825
829
825
819
816
810
843
836
829
822
807
817
842
831
833
842
835
815
815
813
822
824
812
842
831
831
841
836
847
856
855
839
834
866
861
847
835
845
839
861
846
851
864
845
840
844
847
839
820
840
851
844
854
852
833
836
836
835
829
851
850
851
852
829
818
837
840
838
839
850
840
834
824
829
824
816
820
829
832
817
829
845
847
827
859
854
832
838
833
825
834
842
846
856
864
868
845
863
859
857
842
853
871
842
853
856
828
854
825
842
832
848
856
863
851
867
881
882
877
873
857
876
852
858
841
837
839
841
828
829
821
836
828
821
815
827
833
831
838
845
856
841
839
836
865
854
847
844
838
849
844
843
842
830
829
848
842
847
830
823
845
824
809
825
844
841
855
843
826
814
820
807
808
830
834
832
829
838
820
816
832
844
841
831
840
860
842
844
828
818
802
806
821
813
822
802
808
781
799
816
827
811
803
784
791
791
788
785
784
784
779
798
790
801
810
805
827
833
804
807
818
817
836
853
856
834
847
849
847
832
837
836
845
858
847
841
829
835
844
837
827
826
839
822
819
809
792
808
807
801
790
799
804
809
787
789
789
789
793
787
779
761
753
766
775
794
781
785
776
764
757
772
773
761
783
771
760
763
773
775
750
759
773
787
759
776
768
778
793
804
784
792
794
785
794
800
786
766
795
799
792
801
792
789
778
775
785
799
808
816
810
826
821
802
800
787
789
774
788
787
798
803
788
796
784
797
807
808
805
805
808
823
813
820
802
812
813
803
826
824
809
804
785
797
787
795
783
795
780
783
778
773
771
750
745
755
773
783
790
772
764
763
775
772
764
776
800
795
798
801
815
809
827
823
837
837
843
847
829
825
819
828
833
845
839
829
825
845
827
839
845
841
852
844
868
850
848
837
851
850
840
842
834
834
815
837
827
840
854
842
836
848
857
846
858
845
839
855
857
848
848
831
832
833
814
823
821
811
798
804
823
823
837
837
843
839
828
837
835
836
827
839
831
846
836
823
803
820
805
823
826
820
811
812
822
822
800
801
806
810
798
798
797
801
811
833
832
826
826
834
827
836
840
837
837
828
834
838
835
848
850
856
853
844
840
846
841
851
856
854
858
865
841
853
834
833
826
826
822
813
808
813
816
803
809
799
820
813
816
834
820
819
823
821
817
805
812
818
811
811
824
802
814
819
816
837
834
823
831
821
827
827
816
828
824
822
811
809
816
816
818
823
837
821
830
811
812
819
816
819
814
801
818
819
834
824
834
846
845
846
838
836
825
813
808
815
812
802
811
803
812
812
827
816
825
826
816
820
831
822
809
811
808
798
808
827
819
806
826
816
821
819
797
798
809
800
804
808
807
808
800
786
786
789
785
781
777
799
784
807
804
818
817
822
816
834
828
831
825
823
828
822
816
811
817
807
809
819
832
831
835
817
819
825
848
850
839
849
853
847
850
851
847
832
835
825
831
835
847
836
829
818
829
834
818
817
819
828
837
827
817
793
801
798
809
827
811
810
809
799
796
796
803
795
792
793
795
797
819
806
813
815
828
825
837
849
843
841
838
839
858
859
859
859
841
838
830
827
801
798
800
809
797
812
824
805
824
840
844
841
838
832
841
825
826
838
820
821
824
817
837
819
834
821
806
800
812
794
802
792
813
797
802
811
820
823
839
827
824
828
835
840
846
845
830
814
829
831
810
823
825
807
817
832
834
824
838
832
822
817
808
813
794
814
817
821
825
830
844
847
842
835
826
828
815
817
829
821
820
823
816
824
833
832
818
822
814
826
826
841
840
839
837
844
851
849
841
826
826
811
817
822
807
805
812
813
802
797
806
803
801
784
796
792
808
805
814
819
822
824
814
821
803
798
805
808
815
829
829
814
826
821
813
815
832
830
839
822
832
821
811
817
815
805
795
807
815
824
819
828
825
798
808
816
814
829
812
791
777
783
787
788
778
801
793
803
800
805
793
811
807
810
821
801
824
831
839
829
843
831
838
833
847
846
846
853
851
830
825
827
821
826
826
826
814
816
809
815
830
825
826
803
813
807
820
833
833
814
814
829
810
795
802
800
803
795
820
825
817
804
799
834
826
838
832
823
800
815
827
838
830
848
823
837
814
819
803
806
822
819
817
809
828
829
841
836
822
828
821
842
816
828
826
822
818
819
816
818
815
814
823
806
800
803
805
819
814
822
825
848
846
844
829
830
815
807
808
815
809
828
825
825
819
812
811
811
810
799
813
796
800
798
791
798
795
816
805
804
810
817
825
840
849
812
822
819
807
810
797
800
815
810
800
810
802
804
806
801
801
816
806
835
825
827
815
805
801
809
818
809
816
817
821
820
819
809
804
812
826
829
827
832
843
843
851
848
848
848
841
838
818
812
823
808
811
804
780
786
795
802
809
808
799
809
811
801
800
806
808
810
811
792
801
792
799
792
789
792
791
804
817
813
823
828
837
843
841
839
832
825
825
828
820
837
841
830
823
831
847
827
822
821
813
800
803
812
796
816
820
828
815
834
838
821
818
823
828
831
823
842
849
850
836
844
843
833
832
843
827
810
827
826
816
796
793
819
812
811
816
802
806
806
806
797
800
797
808
807
810
817
814
809
811
797
810
810
829
815
816
806
804
831
828
818
833
832
847
835
831
840
821
841
824
837
822
833
827
824
815
828
827
815
823
826
827
808
801
816
794
822
833
841
835
816
815
791
804
826
813
798
794
779
783
790
784
764
760
779
763
781
796
788
793
818
821
806
816
821
818
821
817
792
796
808
820
810
808
787
789
788
776
777
769
769
766
767
782
792
783
779
788
779
767
763
778
784
776
782
761
769
767
766
776
773
783
756
767
771
785
780
775
789
764
768
780
782
792
792
798
799
800
787
796
782
777
788
779
776
790
791
785
759
770
769
780
788
793
787
783
801
804
803
802
800
803
813
812
813
811
807
789
797
782
792
798
807
790
770
787
780
787
778
783
765
792
794
769
783
779
779
759
775
782
782
790
794
803
810
800
816
798
781
799
818
811
822
820
815
801
807
802
787
805
797
802
790
808
801
792
783
798
785
792
789
795
793
787
790
792
776
774
783
766
779
775
771
767
780
789
785
786
776
782
777
774
761
761
764
764
755
754
763
761
750
759
775
779
787
794
804
790
793
807
802
803
800
798
807
804
805
807
805
800
807
799
810
811
816
783
780
769
775
778
777
759
774
769
778
764
769
771
754
750
763
770
763
760
760
773
775
761
756
772
775
781
774
764
773
762
764
777
773
768
782
771
764
773
789
788
772
794
777
754
754
760
762
763
755
763
755
764
757
754
765
768
760
751
745
760
752
752
763
758
776
785
805
825
792
783
780
776
778
773
779
777
782
797
800
799
797
816
813
817
815
826
810
812
784
789
794
798
793
800
794
766
772
781
767
778
777
795
817
802
804
787
788
798
803
800
789
802
807
792
793
795
805
797
776
769
753
769
776
794
798
815
815
813
807
814
830
830
810
798
799
802
803
808
803
797
784
776
789
777
793
793
807
807
797
787
793
794
795
802
780
791
785
787
786
775
777
779
761
770
762
770
765
770
783
779
779
775
776
785
798
789
796
802
785
811
812
835
816
821
816
814
797
789
791
805
807
807
815
815
811
811
819
810
825
813
806
826
825
815
814
823
817
821
826
825
828
817
821
811
814
801
799
806
810
807
820
812
812
811
799
793
798
784
786
786
797
810
808
803
797
791
800
779
791
784
794
776
809
805
813
796
799
816
808
818
820
823
821
820
816
827
827
825
818
808
806
806
816
819
810
810
792
813
813
814
789
800
780
789
780
770
764
770
771
762
768
766
792
780
774
764
756
770
768
761
771
766
780
783
791
781
800
782
797
807
791
794
802
799
815
823
806
785
772
779
767
765
765
759
776
785
777
796
800
790
781
783
776
769
766
767
773
785
794
794
803
798
780
789
796
798
812
810
823
819
815
820
826
834
814
825
833
839
831
843
849
842
823
836
811
791
810
819
817
818
815
812
803
804
820
812
811
813
806
812
808
823
812
829
826
821
816
820
806
806
809
806
808
797
806
818
828
817
829
815
808
817
795
810
806
805
814
801
796
805
797
812
805
799
805
777
786
775
783
794
796
785
781
787
775
762
775
773
781
774
781
772
786
783
768
775
774
781
785
779
775
767
774
782
778
780
773
779
785
793
781
785
797
797
791
796
791
790
775
781
759
781
758
772
778
764
778
772
759
756
768
774
772
791
800
793
783
790
781
759
786
778
808
777
784
792
764
778
778
790
792
811
796
807
814
821
793
801
803
797
802
782
776
781
764
757
779
778
793
808
779
807
814
798
792
798
798
805
809
806
822
821
807
813
799
815
825
807
806
788
790
803
790
803
802
806
803
796
807
810
802
813
821
820
827
822
815
824
804
814
809
823
824
797
788
795
797
794
802
805
788
790
799
814
806
799
800
800
802
804
782
785
795
818
810
812
814
842
826
833
821
825
825
812
812
809
816
822
796
806
804
804
793
773
798
792
795
801
804
816
816
819
823
820
827
822
810
816
794
804
818
802
797
791
794
817
809
808
805
805
800
791
805
786
794
785
793
790
788
772
789
774
745
764
767
790
778
777
794
799
815
793
792
792
799
792
792
783
786
767
782
766
774
786
774
759
762
767
778
789
802
792
785
801
797
798
799
793
808
811
802
821
808
806
787
793
780
772
779
770
766
754
758
748
765
769
762
772
768
746
765
750
758
747
754
744
756
759
733
739
757
757
739
734
743
746
732
743
744
746
760
765
751
765
777
766
777
763
766
761
751
744
768
769
761
774
782
758
747
742
770
769
765
773
765
754
737
750
752
756
758
768
758
761
772
772
781
769
770
773
760
759
762
756
765
776
775
745
748
758
762
769
741
758
747
737
747
763
772
767
767
772
778
771
760
767
762
769
768
744
749
756
763
767
764
751
757
754
752
769
758
768
770
802
807
807
798
778
796
787
773
762
771
756
753
758
771
787
790
781
783
776
774
778
775
778
771
781
783
777
778
774
775
770
762
759
780
778
773
769
777
766
767
757
748
732
734
734
754
750
750
754
757
743
750
758
762
767
748
753
755
757
762
764
752
751
756
753
749
747
746
731
738
743
730
742
746
761
749
745
753
744
745
731
737
742
739
737
750
749
753
753
762
768
778
788
789
785
798
791
780
777
763
766
765
754
749
758
750
751
735
753
765
775
777
767
758
772
764
759
760
770
767
768
755
752
750
753
744
747
747
753
761
755
770
769
772
753
755
760
747
736
751
741
737
745
747
731
758
760
759
757
760
778
757
761
751
761
749
758
753
734
751
754
745
753
741
729
729
730
727
707
723
709
721
727
715
723
723
748
744
746
741
739
745
741
737
758
751
747
747
755
753
744
747
751
752
754
737
751
714
724
728
730
721
746
748
745
751
743
755
737
736
728
724
723
724
719
735
739
762
744
755
760
767
759
755
762
779
761
748
750
731
743
728
736
747
737
735
722
714
723
725
715
729
723
725
730
738
712
718
728
714
720
721
720
712
713
710
724
727
730
732
740
734
729
744
733
730
734
717
722
743
738
724
718
727
734
721
717
710
713
725
718
724
716
725
733
716
727
742
735
725
725
723
732
717
721
712
725
716
714
720
725
715
724
733
711
715
719
744
727
741
732
739
742
732
720
748
755
768
768
764
754
755
758
763
771
754
757
771
760
749
739
733
744
749
752
755
757
765
760
761
753
768
764
773
771
767
764
784
765
773
767
771
766
753
748
748
741
745
750
730
736
707
724
730
735
720
708
709
717
708
706
707
712
718
725
717
703
718
714
718
727
722
740
738
728
741
740
734
730
754
745
760
745
745
750
739
739
748
753
743
751
759
747
755
749
753
747
745
749
742
741
732
755
747
737
738
749
738
748
741
750
750
753
743
741
728
751
722
718
741
753
755
743
744
741
728
718
722
729
754
755
767
783
770
749
757
754
738
744
747
763
759
743
738
744
739
725
720
702
708
709
726
717
728
726
738
732
742
746
723
728
722
724
729
730
728
739
739
738
744
768
770
773
758
768
756
772
769
756
763
748
750
746
760
760
762
769
763
770
767
753
758
772
773
773
766
759
771
768
756
758
764
766
758
770
773
746
742
745
750
744
738
756
760
762
759
761
763
761
763
743
740
734
728
746
726
732
759
743
760
768
769
775
764
761
752
746
754
758
746
737
731
727
745
756
744
747
747
755
768
769
754
758
772
775
783
767
780
787
769
780
789
790
791
794
792
781
772
781
780
793
775
778
788
773
769
773
770
763
774
762
759
762
773
784
788
778
754
773
782
773
777
765
766
767
780
745
739
739
758
743
751
716
712
742
744
754
754
742
749
757
749
738
731
754
752
742
746
728
724
729
720
727
730
734
737
753
756
751
761
761
768
782
791
775
783
784
761
769
754
748
749
763
755
756
752
739
759
725
745
769
771
756
760
744
732
737
733
747
733
747
745
753
734
752
742
744
759
762
751
736
721
730
740
740
723
731
733
732
729
727
722
719
731
737
737
745
738
738
750
755
766
745
747
741
729
724
720
729
738
734
719
715
739
745
722
729
732
739
736
722
715
722
722
721
728
738
735
745
735
747
738
736
745
744
746
721
709
719
723
722
708
709
705
733
726
738
751
749
754
755
750
764
772
762
762
764
774
776
778
767
762
759
763
767
748
726
728
729
719
721
725
738
734
738
743
739
739
740
759
757
751
756
746
733
734
736
739
736
746
741
759
751
731
742
741
738
722
741
741
740
743
732
718
714
715
704
708
707
709
706
716
716
720
705
714
713
738
734
742
742
744
754
744
734
743
739
723
727
736
727
731
724
737
736
733
737
748
739
740
739
725
729
722
730
720
748
754
741
740
746
747
760
762
775
753
755
750
748
736
734
743
758
755
737
738
749
750
736
745
765
744
753
742
737
733
736
740
751
748
742
743
735
729
732
725
716
717
725
749
733
745
745
761
771
769
772
763
763
749
748
742
758
745
763
756
748
737
721
733
730
734
725
723
702
723
727
724
722
715
725
749
750
770
759
767
771
773
763
775
768
774
772
765
780
759
770
758
767
761
781
770
768
768
759
766
783
780
766
779
779
761
757
766
769
769
774
798
792
789
796
776
773
771
769
763
769
768
774
769
764
741
754
737
728
721
739
724
737
735
751
748
742
746
757
760
772
778
779
771
792
782
785
783
780
786
764
765
774
774
753
764
756
755
769
769
768
768
769
762
752
748
741
747
735
729
742
728
738
743
752
771
759
765
769
771
754
744
737
741
726
717
714
717
728
728
723
719
736
748
760
750
758
756
742
748
740
737
750
743
736
726
724
712
727
728
736
747
756
740
729
741
734
757
752
756
749
742
752
746
738
735
726
708
717
725
733
747
738
740
744
756
735
723
750
734
738
723
742
749
759
748
733
730
725
738
736
717
708
716
726
751
746
741
733
739
747
736
722
728
732
744
767
759
739
760
762
781
766
769
768
766
759
733
761
749
755
763
767
767
781
780
772
773
764
769
775
773
775
755
785
766
767
765
765
760
759
738
738
744
717
713
726
735
740
750
741
741
725
722
720
725
725
752
773
768
766
769
774
764
743
751
744
743
753
767
784
792
797
812
815
809
813
811
795
801
775
749
760
746
765
766
759
762
757
749
755
752
738
721
730
727
728
707
721
715
714
729
727
736
727
709
707
711
725
732
728
717
726
733
733
732
728
726
723
733
730
732
745
742
755
751
747
755
765
753
755
726
726
722
744
730
751
742
751
736
750
762
756
750
751
737
733
734
728
725
717
726
715
723
721
724
708
699
709
702
714
707
724
716
716
732
736
726
725
732
730
737
733
739
755
751
737
749
745
736
746
738
751
746
741
720
730
746
743
767
760
775
775
761
766
767
775
761
773
776
768
763
759
767
764
770
757
754
756
744
729
740
756
762
755
749
765
780
771
763
782
779
777
781
742
755
749
768
752
757
770
752
749
763
763
747
747
744
758
765
762
749
768
759
756
775
776
759
756
751
765
756
749
756
751
770
763
762
762
759
739
739
740
738
733
732
751
746
741
726
721
726
737
731
766
773
770
764
749
757
745
723
712
718
706
723
729
725
721
722
706
718
724
751
738
758
747
748
728
744
754
748
745
755
748
757
748
744
742
748
754
770
760
748
739
739
735
733
735
730
741
744
758
757
759
755
728
733
753
760
765
760
753
743
748
745
761
734
733
737
732
736
751
744
727
737
727
718
733
736
733
747
737
746
744
742
745
745
746
738
739
744
750
737
740
717
700
699
711
709
712
730
726
736
730
723
727
738
724
738
730
728
737
727
718
729
732
733
736
729
730
716
709
721
736
741
749
744
751
750
730
732
710
727
715
720
719
715
714
715
707
711
709
704
714
711
737
728
729
703
724
723
730
724
739
745
726
739
736
750
720
724
735
695
716
706
698
710
707
711
720
725
753
766
753
759
753
745
744
744
744
744
743
746
750
751
743
761
729
722
742
738
744
755
750
750
745
749
755
738
749
749
724
743
739
740
734
741
749
769
769
787
789
777
779
796
800
768
767
761
760
738
744
736
736
735
735
724
725
737
755
757
752
747
745
753
732
726
733
744
746
751
760
760
754
747
746
731
738
746
731
740
727
724
718
716
724
725
726
738
730
738
739
739
733
744
747
743
741
722
728
741
741
745
747
746
727
715
730
725
753
737
739
750
745
759
759
750
775
768
756
739
733
740
735
724
729
716
718
709
704
698
693
702
706
704
697
699
713
711
707
705
707
720
717
726
720
722
724
715
721
716
706
695
690
702
696
711
718
694
707
705
709
712
722
743
723
726
732
727
736
728
725
736
738
735
732
732
704
719
704
700
698
699
707
723
715
712
724
726
723
729
732
729
726
718
704
721
728
736
738
741
745
749
752
756
724
743
725
737
716
720
723
704
711
706
717
728
717
717
720
721
726
726
727
736
725
720
721
715
712
710
725
710
708
723
720
729
716
713
705
704
685
681
688
700
705
699
692
691
689
678
695
673
660
694
688
709
711
725
722
724
729
722
708
703
718
689
694
687
694
699
701
717
716
719
725
716
707
714
715
706
713
708
719
711
710
712
715
708
717
732
739
746
747
743
742
768
757
776
768
774
769
775
753
750
749
736
739
735
724
732
727
740
748
729
722
728
721
705
710
714
725
732
712
703
701
700
701
701
700
717
725
712
720
709
725
721
722
738
738
712
722
732
716
722
712
724
738
728
724
714
697
717
727
735
730
733
733
728
716
736
725
711
728
719
725
715
715
711
733
723
719
712
707
711
725
717
720
720
730
737
722
736
740
743
735
734
735
745
724
732
725
743
742
745
764
753
744
733
737
728
724
735
725
732
713
726
744
742
745
727
725
731
730
713
712
725
721
720
711
707
725
735
730
720
716
724
714
708
707
700
739
742
747
745
736
735
742
728
726
716
717
720
726
733
744
737
752
736
740
727
722
741
730
733
735
747
746
736
722
743
741
747
732
740
738
733
729
719
716
715
733
732
734
735
746
749
760
754
766
754
747
745
730
736
738
739
729
723
726
723
736
731
757
743
749
747
740
726
729
721
721
698
704
695
707
699
713
725
738
709
692
684
681
687
677
681
667
666
681
687
662
676
675
668
671
678
674
671
682
705
722
711
712
701
702
720
719
716
717
718
731
733
712
706
721
725
715
709
725
722
719
724
737
729
718
720
714
716
722
724
722
716
722
717
720
721
716
715
724
710
707
717
715
704
714
714
716
724
723
725
709
699
715
702
707
701
684
703
703
715
715
695
676
688
695
703
693
691
711
687
699
679
700
707
703
704
721
716
693
686
676
688
699
688
689
678
682
679
687
691
679
705
703
716
707
702
707
686
680
692
683
683
693
680
701
699
712
706
697
711
708
698
706
707
706
701
695
680
697
697
691
697
688
688
705
699
713
690
695
701
698
705
726
727
708
691
689
699
686
697
703
699
694
689
696
703
712
709
705
720
708
708
681
685
710
713
725
722
720
727
720
723
727
729
717
727
731
733
704
714
695
702
706
695
715
714
724
708
700
693
707
698
703
700
691
691
697
700
687
683
698
686
705
705
708
693
693
699
709
678
699
670
663
678
679
679
696
709
708
696
710
709
708
705
691
717
700
710
681
684
708
718
716
727
742
732
737
727
724
726
740
732
714
704
694
688
686
691
686
685
680
678
687
682
670
670
693
681
686
683
673
667
672
702
702
701
703
691
696
714
720
717
716
714
709
713
713
708
690
696
695
690
682
697
718
727
730
730
730
724
713
709
713
706
704
687
685
691
703
695
708
717
731
719
729
738
725
742
759
754
740
740
739
754
753
733
751
743
747
746
725
725
718
732
730
715
724
708
716
704
696
690
691
687
690
685
685
696
706
701
712
712
709
717
719
717
708
698
700
703
702
710
692
686
683
670
666
686
689
688
683
672
703
717
732
727
718
698
727
746
743
734
731
730
735
741
742
745
730
727
737
749
737
733
730
736
730
740
752
753
748
759
759
769
745
754
744
744
761
746
755
749
747
727
711
724
704
720
721
741
719
738
733
732
732
752
750
740
754
732
734
749
717
729
742
741
748
737
745
727
725
725
733
719
707
716
702
691
699
674
702
708
705
706
698
712
702
704
713
700
702
710
707
718
713
711
707
707
712
702
687
686
684
688
683
702
697
680
674
671
684
701
711
711
718
719
703
718
708
717
710
696
699
699
709
710
716
721
716
708
722
729
726
725
735
735
737
736
736
742
733
743
733
715
714
708
710
704
708
693
695
700
706
698
704
708
711
706
692
707
696
689
699
690
681
690
705
701
699
729
703
704
698
710
727
727
734
727
720
731
722
718
703
701
694
705
715
729
699
703
705
707
697
703
710
708
697
704
707
692
684
673
656
677
676
688
678
675
676
687
681
676
683
684
689
689
687
684
681
679
680
691
691
702
697
686
699
695
694
680
696
713
727
718
704
695
701
687
698
691
686
682
680
684
686
695
689
689
689
695
691
696
702
716
715
713
710
717
715
704
689
697
680
665
658
682
704
698
703
694
701
707
717
715
715
718
716
727
739
738
723
724
712
721
707
726
713
718
719
710
722
732
731
736
711
714
693
696
697
703
717
706
718
721
722
739
715
692
695
709
706
720
721
710
696
691
675
696
680
698
692
715
721
737
732
741
728
726
717
709
696
696
693
676
686
698
689
708
708
722
720
717
745
725
733
740
724
726
720
734
727
730
720
720
713
700
694
697
707
703
699
698
693
721
723
718
734
733
724
713
729
724
714
708
706
709
710
724
726
725
717
725
717
721
735
729
715
704
716
712
715
705
719
706
699
694
715
714
714
691
694
703
699
687
693
706
716
719
707
725
733
728
745
750
734
727
736
719
721
718
714
698
718
714
719
711
725
729
730
723
716
726
727
719
714
716
728
733
712
709
696
692
693
702
694
693
691
703
695
689
689
695
691
688
699
685
698
717
715
717
713
731
722
714
709
724
722
713
705
695
676
677
665
675
668
687
683
695
689
682
683
687
669
685
701
704
706
711
704
701
690
687
695
707
696
677
696
689
698
694
723
719
700
709
709
732
719
706
707
708
730
730
739
744
722
722
722
707
713
703
705
717
725
709
720
718
721
719
710
714
706
713
714
712
698
708
711
704
701
700
705
694
694
694
706
705
710
702
708
714
700
701
698
709
700
706
723
740
712
706
717
703
711
707
689
700
690
691
710
705
710
699
701
694
676
666
664
673
675
674
674
664
668
672
678
688
691
691
690
697
700
714
706
717
735
716
716
718
722
716
707
712
717
707
687
694
704
696
695
688
716
709
708
703
703
704
691
682
690
702
688
683
689
715
717
726
721
727
719
699
707
694
705
699
688
699
686
690
683
693
693
709
690
680
687
674
675
681
714
717
709
695
709
708
709
719
715
693
688
682
683
666
676
670
665
687
678
682
686
690
700
699
708
704
702
695
688
690
686
682
703
698
698
696
693
699
692
695
685
702
716
716
695
694
719
738
735
708
717
727
721
725
711
711
716
721
738
733
734
727
730
719
726
715
712
712
728
715
718
717
734
729
736
743
746
740
728
740
737
714
713
719
737
729
735
730
716
717
705
701
699
702
686
706
714
719
707
723
719
711
733
712
717
722
714
702
715
727
739
744
730
737
731
718
715
723
713
703
693
710
711
716
715
725
730
724
712
719
714
700
715
723
723
721
736
730
714
725
719
715
734
727
730
744
727
721
711
716
717
725
727
718
714
707
699
716
720
716
703
714
713
716
720
722
713
710
714
729
710
722
715
718
735
719
729
711
680
682
678
688
710
713
717
694
707
717
706
712
709
708
707
714
688
697
702
693
684
682
683
691
687
693
686
701
697
713
690
693
693
691
703
708
692
693
679
679
687
689
693
679
689
698
699
686
695
680
696
706
705
706
694
708
694
695
689
698
687
708
708
710
704
705
721
709
697
682
691
681
691
703
706
713
718
725
730
726
715
724
710
723
714
718
718
712
708
721
711
713
716
717
730
724
730
742
737
723
716
713
720
721
727
721
719
718
711
708
716
708
699
691
705
702
708
710
709
705
703
721
718
723
719
705
724
721
706
710
711
712
706
695
696
690
668
683
695
703
713
706
712
733
736
737
720
728
741
728
719
713
706
711
724
721
707
696
709
721
719
719
725
712
710
707
722
703
691
682
692
714
698
701
678
677
682
682
688
694
679
693
702
705
708
686
670
676
687
693
704
702
690
671
688
703
694
702
688
699
708
706
691
692
696
703
693
690
704
713
722
738
733
715
713
695
690
695
692
693
700
713
700
687
686
690
698
694
697
686
687
684
666
675
687
675
693
687
676
684
683
691
677
677
691
687
686
699
696
712
705
715
716
692
700
694
701
701
708
696
700
696
715
704
702
695
694
683
688
686
690
695
694
683
698
710
697
692
691
692
684
685
703
707
717
693
696
703
702
720
713
721
733
741
736
730
733
727
721
717
710
704
690
714
712
709
713
707
695
694
696
699
691
700
705
710
717
719
725
717
713
718
710
715
729
709
713
713
720
721
720
724
729
705
714
698
707
693
682
683
681
679
667
696
701
698
687
702
692
696
687
686
704
709
697
697
693
688
689
690
690
686
685
688
685
692
704
697
696
709
702
692
685
676
675
681
678
697
692
695
694
688
689
709
696
695
702
706
687
711
709
721
718
713
688
696
711
706
707
713
713
715
704
721
719
721
732
734
722
723
732
741
723
726
730
711
724
711
709
707
708
710
714
711
725
705
720
721
711
709
717
715
725
734
729
703
702
702
706
703
695
688
689
684
687
707
723
731
731
740
738
739
727
736
711
723
724
727
715
694
694
685
689
694
699
703
712
716
721
723
731
714
721
717
738
726
713
693
698
696
703
699
705
696
703
705
691
695
703
702
720
717
730
731
720
713
705
711
697
707
695
699
714
709
711
696
716
714
724
736
735
723
729
713
738
734
729
731
747
747
751
754
738
729
711
706
707
711
730
717
714
723
708
705
702
707
707
703
702
692
687
682
656
676
684
687
685
690
690
680
697
703
705
703
713
700
698
715
701
709
709
715
711
717
706
716
707
707
709
707
712
722
719
711
712
711
711
727
719
724
725
731
709
728
732
727
703
720
715
706
715
703
691
705
708
707
702
714
712
721
719
716
707
710
701
700
688
688
685
697
711
721
722
701
691
686
703
710
699
696
688
709
707
703
700
683
678
694
683
682
687
674
691
713
715
703
703
713
712
721
730
701
701
702
703
690
693
719
707
719
722
723
714
696
687
679
690
703
707
713
709
709
698
712
700
717
705
702
682
688
671
674
669
676
669
667
665
665
667
692
708
706
699
693
694
700
698
686
694
696
689
681
692
701
700
692
692
697
702
710
695
697
696
708
710
716
702
696
699
691
685
703
696
703
709
696
710
706
692
693
668
672
670
671
661
652
647
654
657
664
663
670
665
665
676
685
681
680
693
698
706
697
692
700
692
672
675
679
699
690
695
697
690
708
720
736
731
748
736
732
730
734
736
731
726
706
709
698
686
709
697
724
730
720
729
717
720
721
728
710
719
720
710
727
718
715
720
734
726
716
711
690
700
702
696
688
692
692
695
712
705
700
712
697
718
743
731
725
714
719
717
711
719
731
703
709
714
712
714
719
725
722
716
714
723
719
717
721
707
721
729
733
729
713
708
703
709
700
686
678
693
700
683
698
701
688
680
685
697
708
696
709
686
709
696
695
708
703
704
709
712
705
717
717
723
719
710
718
707
715
725
710
709
708
699
694
707
688
692
704
701
701
700
697
694
695
699
706
708
726
717
715
692
698
701
697
709
684
681
691
698
696
692
694
705
724
713
704
709
719
708
721
706
711
718
734
731
734
708
715
717
714
718
697
694
702
696
698
700
709
699
710
715
700
700
685
678
672
676
671
677
685
666
649
669
671
669
673
679
675
700
704
695
680
693
689
694
685
687
680
682
672
675
677
677
682
671
674
683
692
687
716
693
683
675
689
692
673
683
674
670
683
713
701
693
697
693
708
690
692
691
696
697
689
689
686
673
679
682
682
679
704
702
705
690
687
687
692
690
694
695
694
697
699
705
678
684
677
681
692
713
696
681
698
696
699
702
690
694
688
695
687
676
673
673
682
685
678
686
672
683
676
673
681
684
673
690
695
678
664
660
678
702
691
686
691
703
694
702
708
706
698
697
696
697
696
694
697
693
683
681
688
675
663
658
676
677
682
683
679
698
690
697
696
691
685
709
694
692
691
681
674
694
689
685
674
679
664
676
672
669
677
668
658
666
663
679
687
686
690
693
701
685
688
692
683
690
687
676
679
677
677
688
683
704
689
686
680
672
662
665
653
666
682
673
672
675
672
682
696
687
673
673
679
683
691
688
688
691
690
692
702
695
695
702
710
714
692
674
688
674
666
673
668
674
682
677
676
679
679
686
687
692
694
695
685
683
691
692
688
690
691
687
695
688
677
687
675
663
676
680
668
688
673
671
670
656
679
665
686
677
686
671
683
670
669
671
678
672
679
665
677
682
662
660
662
678
671
689
705
707
703
688
700
697
709
708
703
678
676
673
674
680
686
670
678
671
673
680
678
680
672
694
694
675
676
677
677
675
680
698
698
693
699
698
689
682
683
683
680
670
680
683
698
705
705
691
692
676
675
681
669
700
691
694
696
688
693
685
673
665
665
662
668
680
686
665
679
686
703
692
681
698
683
674
684
670
678
690
686
676
669
666
672
669
649
654
641
648
647
654
657
667
661
649
649
643
659
664
648
654
654
652
658
685
673
660
672
669
667
681
679
665
658
659
661
660
672
667
664
673
679
671
670
678
691
681
679
684
685
676
677
677
689
679
686
692
681
683
686
685
672
664
667
660
659
665
659
643
651
648
667
666
658
668
663
663
677
680
676
674
667
671
679
678
671
662
660
660
649
665
665
674
662
648
657
661
646
616
637
643
646
638
654
652
643
629
616
628
621
617
581
591
615
620
606
617
621
614
620
631
635
633
624
622
632
629
627
635
632
620
622
619
624
621
640
632
632
644
634
619
651
652
647
662
659
656
663
676
673
662
657
638
656
646
646
657
649
655
635
651
653
635
641
638
634
657
660
655
651
664
647
641
651
664
663
665
655
649
651
657
652
634
632
624
637
632
623
633
632
635
624
626
619
622
622
618
636
626
611
644
635
645
651
645
653
653
665
664
654
657
673
667
654
658
660
654
647
650
655
638
644
645
617
640
622
638
647
660
646
641
644
639
646
642
645
648
645
653
649
661
679
671
672
676
673
672
684
693
692
703
680
679
690
687
682
684
689
684
691
688
697
695
692
697
691
669
688
656
658
653
644
644
651
659
677
668
664
658
666
645
660
657
668
649
666
644
652
659
667
682
673
658
659
670
670
669
680
675
664
630
643
648
645
659
655
646
653
674
663
669
671
672
652
662
655
666
659
657
666
664
657
656
670
660
659
672
667
657
650
649
658
659
660
670
654
668
669
660
657
667
672
687
693
678
681
687
679
679
686
683
682
691
682
685
681
686
687
679
654
658
662
673
659
668
666
667
671
668
698
700
696
695
686
682
668
658
675
658
667
672
677
677
674
658
657
658
639
632
642
626
621
633
634
664
665
663
654
659
652
659
658
676
669
668
688
674
680
666
668
663
649
645
647
649
650
658
664
664
651
644
656
658
653
657
675
687
684
684
691
687
687
691
678
684
682
673
658
669
667
647
655
653
654
648
642
655
652
668
660
684
677
666
662
649
654
665
680
672
668
674
664
685
669
664
683
656
674
667
669
664
663
658
671
671
660
674
674
667
663
667
662
669
658
653
662
671
685
667
658
662
665
662
658
654
663
664
670
663
665
658
668
664
665
663
668
665
668
654
653
657
687
689
685
691
700
698
683
678
691
672
672
669
659
670
667
671
666
668
657
678
658
677
694
684
685
700
680
670
671
666
672
670
652
664
670
679
669
673
672
675
672
669
656
658
650
637
653
634
645
635
640
656
635
632
625
645
645
654
657
655
653
654
653
651
649
655
644
661
657
667
660
666
660
658
657
667
661
666
656
665
675
692
681
664
666
658
663
664
678
660
653
654
641
642
651
642
649
652
645
637
655
647
655
647
659
652
650
647
654
636
638
638
651
639
652
658
670
663
650
642
674
652
637
631
640
656
653
662
656
649
653
663
662
664
663
670
674
658
656
673
662
656
661
658
651
647
649
670
665
661
663
651
646
650
655
660
641
652
632
645
662
639
646
665
667
657
662
672
676
674
659
669
662
651
642
646
639
636
660
648
648
640
651
656
640
647
643
641
654
640
645
648
642
645
650
651
648
649
641
641
629
639
641
657
661
646
635
648
638
633
653
648
639
644
645
629
631
638
643
636
646
641
659
666
662
676
674
683
673
670
661
654
649
650
657
662
671
668
649
666
664
666
662
649
658
660
648
647
642
652
656
656
637
638
632
625
632
640
637
648
654
655
654
647
642
641
651
647
653
633
626
630
627
628
629
616
614
617
621
622
615
626
626
625
623
626
638
637
622
623
617
640
628
638
636
636
643
627
632
637
614
627
631
624
628
619
627
620
614
624
628
627
633
665
665
666
644
653
655
661
658
663
656
665
661
666
661
637
652
647
634
634
624
632
637
627
642
654
654
651
645
646
651
661
663
665
655
656
655
644
652
648
660
654
649
647
670
654
647
662
648
643
640
639
640
639
651
644
643
651
645
647
644
649
654
662
668
661
666
657
653
640
643
645
632
639
636
638
636
640
638
640
643
649
657
663
661
663
659
657
656
636
639
647
640
628
635
623
620
621
614
621
621
628
638
620
641
638
645
638
621
610
630
633
636
627
638
643
635
645
636
642
650
653
671
661
658
649
633
625
636
648
648
635
641
642
643
632
651
646
649
644
628
646
634
617
624
631
644
641
633
609
613
639
626
629
616
635
644
638
636
645
635
621
631
633
637
665
666
660
653
653
653
656
657
648
654
653
656
666
654
657
648
649
660
659
659
674
663
671
665
686
679
665
668
681
682
683
657
656
654
667
657
646
650
651
654
657
658
653
647
646
647
668
659
646
636
630
627
637
639
637
639
652
651
643
645
644
652
645
640
656
621
619
620
637
648
646
643
646
634
640
650
661
657
649
652
656
651
643
640
647
634
647
645
644
644
622
636
638
635
645
663
655
652
644
641
637
619
611
601
612
615
618
617
634
630
624
633
650
633
623
635
625
625
620
643
635
631
637
633
641
655
669
651
657
658
657
649
652
654
656
646
656
643
625
625
628
630
657
649
656
650
645
632
635
637
636
633
640
632
618
625
617
620
611
618
619
626
629
645
647
647
642
639
639
639
638
628
624
628
624
615
600
608
606
605
610
620
638
624
632
638
641
647
648
652
642
635
638
626
619
632
638
639
645
629
641
642
642
629
638
634
631
638
641
651
651
650
653
660
649
661
651
659
655
661
666
652
668
669
667
658
650
663
664
678
671
672
675
677
673
684
679
672
668
656
657
662
670
667
662
654
657
649
655
649
622
628
637
625
622
624
638
646
651
648
631
609
623
605
613
605
605
611
607
624
615
587
597
607
606
619
638
625
628
619
633
647
643
651
637
629
627
636
630
637
620
628
633
628
624
626
633
619
615
628
619
617
617
616
621
621
631
632
628
635
641
648
657
651
642
639
648
652
661
650
665
656
656
660
651
655
650
651
651
645
623
622
619
627
627
616
609
623
634
627
644
649
646
644
660
661
659
662
645
646
656
666
659
667
661
666
672
667
674
663
658
645
639
628
627
638
614
618
627
628
631
641
638
617
636
630
621
617
621
631
617
613
602
605
599
619
627
622
635
636
651
665
671
654
652
654
652
643
637
621
627
635
639
651
647
648
648
657
642
638
632
631
621
630
638
638
643
641
654
644
653
650
639
625
635
626
636
644
655
649
654
658
650
652
647
644
639
628
638
632
638
635
637
654
637
640
634
630
637
645
664
666
648
658
660
655
651
660
657
656
653
664
669
661
665
654
648
642
664
667
649
644
653
644
654
653
659
650
664
666
658
642
640
647
653
662
646
641
649
649
656
649
643
638
632
631
628
644
650
634
653
646
649
657
653
637
643
641
634
632
634
654
651
643
650
633
632
625
640
645
655
658
661
656
651
645
658
653
661
654
667
647
651
671
651
658
658
665
652
646
644
635
641
636
647
647
640
629
640
629
625
625
629
620
623
608
613
609
632
634
635
647
641
640
628
648
639
645
630
635
633
622
615
621
626
633
636
642
640
664
652
656
643
636
630
618
616
623
629
624
627
647
645
626
633
626
635
646
654
644
645
644
628
638
642
642
643
650
654
657
646
652
652
639
649
647
665
670
677
679
666
657
664
657
645
639
636
634
647
656
666
674
681
677
665
643
638
648
640
646
651
649
650
671
670
663
659
641
640
660
657
652
639
636
643
637
649
658
669
660
655
660
684
658
626
644
635
640
630
636
640
647
649
646
654
661
662
649
647
656
641
614
629
632
632
642
640
654
645
630
633
635
632
642
639
636
634
628
631
630
631
635
638
635
637
630
632
649
647
655
663
662
663
662
657
661
656
644
647
640
632
623
623
624
605
620
628
641
646
631
639
644
641
633
620
630
641
638
636
630
636
633
640
633
632
650
629
620
631
629
627
628
623
628
634
625
632
635
623
634
622
627
604
631
629
610
609
617
608
617
623
630
615
616
606
603
612
615
616
617
619
642
639
640
648
650
638
643
655
652
652
637
635
626
624
636
625
638
624
631
653
658
659
662
655
653
649
640
644
648
640
644
643
655
657
646
633
644
648
649
643
637
635
638
628
643
652
659
656
655
648
658
667
663
657
639
632
640
638
646
633
632
636
628
626
625
627
639
626
626
642
663
653
650
634
624
642
644
670
669
646
641
640
638
656
663
651
655
643
644
654
650
657
633
648
647
655
648
639
641
638
661
666
657
672
667
658
648
637
658
659
661
648
648
650
647
661
658
673
656
643
651
635
646
651
642
649
654
664
666
653
655
662
662
656
660
662
656
674
657
663
654
644
656
649
649
626
640
635
627
639
640
645
648
638
649
666
661
666
658
648
653
655
647
642
659
659
660
638
662
659
659
674
675
664
664
667
651
662
655
649
651
647
641
653
670
673
657
638
656
654
658
640
654
627
651
642
628
651
647
638
645
640
644
641
633
636
638
619
629
634
624
640
634
636
638
643
639
635
645
642
639
634
630
646
644
655
664
656
657
635
656
655
643
647
635
632
629
650
654
645
647
666
655
653
649
653
670
648
661
654
668
666
659
645
647
645
648
656
651
654
651
653
691
677
677
675
663
659
658
660
658
664
642
647
659
645
644
643
645
645
635
635
633
647
653
654
643
643
642
649
646
646
652
642
664
657
673
676
686
683
689
696
688
690
682
677
669
670
667
653
654
656
648
653
673
658
667
663
649
652
668
666
665
650
640
626
642
652
646
631
641
629
642
644
643
636
646
649
649
672
666
670
675
652
670
676
673
658
653
656
646
636
657
656
660
662
664
660
664
660
657
675
667
660
642
661
652
652
656
658
654
655
649
659
649
650
650
658
668
669
669
667
674
670
668
676
674
662
648
666
651
649
662
658
659
667
662
669
651
661
661
661
675
677
667
652
661
669
672
673
675
679
684
682
682
663
680
694
682
671
673
665
673
669
639
649
639
645
641
620
610
611
616
606
619
592
609
606
609
622
622
630
648
655
661
667
656
653
640
650
641
647
634
648
648
649
651
653
645
643
639
643
634
639
622
651
641
643
637
638
641
665
649
646
633
650
652
654
660
646
638
661
663
660
658
666
672
666
671
675
660
670
677
665
664
653
667
660
648
661
645
646
670
656
655
643
660
662
669
655
657
668
672
670
668
677
685
673
668
659
655
660
663
670
674
671
668
661
675
665
659
652
651
666
662
658
660
653
642
651
647
664
663
653
651
666
663
670
653
661
647
647
648
665
665
672
675
683
667
668
662
656
647
646
647
644
646
637
656
651
645
637
638
627
624
625
624
627
620
633
630
618
636
633
616
636
638
643
652
653
645
628
647
644
628
622
633
644
645
648
647
640
650
652
656
656
653
636
638
639
625
611
625
629
637
646
647
637
640
626
646
646
632
643
665
649
643
630
634
647
623
633
638
654
651
654
641
626
630
638
641
620
631
635
638
649
646
629
639
638
644
657
667
662
664
639
643
631
643
620
631
664
655
653
651
654
653
648
649
651
640
637
646
649
652
637
638
649
652
642
651
637
639
634
630
623
625
633
633
651
653
649
654
667
654
653
667
666
644
649
649
648
646
658
649
653
661
653
651
641
655
652
639
648
651
642
646
637
628
614
624
625
630
628
641
645
631
627
618
616
616
607
629
633
634
641
643
643
654
646
636
628
653
644
631
651
652
635
651
655
662
644
