333
331
327
333
342
328
330
327
318
309
314
309
309
308
322
312
313
318
321
326
318
306
296
304
310
319
318
308
308
300
299
304
299
296
313
312
319
307
321
322
328
325
324
306
314
315
307
307
301
310
314
325
328
319
317
325
330
327
326
334
331
337
340
344
351
365
351
356
365
361
357
353
357
358
356
361
354
350
339
345
355
344
342
346
346
338
349
352
354
341
335
332
337
349
339
339
322
338
338
337
331
330
344
342
339
333
326
322
306
324
328
323
331
319
319
314
315
310
308
312
318
304
302
298
314
309
308
299
309
309
328
324
330
318
322
299
304
302
305
298
303
315
321
321
320
320
314
316
309
322
309
321
311
305
297
301
310
307
317
306
316
316
317
320
336
329
324
326
313
319
311
307
299
305
311
303
307
306
318
320
324
318
315
310
310
319
325
327
321
313
310
304
309
308
312
300
302
299
301
302
305
309
308
312
315
318
315
322
324
321
325
317
314
308
317
312
310
316
310
300
315
311
325
323
332
325
321
310
308
301
292
307
306
305
313
317
310
314
323
316
311
317
320
315
314
315
312
328
317
314
311
303
304
305
313
310
308
300
301
308
322
308
307
298
290
283
281
288
293
299
300
298
296
291
288
297
288
281
293
292
301
309
315
319
301
308
294
289
297
295
292
289
287
298
293
301
296
308
298
299
305
301
299
299
298
295
298
297
301
308
288
291
287
297
290
286
291
297
300
297
294
293
292
275
275
285
284
273
285
297
306
307
303
317
316
317
312
313
305
294
290
297
289
287
293
305
306
300
300
293
295
297
298
299
304
302
305
302
297
305
310
306
300
311
315
313
306
310
316
312
310
315
307
308
296
303
308
315
309
309
306
314
304
298
286
290
297
292
290
285
282
281
286
296
286
299
288
293
291
297
295
306
301
287
297
291
283
287
288
294
297
293
295
287
300
310
305
306
311
314
304
308
302
306
308
305
298
309
305
309
304
299
303
307
308
302
302
304
304
320
304
301
308
298
304
305
294
289
281
287
290
296
291
292
298
284
281
290
296
301
298
297
299
290
287
288
285
281
277
276
288
286
286
284
281
294
291
284
305
310
305
309
294
293
285
289
283
297
304
296
296
291
295
290
286
276
288
284
289
294
311
305
297
293
287
296
290
294
277
282
284
280
280
280
277
270
279
276
269
269
269
269
275
267
273
280
269
270
266
270
267
273
277
288
295
295
306
298
301
308
315
316
315
316
311
303
306
298
297
291
302
290
285
295
292
293
295
308
305
314
321
322
315
311
305
303
306
293
298
289
305
297
295
294
276
275
283
274
272
271
264
276
289
284
292
292
305
290
294
288
295
296
299
286
290
299
282
285
295
289
281
290
294
286
288
287
297
283
282
294
297
306
295
298
307
287
294
289
308
319
310
308
306
309
301
301
298
289
291
297
294
295
291
297
299
294
295
285
289
292
289
292
292
284
285
284
296
282
290
296
285
277
278
291
293
284
293
292
298
297
302
317
327
314
326
319
304
322
318
305
299
297
298
306
291
292
289
290
299
302
315
313
312
304
296
304
307
302
300
289
294
297
300
304
296
295
300
298
299
290
281
287
278
278
277
283
277
266
265
269
267
278
275
268
252
257
265
267
258
250
247
251
254
254
255
263
257
265
269
276
276
273
279
279
267
272
275
283
270
261
269
281
272
279
286
289
273
276
285
285
285
283
288
294
296
292
283
284
288
284
267
276
282
283
280
279
257
267
264
265
270
271
271
266
260
262
265
262
259
259
253
246
239
255
249
259
250
266
257
260
255
254
246
258
249
248
243
251
244
248
256
257
261
262
271
272
270
267
265
265
268
266
272
275
271
267
259
259
253
253
255
248
252
261
267
260
259
259
248
250
242
243
239
232
230
239
239
244
248
256
241
236
238
256
260
254
253
240
249
238
245
258
259
258
255
267
261
260
267
259
259
243
255
255
251
247
243
247
245
251
253
254
259
260
257
255
253
247
249
247
250
248
243
235
240
234
244
247
247
250
247
259
264
274
276
267
276
268
263
256
259
261
260
256
246
257
249
255
243
252
251
252
255
257
258
261
256
261
261
263
266
269
274
271
258
255
255
256
261
259
261
258
254
250
256
256
257
249
257
255
260
259
253
252
263
257
252
246
252
243
245
238
240
243
246
246
242
247
244
248
259
244
258
265
265
259
256
265
258
254
252
240
246
240
254
245
249
250
240
254
260
269
255
245
250
242
248
250
268
266
262
273
275
270
257
255
261
269
259
255
263
256
255
255
251
247
250
248
247
247
248
256
247
253
261
265
258
252
255
259
256
263
262
268
272
257
266
255
259
252
253
247
257
246
244
258
255
259
247
258
250
255
262
255
250
257
256
249
241
251
245
246
248
252
244
245
239
243
243
244
246
246
248
255
254
258
255
255
251
261
266
265
260
263
252
249
243
241
248
244
247
255
256
259
263
246
256
253
265
266
270
275
266
266
268
264
258
259
265
265
270
266
258
244
245
242
257
265
254
250
251
253
251
257
262
255
256
253
267
253
256
262
263
256
257
260
262
262
255
265
259
259
275
263
265
269
262
265
259
276
277
265
264
250
244
231
225
231
228
231
234
230
220
219
224
215
205
213
216
215
215
227
215
223
211
220
215
222
222
217
217
216
215
215
220
217
215
209
196
206
206
194
196
209
199
198
197
202
200
201
199
196
204
200
197
191
186
189
186
191
194
198
204
204
208
206
201
194
204
209
197
197
195
207
208
207
194
202
200
203
202
202
205
202
197
209
198
197
199
194
194
191
197
198
189
187
195
188
196
194
195
194
192
186
194
192
193
191
183
196
188
177
182
185
186
190
194
195
198
208
199
205
199
200
207
201
205
199
201
200
200
197
200
202
199
205
207
208
211
210
208
201
202
196
190
196
196
203
203
191
184
189
190
194
194
190
198
206
206
200
190
193
192
189
187
207
197
198
193
189
181
172
166
174
174
170
168
175
183
182
185
185
181
189
185
180
181
191
189
188
194
187
187
179
175
175
177
181
185
182
178
186
186
187
186
191
188
185
185
189
192
198
194
197
193
196
199
194
193
185
187
182
176
184
186
180
183
183
175
167
166
178
171
175
174
176
177
177
170
177
173
170
176
174
173
175
179
176
168
170
181
177
181
184
185
180
180
176
173
172
175
173
167
169
178
174
182
180
183
183
196
190
208
202
199
206
206
204
205
205
200
202
201
204
200
196
190
198
206
210
194
197
186
202
202
209
215
206
202
212
213
212
217
209
203
191
197
190
191
186
192
187
187
184
178
180
185
186
194
201
209
207
206
207
200
198
204
194
201
205
202
200
198
197
206
205
204
214
206
211
205
211
203
202
200
208
201
190
201
203
196
200
204
196
186
190
191
188
188
181
183
177
182
187
188
188
192
188
192
196
200
202
198
189
191
198
200
198
203
205
197
207
207
203
199
205
206
207
211
207
210
193
197
193
196
207
215
216
216
209
209
214
208
209
203
206
209
206
199
206
205
210
203
206
201
199
196
201
200
204
194
203
204
209
202
206
217
209
214
206
205
198
189
203
205
194
190
184
179
183
172
178
191
188
187
186
188
184
177
181
181
178
177
182
178
183
182
191
193
191
191
189
185
188
180
184
196
193
198
196
200
201
211
209
203
202
197
197
194
189
193
192
187
184
196
180
180
186
173
176
174
176
190
178
184
179
179
183
187
183
175
169
182
192
182
176
182
197
195
190
193
187
190
190
192
191
203
204
208
202
201
203
195
188
187
190
191
195
200
198
189
188
184
191
187
179
185
186
179
178
178
172
172
167
171
184
182
178
178
175
177
173
173
165
164
172
180
179
181
174
179
183
191
194
183
187
188
186
182
196
187
184
184
178
177
176
182
172
177
176
172
175
178
179
179
181
189
188
178
188
183
177
169
173
179
170
176
173
165
167
169
182
178
175
166
171
174
174
167
168
173
171
178
168
163
153
160
156
165
166
178
182
190
188
189
185
185
187
181
185
182
183
185
187
191
187
183
183
188
176
182
178
177
171
168
180
189
188
185
189
183
180
182
184
182
181
185
186
185
194
184
185
180
179
183
193
190
195
192
190
190
187
190
187
192
195
195
190
183
195
199
192
188
189
169
185
192
199
192
192
194
196
193
192
195
197
191
186
192
191
189
185
185
192
184
176
182
177
173
169
174
172
178
166
177
169
174
180
180
174
172
170
167
171
172
171
162
172
172
173
181
181
184
187
187
182
182
180
183
173
176
181
176
176
175
173
169
174
172
168
154
158
149
151
156
152
157
155
157
151
151
151
153
150
152
158
159
159
159
154
160
163
169
168
164
163
167
165
162
151
157
153
152
153
153
156
158
162
160
153
156
163
162
166
158
154
156
156
160
173
176
171
163
172
174
171
168
176
175
173
164
166
165
169
168
163
170
169
165
169
168
171
166
158
162
170
170
164
163
153
155
152
150
149
147
152
149
159
154
154
156
164
162
159
159
154
146
154
158
153
159
164
165
163
157
161
157
157
166
158
156
165
166
163
160
155
149
152
153
157
163
169
161
167
167
168
170
165
159
153
162
157
167
157
164
166
164
168
173
170
164
164
153
155
158
159
149
160
155
155
165
157
157
156
159
161
163
168
158
161
159
157
160
155
162
160
164
159
160
158
164
161
168
165
168
165
165
165
165
169
161
171
174
172
171
176
168
167
171
174
161
164
161
158
165
154
150
155
162
165
160
169
167
174
168
164
162
156
149
154
160
156
156
158
159
161
169
174
167
160
164
161
157
154
169
176
166
168
169
165
156
160
160
162
164
163
165
163
156
163
163
161
158
157
149
146
134
141
146
144
139
147
151
149
153
147
150
148
150
147
147
152
159
151
155
160
164
173
172
170
164
158
168
170
165
172
165
170
161
162
163
170
164
171
173
178
167
168
165
170
165
177
168
166
165
163
161
158
158
154
158
162
157
163
158
164
164
161
154
149
147
142
143
148
150
148
145
147
150
148
149
146
147
141
137
141
140
143
148
148
153
162
161
146
147
144
139
148
150
144
147
150
147
149
155
161
162
162
165
170
164
158
159
151
154
159
154
151
149
151
145
148
149
152
149
150
151
148
154
148
149
142
144
145
142
142
132
139
147
147
148
142
142
143
136
141
142
141
138
134
132
129
126
137
135
138
134
138
139
152
149
157
158
148
139
147
135
148
148
151
150
156
151
150
148
152
151
142
140
142
140
144
139
152
148
145
149
146
153
148
139
138
137
136
143
143
145
145
138
144
153
142
148
146
141
139
153
144
145
129
132
128
131
129
133
135
135
124
124
125
118
129
127
128
125
117
114
113
112
108
116
115
115
114
118
121
123
118
124
124
124
130
124
132
141
141
138
136
126
122
129
116
126
125
120
111
107
116
117
106
112
112
116
110
111
120
129
127
128
136
135
145
133
143
133
141
123
131
134
135
139
134
131
130
133
123
118
118
122
118
115
120
123
126
115
120
117
114
121
122
127
127
125
129
121
131
128
126
134
132
135
138
142
139
137
143
144
130
127
115
118
115
108
118
115
116
115
117
122
119
114
116
115
115
116
104
102
105
106
117
113
108
110
109
112
118
120
126
125
120
121
122
122
126
122
119
113
120
115
111
116
115
114
119
120
113
110
115
121
123
124
123
130
123
120
118
120
123
119
117
125
118
117
110
109
109
104
103
110
115
115
110
106
105
104
98
107
107
110
115
121
114
106
105
105
113
111
109
109
110
105
105
104
111
107
116
106
110
114
120
120
113
113
114
112
118
115
112
112
109
108
110
111
116
119
111
108
118
115
110
111
111
117
122
116
114
120
117
118
117
117
126
128
125
122
125
125
131
122
122
115
120
110
112
111
108
113
108
109
110
111
110
102
103
101
106
106
102
105
108
102
102
106
101
108
103
107
110
114
115
117
113
111
121
116
111
113
104
109
112
108
100
109
105
101
101
99
97
98
97
99
99
102
99
96
95
97
100
98
99
89
93
90
99
103
102
103
101
102
104
100
105
101
102
97
106
103
103
108
112
110
114
107
104
108
104
99
102
106
101
103
100
102
103
98
99
103
99
99
104
104
104
104
97
103
102
98
97
94
96
99
98
95
102
97
102
101
107
101
103
98
89
85
92
90
87
88
96
87
94
93
97
91
91
103
106
109
109
111
104
108
103
101
107
105
101
97
100
97
94
92
101
100
103
104
102
106
99
101
98
102
98
101
102
96
99
100
99
98
97
98
101
103
103
102
99
103
103
100
104
105
109
107
98
94
98
96
94
97
94
99
98
98
103
101
98
99
101
101
107
111
105
106
100
102
109
108
105
99
104
102
105
97
94
95
91
98
100
102
104
99
101
104
110
108
96
95
99
95
100
97
102
100
103
97
104
103
101
98
91
91
93
92
96
91
91
105
108
93
93
99
101
96
95
96
97
98
99
100
109
101
108
101
103
105
98
97
101
103
97
106
105
107
105
95
96
100
96
109
103
99
99
95
97
95
97
89
88
92
94
88
87
86
83
86
84
84
78
90
94
99
101
96
96
98
99
97
94
94
95
93
91
88
92
95
102
105
103
104
101
101
106
108
105
104
108
112
112
107
110
111
108
98
100
100
106
103
105
102
102
104
104
97
91
87
93
90
91
87
89
95
89
90
82
84
79
86
90
82
89
88
86
89
96
96
91
92
92
89
88
95
95
94
104
103
102
99
102
108
104
99
99
102
93
97
91
91
97
90
84
91
93
97
96
93
87
88
88
94
88
89
91
93
89
92
86
84
81
87
89
99
99
98
91
91
93
82
84
92
95
91
85
84
82
78
76
78
82
83
82
85
82
80
81
85
83
81
80
76
80
84
86
74
80
82
82
81
72
72
72
72
72
71
72
74
80
75
72
73
69
68
67
69
70
68
74
74
73
71
68
71
80
76
78
77
76
77
77
78
80
77
74
73
68
72
72
73
73
67
68
71
75
77
76
67
71
73
64
62
58
57
58
60
70
65
66
66
66
67
66
74
80
81
81
80
80
77
76
75
77
80
84
79
85
73
78
76
81
78
84
82
81
86
84
87
84
76
78
77
77
76
88
87
86
86
82
84
77
81
86
84
90
89
89
79
77
85
86
83
87
83
84
84
85
84
84
89
85
84
82
82
83
81
81
79
82
82
86
76
70
73
84
82
79
81
89
87
78
84
88
81
84
84
81
81
72
70
74
70
71
77
89
86
84
82
85
75
79
88
89
88
88
84
85
81
79
75
78
77
74
80
74
77
77
78
74
80
79
78
81
77
74
79
74
75
73
74
78
78
76
74
78
79
76
75
78
77
76
74
80
84
85
84
83
77
74
72
70
65
62
76
75
78
79
77
79
79
81
75
81
76
71
75
77
78
86
84
92
92
95
84
78
78
76
79
78
77
89
87
88
85
82
85
88
83
81
87
92
86
87
88
80
82
86
76
73
76
73
82
82
79
76
75
78
77
75
76
77
74
74
69
71
70
70
69
74
74
71
79
81
77
77
73
77
75
74
76
76
73
81
74
72
68
64
73
73
65
69
74
69
65
72
75
78
83
77
80
74
74
71
69
71
73
76
76
75
77
79
80
74
77
75
81
83
85
81
79
79
84
78
77
78
74
70
67
68
69
63
68
67
70
67
65
69
66
64
67
67
63
65
64
60
63
54
60
60
62
62
67
70
69
65
60
63
68
66
66
68
76
71
72
78
73
66
70
64
65
66
65
64
58
60
60
60
63
65
64
62
67
66
70
66
67
75
70
72
66
62
65
67
66
66
71
62
65
72
73
74
70
73
71
66
69
69
73
68
73
70
68
68
61
61
62
59
59
62
67
64
71
72
73
67
69
68
74
66
69
74
71
68
67
69
69
75
69
76
75
73
75
76
74
73
68
67
68
68
74
73
75
78
76
76
65
63
65
65
68
77
72
73
72
74
66
65
68
65
62
70
71
74
78
72
77
76
74
77
71
71
66
67
66
64
64
57
62
61
67
66
63
61
65
63
66
67
65
64
63
59
57
59
59
66
66
66
70
69
67
71
70
73
75
71
67
66
63
63
63
71
64
66
60
62
61
60
57
59
57
63
63
61
60
60
63
63
61
59
64
66
60
63
63
68
69
71
64
63
69
63
64
62
63
63
65
65
64
60
65
56
55
58
61
53
57
55
53
51
49
53
47
52
46
47
49
52
56
58
56
56
55
56
53
51
53
52
52
49
50
47
49
51
52
52
47
53
52
53
53
48
54
57
54
55
56
55
53
54
57
60
56
61
61
61
60
59
59
63
61
59
63
59
64
61
58
58
60
60
65
65
69
68
65
65
69
63
58
63
64
63
63
66
65
63
62
63
65
62
62
62
64
67
60
65
60
57
61
59
58
57
55
55
57
61
59
57
57
57
65
62
62
61
66
64
65
61
62
56
61
60
59
56
65
60
62
69
66
64
64
64
68
69
65
59
59
56
58
58
63
63
65
57
59
60
63
60
67
61
60
61
59
66
62
63
61
61
64
59
61
59
58
55
59
60
59
67
74
72
72
75
76
79
73
72
69
70
73
72
71
68
66
66
62
61
63
62
63
66
65
61
60
54
57
58
61
62
61
57
60
62
63
63
65
66
68
65
71
68
65
61
62
61
60
55
60
65
64
62
61
62
59
67
63
66
64
64
58
59
64
64
55
61
58
60
55
63
63
57
57
61
62
63
62
63
61
62
57
59
55
59
59
65
56
60
62
63
60
63
64
62
60
56
58
58
61
57
53
52
58
53
53
57
59
65
66
68
65
60
55
56
53
58
57
57
55
48
54
56
65
60
56
55
53
54
56
54
58
59
56
56
47
51
55
60
58
60
62
61
55
55
53
51
53
56
54
57
55
55
60
61
61
60
69
66
65
69
69
70
69
65
61
70
69
65
66
69
74
73
71
70
65
73
67
69
67
66
69
71
70
72
72
76
74
72
71
62
65
63
67
64
61
58
56
54
51
56
59
63
58
61
60
62
57
53
55
51
51
51
56
55
54
56
57
64
68
61
60
55
56
61
62
63
60
59
62
60
58
56
58
59
54
58
61
55
54
53
51
52
55
59
54
51
58
60
58
58
56
54
54
50
55
59
56
57
53
51
57
54
54
55
57
57
65
59
61
58
59
64
59
58
65
61
63
59
62
61
63
63
62
57
55
64
59
63
58
56
59
59
61
60
57
54
62
66
62
56
62
61
68
63
64
66
65
64
63
63
61
65
61
61
59
57
59
58
63
71
67
67
67
61
58
57
63
67
65
66
65
67
60
65
64
63
64
59
62
61
57
55
53
61
61
65
62
63
61
62
62
56
66
68
64
59
56
60
62
61
63
63
65
69
64
63
65
67
65
61
64
65
64
64
58
57
58
56
53
55
55
52
51
52
53
56
62
63
64
61
57
59
52
57
64
65
61
61
57
57
61
60
58
58
60
60
63
61
62
64
63
61
57
54
55
56
58
58
59
57
56
55
54
56
54
65
61
62
64
63
62
63
64
60
61
64
61
67
67
65
67
68
70
61
60
67
65
65
59
59
60
60
63
62
61
65
64
68
65
71
66
65
60
68
70
63
65
65
63
62
59
60
58
56
55
62
58
59
60
62
59
61
59
67
68
62
64
66
65
63
64
60
52
54
54
57
53
51
50
53
55
49
59
59
65
64
61
59
57
54
55
56
52
54
55
52
54
49
54
54
51
54
57
57
56
45
50
46
45
50
49
53
52
55
53
51
50
48
49
47
45
53
49
55
55
56
59
61
60
61
58
54
53
52
51
52
60
59
61
61
62
61
62
59
59
57
57
57
57
53
49
54
59
63
64
64
61
57
59
53
56
63
63
66
62
65
64
62
61
64
61
68
70
66
66
65
65
68
65
67
69
65
63
58
61
62
59
58
57
61
59
60
55
63
56
63
63
64
62
59
63
64
60
64
53
54
54
59
56
56
60
60
61
57
53
54
57
55
54
57
60
59
60
59
63
62
63
62
63
63
62
65
61
64
64
64
63
56
55
58
51
52
50
52
51
56
59
58
55
55
53
49
51
51
50
55
52
57
56
53
54
51
52
55
54
55
54
54
55
51
49
53
53
53
55
56
53
57
60
62
66
66
70
69
65
64
68
67
69
70
65
73
69
71
69
72
72
69
65
66
62
67
63
59
65
64
57
60
61
62
67
70
60
65
62
63
64
64
65
64
64
63
60
67
67
67
65
67
61
61
64
65
62
67
61
60
49
55
58
47
47
50
57
50
54
52
51
46
54
56
62
62
58
58
54
59
58
57
59
55
61
62
58
54
50
50
48
47
50
46
50
54
63
54
53
54
55
55
54
48
46
49
52
52
56
53
52
56
59
57
61
60
63
59
63
65
66
67
68
69
71
65
60
59
61
65
69
68
67
64
66
65
64
64
64
66
61
64
63
63
56
58
63
55
57
52
55
50
54
50
51
48
46
47
48
53
55
58
54
54
54
53
56
56
57
58
60
62
60
58
60
62
60
51
48
46
43
44
50
47
51
53
53
54
52
57
50
55
53
53
50
53
52
47
49
50
48
48
47
43
46
46
48
52
54
57
59
61
55
61
63
63
63
61
59
64
61
61
64
62
64
65
55
60
61
57
58
55
56
61
55
56
53
49
53
53
52
53
51
47
54
52
54
57
54
61
61
59
58
59
54
52
52
56
56
53
56
61
56
58
58
58
53
54
61
60
58
59
56
61
63
60
68
65
64
66
65
65
66
63
62
60
57
61
62
59
61
58
61
52
56
54
59
54
48
58
54
62
66
70
63
65
60
61
64
57
56
59
68
63
65
69
69
66
68
67
64
61
61
62
69
65
63
63
64
58
60
59
54
56
56
56
61
62
62
57
57
59
58
56
59
59
55
61
56
62
59
58
60
57
57
61
57
55
58
60
62
60
59
55
54
56
56
58
55
57
58
60
64
60
61
59
53
55
55
59
59
58
55
60
59
62
57
62
73
72
76
68
67
70
61
61
61
62
65
69
68
66
65
63
66
65
66
70
70
59
67
63
63
61
54
59
61
61
60
60
58
54
55
53
58
57
55
57
56
55
54
50
53
55
55
56
57
57
59
58
60
55
55
57
57
58
62
59
61
61
59
57
59
62
60
64
56
62
60
58
59
59
61
61
65
64
64
61
61
62
56
58
55
61
63
66
60
59
59
57
52
51
52
54
54
57
56
59
61
58
66
66
63
66
64
61
67
64
64
70
61
69
66
63
61
61
65
65
65
62
62
63
63
64
60
60
64
67
66
65
68
71
70
69
71
67
65
69
65
59
56
61
67
66
66
66
69
70
69
66
69
66
67
64
66
64
63
64
66
65
68
64
68
70
68
64
58
47
49
52
54
56
51
51
52
55
57
57
51
56
57
52
53
55
53
51
50
47
45
48
50
47
46
48
55
54
54
55
53
57
55
56
59
59
53
49
46
44
44
43
45
47
47
47
48
42
43
49
45
47
49
48
47
52
47
45
47
48
48
50
49
50
49
47
40
45
43
45
46
45
45
43
40
42
46
48
45
40
38
43
44
44
45
43
42
43
44
40
42
42
41
42
44
43
41
39
41
43
43
44
42
43
42
37
37
39
35
32
30
28
29
26
30
31
31
33
34
33
34
28
27
28
27
29
29
32
33
30
34
33
35
35
32
33
36
35
30
26
27
31
28
30
24
26
24
28
25
29
24
24
26
26
22
29
27
33
30
29
29
29
29
30
33
32
33
33
33
33
30
32
29
26
27
26
24
22
20
17
18
17
19
21
24
20
20
22
22
23
21
25
23
26
24
25
23
22
21
21
25
29
29
28
27
25
27
25
23
23
21
20
24
23
21
18
19
20
24
21
22
21
22
23
24
24
24
26
21
17
19
20
19
20
21
22
23
27
25
24
20
22
23
23
22
24
22
21
20
17
15
17
17
18
18
18
19
18
16
16
16
17
17
18
16
18
17
22
22
23
22
21
22
21
21
17
17
15
17
17
15
16
17
16
16
17
18
16
20
15
19
17
18
16
19
17
17
16
17
16
16
20
17
21
22
21
21
21
22
19
16
22
19
19
21
23
24
23
19
18
18
17
17
18
20
19
20
21
25
23
24
24
22
21
20
22
22
21
22
23
21
21
16
18
21
23
21
19
18
16
17
17
17
17
16
19
15
17
18
22
23
23
20
22
18
20
23
20
22
22
25
19
17
18
17
18
18
17
18
21
19
16
16
17
18
19
21
21
15
21
20
24
21
23
19
22
19
22
21
20
19
22
23
25
23
20
21
22
20
17
18
17
18
17
21
20
21
21
19
18
18
17
17
18
17
19
18
20
22
20
20
21
20
22
22
18
16
16
18
22
22
20
22
20
20
20
27
22
24
26
24
23
26
28
26
26
24
26
19
21
22
22
20
22
18
24
23
24
22
22
22
22
23
21
23
23
21
19
17
18
19
20
20
21
18
20
20
19
20
21
24
22
27
27
20
21
21
19
16
16
17
18
18
19
23
23
26
24
23
23
21
21
21
17
18
17
22
21
19
17
19
17
16
16
14
18
15
15
17
16
18
19
19
20
20
20
17
19
20
23
24
21
23
21
22
21
23
23
22
19
20
20
21
17
18
21
22
22
20
22
20
24
19
21
22
20
19
19
20
23
18
18
16
17
17
17
18
17
21
22
23
26
25
26
26
25
25
25
25
26
24
24
28
26
28
24
23
25
25
23
23
17
19
17
21
20
20
21
20
21
23
20
21
23
21
21
17
18
18
17
18
17
17
19
20
22
26
26
29
25
20
22
21
21
19
16
18
17
17
17
18
16
17
22
19
17
15
16
16
17
18
20
19
18
21
16
15
17
18
18
19
17
16
16
21
18
21
19
20
21
20
20
23
23
21
20
22
24
22
25
22
22
24
23
21
23
22
21
25
26
24
24
23
23
21
23
22
26
22
22
22
21
23
22
26
23
22
22
17
17
16
18
20
19
21
22
21
22
19
15
19
22
20
19
22
25
25
26
27
24
24
24
21
23
24
25
27
26
26
23
22
24
23
20
24
24
24
24
22
22
29
27
29
24
24
27
25
24
25
25
26
26
25
25
25
25
25
25
22
24
25
26
24
26
22
26
28
21
24
22
22
21
23
22
22
22
20
15
16
15
20
20
20
22
21
20
20
21
21
23
22
22
21
17
16
15
16
21
16
17
19
24
20
23
18
21
21
22
19
22
22
22
25
24
22
22
21
18
21
23
22
21
18
18
20
20
20
22
24
22
19
21
20
21
19
21
21
20
20
17
17
22
27
26
26
25
24
22
21
23
24
27
27
27
24
22
21
25
23
24
22
25
27
25
27
25
25
25
25
26
25
25
22
20
22
19
19
22
21
19
18
18
20
18
20
21
20
20
20
23
25
21
25
24
21
22
23
25
21
18
17
20
21
23
22
24
26
25
23
25
20
20
18
19
20
17
19
22
21
23
25
26
25
26
26
25
26
26
27
28
22
19
15
18
21
22
24
24
23
24
19
24
23
23
20
21
22
21
21
21
15
16
15
16
17
18
19
17
17
16
21
20
19
21
25
21
25
25
28
24
23
20
20
22
20
25
22
25
25
21
20
20
19
21
18
21
21
19
19
18
19
19
20
16
25
20
20
22
22
23
23
20
20
22
16
17
20
25
19
22
20
22
23
22
21
16
20
19
17
18
17
24
23
22
20
25
27
26
26
24
21
19
19
22
22
22
18
21
23
22
21
25
26
25
25
24
21
21
22
23
21
23
21
19
18
18
15
18
17
22
22
21
17
16
22
20
20
21
20
20
21
23
21
18
20
20
22
21
21
23
20
20
21
22
25
23
21
26
25
26
26
26
27
26
23
21
25
22
21
22
26
24
22
22
21
22
17
17
18
15
14
15
18
17
17
18
19
20
22
24
24
28
24
25
31
24
24
21
25
22
23
24
25
26
26
24
28
26
24
22
23
23
21
22
22
21
26
24
21
21
21
21
24
21
21
21
21
23
22
21
20
20
19
20
21
23
21
20
21
19
19
19
17
16
17
17
16
16
19
20
22
22
22
21
21
20
20
21
21
19
19
21
23
22
22
21
20
20
20
16
17
16
17
16
20
16
18
23
22
20
20
21
22
17
15
18
19
17
18
19
18
21
22
19
21
24
23
21
20
20
20
20
24
20
19
20
19
23
20
20
19
23
19
21
24
22
25
23
20
23
19
19
17
16
15
21
18
17
16
17
20
20
19
20
17
22
22
18
22
23
21
22
22
22
21
23
24
21
18
19
17
14
16
18
16
22
20
20
20
21
21
17
21
19
17
20
22
19
18
18
19
18
21
20
19
21
25
21
26
23
23
23
22
21
20
21
21
21
21
20
16
18
17
19
19
20
18
23
25
23
22
19
19
23
18
21
24
22
25
26
22
20
18
21
21
20
22
22
21
21
22
20
23
25
22
22
24
24
24
26
25
23
21
26
24
22
18
17
20
19
20
16
20
21
19
16
18
20
17
19
22
22
21
20
22
24
26
22
22
17
19
20
16
17
17
15
16
16
17
17
19
17
17
17
18
23
20
19
23
23
20
17
17
17
15
17
20
18
17
20
22
20
20
20
19
23
20
20
24
24
25
22
19
20
20
18
19
19
18
23
25
25
23
22
24
23
20
18
19
21
17
17
17
15
18
21
22
22
26
23
27
24
26
27
25
23
25
29
26
23
25
25
25
20
23
22
19
19
20
23
24
28
25
26
22
21
19
18
18
20
19
19
22
20
18
20
16
16
18
18
21
19
22
21
23
23
26
24
26
22
25
25
27
26
25
25
26
24
27
26
25
28
19
22
24
21
21
22
20
21
21
22
23
25
25
25
26
26
23
20
22
23
21
22
22
22
23
22
20
21
27
28
27
25
25
26
21
24
20
23
26
20
20
19
19
20
22
22
23
25
25
17
21
20
18
22
20
19
18
22
19
19
22
21
21
21
15
20
22
21
21
21
22
16
18
20
20
16
16
15
18
18
21
20
19
20
25
24
22
23
22
23
22
23
20
19
19
16
19
20
20
16
18
20
25
23
24
23
28
25
22
26
24
27
25
25
20
21
21
19
22
21
21
22
20
20
22
18
19
21
20
24
23
25
25
23
22
23
20
25
21
23
22
21
20
20
21
22
19
20
22
21
23
24
21
24
22
22
17
22
20
23
19
23
19
20
20
22
19
19
20
20
21
21
24
24
21
21
22
21
20
20
23
22
20
19
20
21
17
19
20
23
20
21
19
17
18
16
18
14
15
20
19
20
20
20
21
22
20
20
21
18
19
21
19
18
17
22
24
21
18
21
20
21
22
25
24
22
21
22
23
24
26
27
26
25
25
22
30
29
24
23
26
26
26
25
25
25
20
22
19
20
18
20
20
17
20
17
17
17
20
18
19
18
19
20
18
20
18
15
15
17
16
16
19
21
20
21
22
20
22
23
27
21
22
22
22
22
25
23
22
21
20
23
22
22
22
19
18
19
21
23
27
27
26
24
20
23
22
21
17
17
15
21
20
13
11
14
15
16
17
17
16
17
16
17
17
18
21
21
22
24
22
26
21
18
19
20
19
16
16
19
18
15
14
17
18
15
17
17
16
17
17
21
23
26
26
25
23
18
17
19
18
20
20
23
17
19
24
22
22
22
22
21
19
20
21
20
23
20
21
21
22
21
22
22
21
23
21
23
23
24
22
20
22
21
21
27
25
24
22
20
18
18
20
18
18
16
19
19
15
21
22
21
22
22
19
18
17
16
17
18
19
20
17
20
20
20
20
22
23
22
21
17
15
14
15
17
16
16
16
16
16
18
15
17
16
18
20
20
21
17
18
20
16
16
20
16
19
17
17
15
17
18
16
16
19
23
23
24
22
22
20
21
21
21
20
22
21
24
25
23
22
26
23
25
26
26
26
26
25
24
24
23
19
22
21
25
26
26
23
20
22
24
22
21
25
17
17
19
20
20
18
17
17
17
16
18
16
20
23
21
25
25
25
24
24
24
22
24
25
26
25
21
20
21
24
25
23
23
23
23
23
21
22
19
20
19
18
20
22
22
21
22
25
23
23
22
24
23
23
22
17
17
18
18
16
25
21
23
24
22
25
22
21
22
20
21
21
23
24
23
23
22
21
20
21
18
21
20
20
20
20
19
17
18
17
21
18
20
17
16
19
20
19
15
18
19
21
21
19
20
22
20
17
20
22
22
19
20
18
23
22
20
20
23
24
22
22
22
24
24
24
22
20
22
23
22
25
19
17
17
19
17
18
19
22
23
22
21
23
25
25
25
24
26
26
25
24
25
25
25
26
23
23
22
22
24
23
24
19
18
18
20
21
18
17
21
17
18
19
20
20
23
24
24
23
23
26
26
20
19
21
23
27
26
19
20
22
22
20
22
19
20
22
21
20
20
21
20
23
20
23
19
22
26
20
23
22
21
23
20
18
22
19
20
19
27
26
26
27
24
23
22
20
19
17
19
19
18
21
20
22
20
20
19
21
21
21
20
20
16
22
21
21
21
23
21
23
20
22
23
25
22
23
20
21
22
23
20
23
22
22
20
18
20
19
17
12
16
16
15
15
17
17
16
20
17
19
18
18
19
23
16
17
17
18
15
19
20
17
16
18
22
19
22
22
19
21
20
26
25
26
24
25
26
24
21
20
19
21
22
22
21
24
26
22
21
20
21
21
20
21
22
23
18
17
18
16
18
23
25
26
25
23
22
24
24
23
24
24
20
22
21
23
21
20
18
20
19
22
24
23
25
26
24
25
27
25
22
20
19
16
18
15
18
17
19
18
20
19
22
20
20
17
18
17
15
19
19
19
23
21
25
24
23
20
23
18
18
19
17
17
16
14
15
21
17
16
16
17
24
22
24
19
21
20
19
20
18
19
17
19
19
19
16
18
16
18
17
19
25
16
17
18
18
19
15
17
16
17
18
19
16
18
19
16
15
16
16
18
17
18
19
18
19
19
20
21
20
18
19
19
20
21
21
20
20
21
21
19
21
21
19
18
18
14
16
20
20
17
23
27
24
25
28
25
26
26
26
26
26
25
26
28
24
20
18
19
19
19
20
21
20
24
26
26
26
26
24
22
21
23
24
20
24
24
25
26
22
20
17
16
17
16
16
19
23
22
17
17
22
21
21
19
16
17
21
17
17
17
18
19
23
23
23
20
22
21
20
21
20
21
25
19
20
20
20
19
21
19
21
25
21
20
19
21
21
25
23
21
21
21
20
16
16
18
19
21
20
17
19
17
20
22
20
20
23
21
23
21
22
21
23
24
22
19
24
21
20
18
17
21
20
22
17
22
19
22
20
18
20
21
23
19
20
20
20
17
19
17
18
23
23
24
21
19
21
24
22
22
23
24
24
24
22
21
21
17
19
23
21
21
20
20
21
19
23
21
22
20
19
19
18
18
18
18
18
17
18
17
17
19
17
18
20
23
23
24
21
21
22
19
19
20
22
23
22
23
20
18
18
22
26
22
19
20
19
20
22
21
19
21
22
21
23
24
25
21
22
24
21
21
21
21
24
25
20
23
23
25
24
25
23
22
22
22
22
22
20
25
22
22
25
26
25
23
25
26
26
23
26
28
25
27
26
25
26
29
28
27
24
26
21
22
22
22
23
23
21
23
24
20
22
22
22
24
20
18
17
19
16
18
19
20
22
21
17
24
20
19
18
26
24
20
22
22
21
22
26
27
26
27
25
25
22
24
23
20
21
20
20
20
22
23
22
22
18
17
17
20
21
22
19
21
21
23
19
20
23
22
22
22
18
18
17
18
19
16
21
18
23
19
21
20
21
19
20
19
22
20
17
18
17
21
21
20
20
21
17
17
18
20
20
20
21
22
21
23
18
21
20
16
19
23
21
20
22
22
20
20
19
20
22
19
19
18
18
20
19
23
23
22
20
19
21
20
17
19
19
18
20
21
19
20
23
23
22
20
21
21
21
23
20
17
17
16
16
19
16
21
16
19
21
26
25
27
26
26
27
26
21
24
21
21
20
22
24
23
22
20
20
23
21
21
19
18
20
18
19
19
20
20
28
20
22
22
22
21
22
21
21
22
24
24
26
26
27
28
22
26
25
25
26
28
26
25
26
25
20
19
21
21
19
20
17
21
22
19
22
19
21
20
19
18
18
17
23
22
19
23
26
22
25
22
23
22
24
23
22
20
20
20
20
23
22
23
22
22
24
25
26
24
25
20
18
17
18
18
19
17
20
23
17
19
19
19
18
18
18
16
16
20
21
17
19
18
17
19
21
21
24
21
21
22
23
21
22
20
21
25
20
24
23
20
21
20
19
18
23
21
21
21
21
21
18
17
20
20
20
21
20
22
22
22
23
20
21
21
21
22
20
20
23
21
21
21
18
20
21
21
19
21
20
20
20
21
20
18
19
20
18
19
18
17
16
19
17
15
16
20
21
20
20
20
22
22
20
19
18
20
19
18
20
20
17
18
18
20
17
22
20
22
20
22
21
20
20
23
21
21
22
21
18
21
17
20
18
23
20
20
20
21
22
21
18
17
17
17
21
18
23
19
22
18
19
20
19
19
19
18
21
20
20
20
21
25
22
22
25
25
26
26
25
26
27
26
30
23
22
20
21
18
17
18
19
17
17
19
21
22
21
22
24
23
23
22
20
20
23
22
24
22
25
22
26
26
24
25
26
26
24
22
20
22
22
19
20
17
18
20
22
17
19
21
23
24
23
20
21
20
21
18
16
17
19
20
17
20
17
19
19
21
20
21
20
19
17
18
13
15
14
17
17
20
20
16
17
18
16
16
18
16
15
13
12
10
12
14
12
13
13
14
15
15
13
14
14
10
12
16
14
16
17
15
19
20
22
20
17
17
21
23
21
25
22
23
26
25
24
21
23
19
20
22
25
25
22
22
22
18
20
19
22
23
24
23
23
22
24
23
23
19
21
20
22
22
22
21
21
17
19
21
20
19
21
19
22
19
20
22
22
21
22
19
23
20
24
21
26
25
23
22
23
27
21
22
24
26
24
21
23
23
21
20
23
20
20
20
20
20
21
18
18
18
15
16
17
19
18
15
14
16
20
19
19
18
19
19
20
23
23
19
21
21
19
21
18
21
20
24
22
21
20
17
22
24
24
26
27
27
25
27
28
26
25
24
21
21
19
19
16
16
17
18
18
15
17
20
21
20
19
17
15
18
20
20
19
19
19
21
17
19
17
18
18
20
20
23
20
21
21
20
16
17
18
18
17
19
15
15
15
19
18
21
21
22
23
22
21
22
19
19
21
20
17
21
17
19
25
23
23
24
21
26
19
18
19
21
20
20
22
20
17
17
19
20
20
18
23
24
26
25
24
23
26
25
21
23
22
22
23
23
23
23
22
23
27
28
28
27
28
22
23
21
26
23
21
24
24
23
21
20
18
20
18
15
12
13
17
12
7
6
11
12
13
9
9
10
9
5
5
5
3
1
0
0
1
1
0
0
1
0
1
1
1
0
1
1
2
1
0
1
3
0
0
0
1
0
2
0
0
0
0
0
1
1
3
2
0
0
0
1
1
3
0
0
0
0
0
2
2
2
0
1
0
0
1
1
3
2
0
2
0
0
0
0
0
0
0
0
0
0
3
0
0
0
0
1
4
4
0
0
1
1
0
0
0
2
0
2
1
0
0
2
0
2
0
0
0
0
1
0
1
1
2
2
1
1
0
5
2
1
0
0
1
1
0
1
1
0
4
0
1
1
2
1
0
1
0
2
1
1
2
0
0
0
3
3
3
3
2
0
0
2
1
0
0
0
1
1
0
3
1
0
2
0
0
1
0
0
1
6
0
0
0
0
0
0
0
0
0
0
2
2
1
1
0
0
2
2
1
0
1
0
0
2
3
1
0
0
0
1
1
0
0
0
1
2
3
0
3
0
0
0
0
3
0
0
0
0
0
0
1
0
0
0
2
1
0
0
0
2
2
3
0
2
0
0
0
0
1
0
0
0
0
0
0
1
1
2
0
0
1
0
0
1
2
2
1
0
2
1
0
0
0
2
4
1
1
0
1
2
0
0
0
0
3
0
0
0
0
0
2
0
0
0
1
0
0
0
4
0
2
3
0
1
0
0
0
2
0
5
0
0
0
4
0
0
2
0
0
0
0
0
1
3
2
0
0
0
3
1
0
1
1
0
0
0
2
1
2
1
0
0
1
0
2
0
0
1
0
1
0
0
0
1
2
2
1
0
1
0
0
3
1
2
0
0
1
0
1
0
2
1
1
1
1
0
0
0
1
1
0
0
1
0
1
1
0
0
0
2
2
0
0
2
1
1
0
0
0
0
1
2
2
1
0
1
0
3
3
0
0
2
0
0
1
1
1
0
1
3
0
1
0
1
0
0
2
1
1
0
2
1
0
1
0
0
0
0
1
1
0
1
2
0
2
1
0
1
1
0
0
1
0
0
1
2
0
0
0
1
1
1
1
1
1
1
0
0
1
1
1
0
0
0
1
2
0
0
1
1
0
0
1
1
0
2
0
3
2
0
0
4
1
1
0
0
0
2
1
3
1
0
0
0
2
1
1
3
0
0
0
0
0
0
0
1
2
0
1
1
0
0
1
2
2
2
1
2
1
1
0
0
0
1
1
2
0
2
0
0
0
0
0
0
0
0
1
0
0
0
0
4
2
0
0
2
0
1
3
0
1
0
0
3
1
1
0
0
5
1
1
1
0
0
1
0
0
0
0
0
0
0
1
1
1
1
1
1
0
0
0
0
2
0
1
4
4
0
0
0
1
1
0
2
0
0
1
0
3
0
0
0
0
0
0
0
0
0
1
2
0
3
0
0
0
2
3
1
1
0
0
1
2
3
1
2
0
1
2
1
0
0
0
1
1
1
0
0
3
3
0
0
0
0
0
0
2
1
2
0
0
0
2
2
0
0
2
1
0
0
0
0
1
0
1
2
1
0
0
0
0
0
0
0
0
0
1
3
0
2
0
3
1
2
3
0
1
0
0
0
1
0
0
1
0
0
2
0
0
2
1
0
0
0
0
0
0
2
0
0
0
1
0
4
1
0
0
1
0
1
1
2
0
1
0
1
1
0
0
2
0
1
2
0
0
1
1
1
1
0
0
0
0
3
0
0
2
1
1
1
0
3
2
0
1
0
1
2
1
0
0
0
3
0
0
0
1
0
1
0
0
0
2
0
1
1
1
0
0
0
1
0
0
2
0
1
0
0
0
1
0
0
0
0
0
2
1
1
0
1
0
0
0
0
0
0
0
1
0
0
0
1
0
1
2
0
0
0
1
1
0
0
1
1
0
2
1
0
0
0
0
0
1
0
0
2
0
0
1
1
0
0
2
0
4
3
0
3
1
1
2
2
2
2
0
1
0
1
1
1
0
1
3
1
0
0
0
1
0
1
0
1
0
2
1
0
1
3
2
1
1
0
1
0
0
0
0
0
0
0
1
0
2
0
1
0
1
1
0
1
0
0
0
1
0
3
1
1
2
0
0
2
0
0
1
0
0
1
0
0
1
0
0
0
0
0
0
2
0
0
0
0
0
0
0
2
2
4
3
2
2
2
0
1
0
0
0
0
3
2
0
2
1
0
1
0
1
2
0
1
0
0
2
0
0
0
0
0
4
1
1
0
0
2
0
0
1
0
1
1
2
2
1
0
4
0
1
0
1
1
0
0
1
0
1
0
0
0
0
1
1
3
0
1
1
1
0
0
0
0
1
0
2
0
2
0
0
1
3
1
0
0
0
1
1
0
0
0
2
3
4
2
3
0
0
1
0
1
2
0
0
0
1
1
1
2
0
1
0
0
3
3
3
2
0
0
1
0
1
0
3
0
2
0
0
1
2
1
0
0
0
0
0
0
3
0
1
0
0
1
3
1
0
0
0
0
0
1
0
1
0
1
1
0
2
4
0
1
2
0
1
2
0
1
0
0
1
2
1
0
0
0
0
0
3
3
0
0
0
1
0
0
0
1
1
0
0
1
0
2
0
3
0
0
1
2
0
1
0
0
0
2
0
1
0
1
0
0
3
1
1
4
1
1
0
0
0
2
3
0
2
1
0
0
0
0
0
1
0
1
0
0
1
0
0
1
0
0
2
2
1
0
0
0
1
0
0
2
0
2
0
3
0
1
0
1
1
0
0
0
0
1
0
0
4
0
0
0
1
0
1
1
1
0
2
0
3
0
0
1
1
0
0
0
0
1
1
0
0
0
1
0
0
0
2
0
0
0
2
0
0
1
2
0
3
0
1
0
1
1
1
1
0
0
0
2
0
0
0
1
0
0
0
2
0
0
0
0
0
2
1
0
0
0
3
0
0
1
0
0
1
1
0
1
0
1
1
0
2
1
1
0
1
0
1
0
2
0
0
0
0
1
1
0
1
1
4
1
1
1
0
0
1
0
0
0
1
0
1
1
1
0
2
0
2
0
0
0
1
0
1
0
1
0
2
0
2
0
2
0
1
0
0
1
1
0
1
1
0
1
1
0
1
0
1
0
1
0
0
1
1
0
1
2
0
2
0
0
2
0
0
1
1
1
3
0
0
0
2
1
0
1
1
0
1
1
2
1
0
0
0
1
0
1
0
1
0
4
0
0
