1137
1142
1123
1136
1133
1154
1151
1160
1145
1150
1138
1136
1128
1136
1140
1145
1138
1134
1149
1135
1132
1138
1136
1132
1125
1131
1136
1146
1146
1145
1138
1142
1128
1145
1141
1156
1151
1143
1141
1139
1149
1135
1135
1125
1117
1139
1126
1129
1133
1144
1140
1117
1115
1109
1122
1115
1115
1093
1113
1121
1087
1107
1105
1111
1122
1124
1123
1124
1136
1115
1127
1122
1124
1118
1126
1125
1109
1105
1109
1131
1125
1122
1127
1103
1117
1115
1105
1117
1112
1122
1106
1102
1104
1126
1111
1106
1104
1104
1108
1125
1112
1100
1092
1108
1104
1118
1106
1116
1118
1139
1139
1134
1129
1139
1131
1130
1139
1124
1119
1119
1125
1122
1143
1123
1128
1131
1135
1128
1120
1133
1120
1124
1128
1144
1137
1128
1125
1106
1109
1111
1108
1113
1134
1118
1102
1103
1109
1117
1120
1086
1111
1108
1115
1117
1121
1116
1112
1123
1117
1108
1123
1129
1128
1119
1108
1112
1119
1120
1114
1114
1115
1099
1112
1121
1126
1151
1137
1120
1133
1144
1127
1135
1136
1127
1120
1131
1112
1110
1112
1108
1111
1093
1106
1097
1112
1091
1097
1108
1119
1110
1116
1119
1110
1120
1116
1110
1097
1116
1116
1123
1107
1093
1076
1088
1094
1107
1109
1124
1123
1122
1107
1126
1127
1130
1122
1122
1127
1112
1113
1130
1132
1130
1118
1122
1134
1118
1116
1117
1111
1109
1110
1115
1118
1115
1124
1122
1131
1109
1128
1119
1119
1126
1114
1113
1114
1108
1118
1103
1103
1104
1097
1103
1108
1105
1093
1118
1134
1120
1130
1134
1131
1128
1134
1133
1125
1125
1121
1126
1130
1116
1125
1112
1107
1116
1123
1115
1123
1120
1107
1090
1094
1107
1110
1111
1091
1095
1097
1089
1113
1109
1104
1117
1119
1108
1119
1125
1120
1101
1118
1124
1116
1123
1127
1124
1117
1109
1114
1116
1126
1122
1121
1101
1119
1104
1110
1095
1083
1083
1061
1082
1083
1074
1089
1104
1117
1106
1101
1107
1110
1109
1108
1106
1101
1118
1096
1102
1107
1106
1117
1103
1110
1116
1090
1121
1111
1113
1126
1114
1124
1131
1113
1119
1106
1117
1100
1100
1098
1103
1106
1097
1108
1111
1113
1117
1101
1105
1099
1089
1092
1096
1091
1084
1076
1091
1105
1109
1120
1111
1107
1122
1133
1125
1113
1108
1103
1108
1107
1107
1116
1113
1114
1107
1097
1108
1111
1094
1097
1122
1120
1123
1116
1132
1134
1134
1130
1139
1122
1140
1130
1138
1130
1137
1115
1108
1100
1106
1110
1104
1114
1101
1097
1101
1103
1106
1119
1121
1130
1118
1117
1128
1131
1113
1123
1118
1095
1094
1091
1099
1109
1118
1122
1123
1119
1133
1146
1127
1116
1112
1100
1117
1101
1117
1129
1145
1125
1111
1120
1114
1082
1081
1080
1095
1095
1129
1102
1110
1117
1134
1119
1126
1107
1112
1104
1115
1113
1114
1089
1098
1124
1120
1117
1109
1105
1106
1121
1104
1115
1121
1115
1120
1114
1139
1132
1136
1139
1124
1110
1111
1112
1110
1112
1104
1094
1092
1104
1102
1097
1090
1106
1109
1116
1108
1117
1125
1115
1121
1098
1088
1104
1107
1112
1113
1099
1092
1105
1099
1104
1104
1111
1100
1117
1118
1121
1113
1108
1110
1119
1102
1110
1101
1123
1099
1118
1118
1123
1117
1114
1124
1125
1122
1120
1128
1104
1113
1125
1112
1120
1102
1110
1101
1110
1103
1119
1124
1115
1117
1121
1098
1112
1117
1134
1126
1123
1125
1126
1125
1129
1108
1127
1127
1123
1129
1123
1118
1124
1125
1124
1135
1125
1122
1104
1127
1109
1096
1098
1106
1092
1110
1109
1117
1125
1101
1112
1113
1111
1106
1113
1123
1117
1113
1128
1145
1138
1122
1128
1127
1114
1113
1117
1114
1101
1109
1117
1122
1107
1110
1120
1121
1109
1104
1107
1101
1115
1112
1110
1102
1121
1120
1125
1105
1107
1116
1120
1097
1093
1090
1095
1097
1107
1101
1107
1101
1127
1106
1114
1114
1108
1099
1090
1100
1116
1115
1101
1106
1104
1110
1113
1091
1104
1100
1099
1104
1109
1097
1123
1118
1102
1110
1096
1107
1106
1108
1100
1094
1108
1109
1130
1105
1108
1114
1117
1120
1112
1109
1109
1122
1121
1136
1128
1120
1119
1121
1116
1119
1115
1110
1103
1115
1124
1130
1136
1136
1141
1143
1144
1147
1130
1134
1117
1119
1109
1099
1108
1115
1112
1103
1109
1093
1108
1102
1088
1099
1107
1105
1107
1103
1108
1115
1101
1112
1102
1105
1118
1100
1097
1098
1105
1108
1108
1098
1111
1098
1109
1117
1117
1138
1122
1124
1124
1123
1128
1129
1124
1136
1125
1106
1129
1110
1125
1128
1129
1137
1129
1117
1111
1098
1131
1139
1129
1120
1123
1143
1128
1143
1139
1135
1131
1149
1129
1137
1148
1134
1106
1106
1107
1108
1102
1099
1096
1116
1102
1109
1107
1117
1115
1093
1108
1097
1098
1084
1100
1103
1113
1109
1116
1096
1105
1117
1114
1109
1119
1134
1127
1121
1111
1127
1108
1094
1094
1094
1091
1110
1125
1107
1097
1119
1106
1117
1106
1117
1132
1123
1114
1133
1124
1147
1138
1120
1114
1114
1124
1104
1105
1098
1092
1102
1110
1118
1111
1099
1105
1104
1110
1105
1118
1129
1124
1111
1117
1117
1096
1118
1103
1115
1108
1125
1103
1112
1129
1123
1115
1120
1133
1105
1119
1111
1114
1114
1105
1103
1105
1112
1112
1112
1090
1106
1100
1103
1093
1111
1111
1094
1119
1129
1133
1127
1131
1118
1127
1118
1117
1105
1109
1120
1126
1112
1111
1108
1103
1103
1075
1089
1095
1090
1100
1104
1095
1122
1117
1111
1107
1123
1110
1119
1116
1124
1123
1115
1114
1120
1111
1127
1140
1125
1140
1138
1136
1136
1134
1122
1127
1128
1125
1112
1109
1129
1126
1152
1133
1135
1133
1129
1118
1129
1141
1136
1126
1111
1097
1103
1114
1110
1113
1122
1133
1121
1115
1104
1125
1112
1106
1105
1083
1104
1104
1094
1111
1122
1115
1108
1111
1109
1119
1125
1122
1124
1107
1108
1120
1116
1106
1117
1130
1115
1118
1110
1105
1099
1095
1100
1109
1120
1123
1115
1117
1103
1112
1103
1110
1100
1096
1089
1102
1113
1111
1117
1128
1130
1119
1142
1113
1107
1123
1128
1123
1119
1118
1111
1126
1125
1110
1112
1120
1100
1114
1108
1109
1126
1116
1116
1121
1105
1125
1122
1107
1111
1107
1130
1122
1118
1136
1121
1105
1112
1102
1098
1086
1094
1095
1104
1104
1106
1099
1120
1109
1089
1109
1131
1126
1120
1107
1129
1112
1136
1121
1124
1132
1134
1140
1146
1140
1126
1108
1112
1114
1120
1134
1126
1115
1124
1130
1120
1131
1109
1104
1096
1094
1100
1119
1130
1135
1116
1128
1120
1126
1133
1132
1125
1121
1139
1137
1145
1132
1134
1126
1145
1136
1138
1133
1134
1138
1142
1143
1131
1131
1119
1127
1117
1120
1118
1132
1141
1126
1134
1146
1134
1131
1127
1129
1138
1136
1130
1115
1112
1119
1116
1135
1133
1113
1129
1134
1132
1122
1120
1123
1129
1138
1146
1140
1137
1126
1127
1118
1120
1119
1103
1111
1102
1116
1104
1102
1114
1110
1107
1118
1119
1112
1110
1099
1093
1101
1080
1089
1078
1085
1087
1090
1079
1085
1079
1088
1093
1104
1101
1104
1105
1087
1114
1130
1117
1117
1130
1138
1131
1117
1136
1138
1128
1141
1132
1127
1113
1115
1134
1116
1118
1119
1122
1118
1123
1131
1130
1112
1107
1092
1106
1109
1116
1122
1119
1105
1113
1112
1105
1114
1116
1112
1121
1112
1132
1126
1112
1123
1124
1121
1117
1128
1133
1107
1119
1129
1109
1111
1117
1110
1125
1100
1114
1122
1112
1115
1095
1102
1114
1123
1121
1125
1118
1121
1099
1111
1111
1129
1127
1107
1112
1104
1096
1096
1111
1112
1115
1107
1098
1089
1103
1100
1126
1110
1118
1126
1123
1115
1097
1098
1103
1115
1113
1118
1123
1109
1121
1112
1111
1104
1108
1098
1119
1109
1129
1129
1114
1133
1140
1133
1137
1126
1126
1141
1131
1135
1117
1118
1112
1116
1133
1119
1131
1138
1144
1123
1106
1114
1103
1105
1114
1124
1115
1096
1117
1100
1119
1117
1126
1116
1115
1119
1129
1132
1118
1115
1118
1105
1122
1104
1108
1113
1122
1129
1125
1120
1122
1131
1120
1117
1112
1116
1132
1120
1123
1114
1129
1114
1080
1103
1108
1092
1093
1099
1105
1117
1109
1116
1127
1116
1113
1116
1116
1101
1102
1111
1112
1109
1103
1095
1104
1119
1115
1110
1108
1106
1109
1109
1112
1120
1129
1108
1121
1114
1142
1117
1131
1132
1119
1139
1137
1125
1132
1142
1137
1146
1136
1122
1121
1132
1130
1124
1142
1138
1121
1130
1120
1138
1131
1144
1138
1126
1138
1124
1124
1107
1113
1118
1130
1122
1133
1130
1130
1110
1119
1116
1105
1106
1103
1111
1100
1082
1107
1120
1111
1116
1126
1124
1127
1133
1122
1120
1132
1111
1105
1129
1127
1112
1116
1120
1113
1114
1117
1114
1112
1101
1120
1108
1113
1117
1123
1117
1110
1100
1109
1128
1128
1123
1113
1107
1092
1107
1105
1123
1126
1119
1122
1097
1130
1117
1126
1132
1124
1130
1133
1133
1129
1131
1108
1119
1116
1134
1131
1124
1114
1119
1121
1107
1099
1095
1105
1111
1116
1112
1116
1122
1129
1110
1118
1138
1132
1136
1119
1122
1114
1109
1110
1112
1116
1119
1128
1127
1108
1114
1119
1097
1118
1109
1119
1122
1106
1126
1125
1130
1142
1154
1147
1141
1144
1139
1143
1136
1139
1111
1116
1126
1126
1115
1120
1115
1104
1109
1109
1105
1116
1115
1115
1106
1101
1114
1101
1101
1119
1123
1111
1120
1130
1125
1122
1122
1137
1144
1142
1135
1143
1138
1139
1130
1125
1117
1110
1135
1132
1123
1142
1114
1112
1115
1115
1105
1123
1129
1127
1117
1130
1118
1113
1132
1119
1134
1135
1136
1137
1118
1104
1118
1113
1108
1107
1119
1115
1111
1117
1097
1103
1121
1121
1108
1123
1113
1128
1129
1113
1119
1113
1107
1116
1099
1097
1091
1092
1088
1105
1120
1098
1099
1121
1134
1146
1104
1102
1101
1098
1106
1093
1119
1108
1117
1116
1119
1120
1122
1105
1115
1109
1119
1119
1115
1117
1115
1128
1131
1119
1107
1107
1126
1137
1129
1135
1130
1141
1144
1155
1134
1134
1129
1126
1134
1102
1128
1124
1127
1117
1114
1106
1129
1119
1119
1116
1122
1123
1117
1106
1117
1110
1107
1108
1112
1112
1102
1112
1118
1118
1112
1132
1128
1148
1132
1123
1131
1116
1121
1131
1129
1109
1121
1125
1104
1096
1096
1109
1112
1126
1116
1107
1103
1093
1088
1098
1107
1112
1107
1114
1115
1102
1115
1107
1109
1114
1110
1113
1136
1115
1123
1143
1144
1142
1134
1127
1115
1118
1110
1109
1109
1096
1110
1125
1133
1124
1124
1126
1143
1139
1126
1100
1092
1105
1102
1123
1113
1095
1097
1102
1105
1127
1117
1117
1131
1126
1125
1120
1120
1115
1125
1136
1131
1117
1138
1146
1139
1151
1125
1102
1108
1115
1120
1108
1118
1113
1117
1108
1088
1098
1108
1119
1098
1101
1113
1120
1104
1121
1134
1139
1137
1113
1116
1107
1105
1098
1112
1128
1129
1110
1123
1115
1111
1125
1121
1120
1105
1110
1115
1125
1111
1123
1134
1123
1132
1125
1129
1125
1119
1127
1133
1117
1114
1111
1121
1128
1121
1127
1131
1142
1108
1121
1118
1135
1135
1114
1101
1113
1121
1114
1127
1123
1111
1105
1112
1123
1120
1136
1124
1129
1113
1121
1125
1121
1106
1123
1091
1098
1110
1115
1130
1121
1122
1116
1132
1112
1132
1127
1127
1132
1113
1124
1119
1135
1106
1111
1108
1123
1116
1112
1111
1105
1108
1113
1117
1102
1116
1111
1110
1114
1117
1119
1125
1131
1136
1140
1147
1127
1130
1139
1120
1107
1110
1111
1104
1114
1125
1112
1116
1111
1114
1116
1134
1131
1130
1118
1125
1114
1128
1141
1138
1130
1143
1130
1109
1108
1117
1108
1113
1122
1120
1141
1138
1145
1132
1120
1130
1116
1109
1108
1103
1107
1114
1122
1111
1109
1109
1099
1112
1118
1115
1114
1117
1108
1119
1118
1104
1101
1117
1105
1099
1101
1103
1115
1122
1106
1111
1125
1098
1116
1117
1129
1135
1121
1122
1125
1129
1123
1102
1103
1102
1113
1114
1124
1119
1120
1111
1116
1127
1117
1121
1128
1123
1139
1131
1126
1121
1112
1125
1127
1120
1122
1103
1106
1103
1113
1113
1134
1128
1123
1123
1119
1112
1122
1119
1136
1111
1116
1109
1099
1104
1105
1119
1113
1113
1131
1119
1109
1116
1091
1104
1092
1085
1083
1105
1090
1117
1101
1103
1106
1106
1124
1123
1115
1108
1107
1104
1092
1126
1105
1099
1088
1102
1109
1118
1107
1126
1132
1136
1140
1116
1120
1126
1111
1104
1112
1119
1125
1136
1136
1126
1128
1121
1113
1103
1105
1123
1117
1124
1121
1117
1121
1125
1128
1140
1121
1129
1120
1140
1128
1131
1131
1103
1105
1104
1118
1142
1135
1135
1129
1123
1117
1116
1122
1113
1109
1122
1121
1130
1126
1124
1135
1126
1130
1136
1130
1136
1129
1131
1122
1129
1129
1107
1122
1114
1106
1108
1099
1110
1093
1107
1100
1094
1113
1108
1104
1114
1115
1118
1113
1106
1095
1125
1106
1108
1101
1121
1121
1127
1134
1142
1127
1131
1110
1109
1096
1102
1109
1123
1133
1110
1100
1099
1104
1118
1109
1105
1102
1113
1114
1094
1111
1115
1097
1113
1122
1125
1128
1109
1096
1116
1097
1109
1107
1107
1104
1123
1133
1129
1120
1124
1130
1128
1120
1137
1130
1139
1141
1144
1118
1129
1129
1130
1133
1114
1101
1109
1103
1097
1105
1121
1111
1116
1120
1113
1109
1102
1095
1111
1099
1118
1129
1119
1116
1114
1109
1112
1114
1086
1121
1107
1110
1105
1117
1107
1115
1124
1118
1114
1113
1118
1120
1117
1115
1099
1102
1116
1104
1119
1115
1116
1109
1119
1129
1123
1120
1102
1101
1094
1092
1095
1102
1085
1085
1088
1092
1103
1120
1127
1116
1122
1105
1111
1127
1119
1115
1116
1128
1117
1117
1100
1123
1116
1136
1131
1117
1106
1112
1103
1094
1093
1106
1132
1122
1113
1099
1075
1096
1077
1086
1100
1099
1088
1111
1099
1108
1097
1098
1095
1087
1099
1088
1087
1092
1098
1097
1101
1116
1101
1119
1100
1098
1098
1105
1105
1105
1117
1084
1088
1080
1083
1096
1099
1099
1112
1110
1119
1105
1110
1118
1117
1129
1122
1120
1114
1128
1112
1104
1110
1105
1096
1109
1113
1106
1098
1101
1096
1108
1106
1105
1101
1096
1088
1087
1097
1088
1108
1109
1095
1098
1098
1087
1094
1068
1095
1085
1080
1080
1064
1086
1061
1085
1079
1078
1086
1080
1089
1105
1117
1119
1113
1099
1107
1102
1110
1099
1122
1112
1085
1087
1065
1071
1083
1095
1079
1081
1100
1099
1101
1100
1087
1082
1076
1085
1076
1086
1074
1081
1091
1075
1100
1095
1083
1093
1109
1076
1086
1086
1098
1103
1099
1099
1090
1095
1094
1085
1082
1093
1094
1081
1083
1079
1086
1079
1090
1077
1087
1078
1091
1093
1103
1094
1112
1094
1106
1100
1094
1083
1087
1079
1070
1083
1083
1094
1081
1069
1051
1070
1078
1086
1099
1105
1110
1109
1109
1107
1099
1118
1110
1122
1106
1106
1109
1106
1118
1107
1107
1104
1103
1099
1110
1106
1112
1099
1104
1119
1101
1085
1096
1104
1102
1120
1106
1108
1091
1093
1104
1101
1091
1114
1089
1100
1088
1077
1084
1088
1103
1105
1101
1102
1098
1110
1094
1092
1091
1085
1077
1078
1093
1095
1089
1080
1094
1098
1106
1100
1091
1104
1098
1112
1108
1094
1104
1085
1085
1078
1083
1094
1091
1088
1098
1086
1077
1070
1083
1083
1077
1071
1089
1068
1098
1084
1083
1088
1083
1090
1093
1082
1091
1097
1098
1089
1099
1075
1056
1082
1083
1083
1081
1093
1094
1102
1097
1093
1092
1096
1097
1087
1096
1096
1092
1093
1089
1088
1082
1088
1104
1099
1077
1091
1111
1067
1089
1076
1110
1100
1118
1107
1094
1099
1092
1087
1077
1096
1093
1085
1087
1090
1085
1072
1069
1075
1071
1063
1071
1059
1052
1047
1047
1050
1035
1062
1058
1036
1046
1054
1048
1067
1070
1080
1091
1062
1081
1093
1097
1089
1075
1086
1079
1086
1088
1072
1097
1078
1071
1070
1079
1103
1082
1077
1074
1069
1067
1059
1076
1073
1082
1081
1082
1074
1062
1051
1067
1051
1070
1076
1068
1091
1100
1092
1099
1099
1074
1088
1094
1067
1083
1095
1091
1088
1084
1084
1084
1087
1074
1085
1092
1091
1092
1096
1079
1089
1083
1095
1085
1089
1069
1063
1076
1070
1060
1059
1054
1060
1076
1073
1056
1075
1064
1065
1068
1080
1102
1101
1088
1083
1067
1068
1076
1070
1073
1055
1063
1074
1087
1080
1079
1086
1091
1107
1099
1091
1099
1097
1086
1098
1093
1093
1076
1101
1091
1096
1092
1106
1100
1082
1076
1080
1087
1084
1094
1073
1080
1089
1094
1105
1094
1098
1091
1090
1094
1078
1078
1091
1091
1096
1076
1088
1085
1095
1084
1083
1093
1104
1106
1091
1075
1069
1062
1072
1052
1052
1051
1071
1065
1077
1076
1096
1078
1081
1083
1076
1095
1091
1085
1086
1072
1084
1074
1090
1070
1092
1081
1083
1080
1078
1082
1077
1090
1073
1080
1085
1076
1067
1062
1063
1051
1077
1065
1071
1071
1072
1058
1074
1090
1104
1108
1099
1101
1092
1108
1093
1104
1078
1095
1095
1071
1084
1103
1098
1091
1094
1076
1072
1065
1050
1068
1054
1064
1084
1067
1084
1083
1097
1076
1073
1088
1093
1092
1093
1092
1104
1104
1101
1105
1102
1098
1108
1096
1099
1107
1103
1091
1092
1088
1085
1085
1088
1084
1067
1060
1077
1092
1091
1097
1082
1089
1090
1080
1088
1072
1072
1070
1075
1066
1062
1059
1051
1054
1057
1036
1057
1050
1065
1064
1065
1087
1088
1095
1079
1078
1087
1091
1085
1085
1085
1076
1072
1074
1061
1081
1071
1067
1065
1065
1063
1065
1063
1048
1075
1075
1074
1062
1064
1081
1072
1077
1066
1075
1071
1065
1058
1067
1077
1070
1078
1094
1086
1080
1075
1066
1058
1078
1050
1055
1058
1073
1063
1061
1065
1063
1051
1070
1076
1084
1083
1089
1085
1082
1065
1069
1070
1077
1033
1060
1072
1060
1065
1053
1027
1052
1052
1046
1058
1055
1060
1059
1059
1069
1089
1065
1055
1066
1064
1078
1066
1066
1075
1074
1074
1084
1072
1075
1071
1072
1065
1077
1088
1071
1085
1087
1088
1095
1081
1083
1087
1084
1104
1092
1082
1079
1080
1079
1086
1064
1063
1057
1062
1068
1048
1061
1079
1070
1057
1070
1058
1067
1084
1068
1054
1066
1072
1054
1053
1061
1048
1057
1058
1043
1059
1055
1052
1057
1054
1049
1054
1056
1045
1047
1045
1070
1062
1063
1040
1057
1045
1042
1068
1068
1050
1078
1068
1074
1084
1074
1073
1086
1083
1080
1077
1077
1064
1084
1060
1058
1080
1080
1071
1074
1068
1064
1083
1066
1055
1072
1064
1053
1053
1062
1055
1056
1055
1043
1059
1059
1073
1063
1060
1049
1063
1061
1057
1064
1064
1069
1055
1061
1060
1070
1068
1068
1075
1055
1055
1052
1058
1080
1067
1069
1061
1072
1066
1056
1076
1065
1089
1069
1076
1083
1094
1069
1064
1074
1079
1089
1092
1083
1063
1074
1069
1073
1076
1078
1079
1055
1059
1062
1067
1057
1050
1052
1046
1045
1057
1046
1055
1068
1051
1055
1076
1065
1060
1077
1062
1067
1067
1080
1051
1072
1088
1075
1089
1091
1099
1067
1093
1087
1069
1072
1085
1084
1070
1080
1082
1071
1068
1073
1050
1044
1054
1061
1068
1074
1058
1091
1087
1084
1071
1079
1093
1083
1085
1075
1081
1082
1079
1088
1078
1079
1064
1069
1062
1083
1080
1070
1072
1053
1047
1058
1051
1057
1047
1050
1043
1043
1048
1054
1057
1058
1062
1075
1062
1065
1064
1081
1087
1085
1096
1093
1083
1085
1092
1089
1087
1096
1096
1104
1112
1102
1111
1100
1080
1075
1071
1069
1082
1062
1076
1066
1053
1070
1069
1062
1055
1062
1055
1045
1066
1062
1057
1057
1047
1063
1057
1077
1092
1076
1067
1051
1057
1048
1051
1065
1064
1071
1078
1057
1073
1082
1079
1075
1075
1065
1067
1044
1062
1067
1064
1075
1066
1079
1085
1073
1078
1070
1080
1065
1070
1056
1080
1078
1063
1093
1076
1084
1084
1099
1079
1064
1064
1057
1076
1066
1095
1088
1094
1070
1095
1103
1115
1096
1094
1090
1097
1086
1074
1099
1077
1055
1055
1049
1054
1075
1079
1053
1074
1065
1067
1053
1060
1049
1062
1069
1061
1063
1078
1066
1090
1074
1060
1064
1077
1069
1061
1065
1066
1068
1064
1063
1058
1053
1044
1063
1050
1059
1050
1067
1073
1089
1083
1065
1068
1071
1063
1054
1051
1044
1057
1051
1047
1067
1048
1066
1062
1054
1064
1062
1071
1079
1088
1077
1080
1085
1073
1065
1088
1088
1080
1082
1083
1100
1074
1078
1079
1082
1076
1063
1064
1068
1058
1069
1063
1061
1071
1061
1037
1041
1044
1034
1044
1047
1067
1050
1065
1070
1067
1078
1073
1075
1066
1066
1058
1065
1054
1061
1069
1056
1073
1092
1088
1079
1069
1077
1077
1101
1086
1078
1084
1067
1060
1063
1059
1070
1067
1076
1087
1076
1090
1090
1094
1077
1066
1096
1095
1071
1089
1075
1084
1088
1096
1087
1094
1091
1098
1100
1095
1082
1080
1068
1058
1062
1070
1075
1088
1080
1085
1074
1098
1090
1104
1113
1084
1089
1077
1094
1095
1078
1061
1067
1048
1046
1054
1066
1055
1062
1069
1085
1065
1085
1080
1069
1073
1087
1088
1089
1085
1103
1100
1082
1085
1068
1063
1069
1061
1075
1077
1072
1069
1070
1065
1062
1044
1064
1079
1084
1061
1069
1071
1071
1065
1076
1048
1067
1060
1072
1070
1082
1079
1090
1097
1098
1092
1089
1088
1074
1071
1083
1073
1080
1094
1087
1063
1058
1069
1054
1056
1065
1067
1067
1049
1058
1066
1094
1082
1093
1078
1077
1076
1096
1089
1080
1095
1072
1096
1095
1074
1066
1073
1079
1087
1087
1071
1066
1075
1063
1070
1061
1058
1057
1056
1078
1083
1096
1064
1052
1077
1052
1041
1056
1067
1067
1061
1063
1079
1087
1087
1082
1081
1070
1062
1074
1065
1054
1074
1069
1067
1055
1035
1034
1044
1042
1053
1051
1053
1056
1053
1045
1044
1051
1061
1059
1073
1080
1074
1064
1069
1064
1063
1067
1065
1078
1073
1058
1065
1054
1067
1069
1071
1081
1078
1090
1089
1085
1082
1097
1090
1093
1078
1086
1092
1087
1091
1076
1079
1079
1086
1073
1091
1074
1070
1069
1070
1061
1082
1080
1086
1094
1082
1102
1099
1083
1086
1080
1089
1083
1083
1086
1078
1091
1072
1071
1075
1063
1087
1083
1081
1088
1077
1075
1089
1098
1089
1097
1076
1080
1077
1068
1075
1087
1098
1087
1086
1089
1072
1084
1078
1092
1085
1089
1052
1068
1053
1061
1066
1076
1073
1075
1078
1067
1080
1071
1075
1091
1083
1072
1068
1069
1068
1085
1087
1079
1074
1066
1078
1065
1059
1056
1071
1079
1063
1061
1063
1045
1057
1076
1080
1063
1062
1070
1077
1081
1068
1072
1077
1078
1093
1091
1106
1097
1109
1100
1101
1082
1075
1091
1101
1102
1079
1072
1073
1096
1086
1087
1084
1082
1071
1066
1054
1063
1076
1068
1063
1050
1058
1074
1075
1083
1086
1080
1081
1093
1076
1088
1064
1046
1068
1062
1054
1061
1064
1066
1065
1070
1062
1071
1061
1059
1071
1074
1082
1075
1069
1077
1084
1079
1064
1071
1084
1096
1097
1071
1083
1070
1070
1074
1072
1060
1073
1085
1060
1065
1046
1074
1062
1092
1091
1100
1092
1094
1086
1078
1059
1096
1070
1074
1070
1060
1058
1068
1059
1067
1076
1094
1088
1080
1074
1100
1098
1104
1097
1091
1081
1089
1071
1083
1078
1066
1036
1063
1069
1071
1077
1067
1072
1089
1075
1069
1077
1071
1050
1047
1070
1062
1050
1073
1090
1078
1076
1073
1053
1070
1071
1079
1081
1081
1080
1079
1066
1064
1064
1057
1070
1077
1072
1078
1067
1076
1064
1064
1044
1065
1043
1072
1074
1074
1091
1077
1082
1078
1074
1085
1095
1082
1078
1065
1073
1082
1077
1071
1081
1087
1076
1086
1074
1068
1070
1077
1070
1074
1049
1059
1063
1059
1078
1089
1077
1070
1094
1071
1086
1098
1080
1077
1087
1079
1069
1069
1065
1059
1059
1063
1058
1064
1095
1084
1084
1096
1072
1064
1063
1052
1048
1079
1085
1091
1079
1076
1081
1077
1065
1083
1084
1066
1072
1083
1075
1077
1071
1061
1071
1066
1044
1047
1042
1036
1031
1040
1045
1057
1064
1060
1075
1066
1078
1086
1080
1087
1079
1068
1062
1060
1066
1063
1051
1067
1078
1078
1072
1072
1073
1071
1075
1065
1067
1069
1074
1049
1065
1050
1074
1066
1070
1082
1071
1069
1057
1077
1072
1071
1084
1086
1076
1065
1081
1079
1088
1072
1080
1075
1066
1079
1064
1073
1070
1079
1098
1089
1094
1078
1090
1079
1058
1061
1080
1057
1080
1062
1061
1068
1097
1093
1107
1093
1104
1093
1092
1080
1101
1099
1082
1069
1064
1062
1058
1070
1065
1077
1064
1069
1082
1090
1085
1084
1070
1054
1061
1057
1071
1065
1071
1052
1039
1043
1047
1060
1047
1049
1054
1050
1069
1083
1066
1067
1063
1055
1059
1043
1053
1055
1059
1059
1059
1056
1073
1086
1087
1083
1085
1075
1086
1108
1074
1086
1099
1091
1079
1087
1085
1082
1065
1060
1062
1073
1070
1069
1061
1083
1089
1083
1088
1106
1098
1096
1070
1075
1062
1092
1083
1071
1079
1078
1079
1078
1079
1087
1091
1078
1085
1063
1069
1087
1060
1069
1065
1067
1071
1063
1048
1051
1037
1040
1066
1071
1059
1077
1076
1078
1070
1089
1084
1072
1086
1073
1075
1094
1090
1089
1095
1094
1093
1097
1092
1071
1085
1075
1081
1093
1093
1087
1082
1094
1074
1097
1090
1076
1098
1084
1090
1083
1060
1055
1033
1048
1049
1043
1069
1064
1083
1067
1070
1067
1069
1080
1087
1095
1099
1078
1084
1090
1090
1089
1079
1080
1089
1088
1088
1073
1098
1088
1069
1080
1062
1074
1073
1076
1077
1086
1083
1092
1078
1088
1082
1076
1087
1063
1082
1080
1067
1072
1092
1086
1051
1068
1083
1080
1074
1069
1095
1077
1072
1090
1103
1091
1080
1093
1070
1076
1074
1081
1083
1070
1074
1083
1095
1094
1082
1075
1071
1057
1074
1062
1062
1069
1073
1088
1091
1073
1074
1083
1063
1072
1083
1078
1096
1085
1084
1090
1070
1079
1076
1075
1087
1099
1082
1094
1084
1079
1084
1090
1093
1080
1064
1063
1064
1083
1078
1076
1100
1091
1091
1073
1079
1083
1071
1070
1052
1057
1063
1064
1064
1051
1079
1078
1066
1078
1080
1076
1083
1085
1076
1080
1097
1074
1076
1065
1077
1059
1069
1062
1069
1061
1078
1073
1061
1063
1057
1071
1060
1064
1071
1067
1074
1074
1072
1074
1075
1071
1068
1058
1065
1069
1070
1075
1061
1073
1060
1048
1046
1062
1063
1049
1048
1055
1047
1043
1057
1055
1069
1060
1066
1058
1057
1064
1063
1045
1061
1070
1070
1084
1042
1073
1055
1047
1058
1046
1040
1039
1051
1061
1050
1057
1067
1068
1074
1073
1073
1067
1070
1060
1065
1077
1080
1086
1079
1078
1061
1064
1058
1075
1064
1052
1069
1065
1063
1064
1087
1066
1052
1064
1071
1076
1061
1062
1063
1060
1047
1055
1058
1058
1067
1068
1067
1062
1094
1067
1079
1068
1070
1098
1087
1088
1084
1076
1087
1072
1062
1088
1088
1104
1101
1098
1094
1099
1089
1075
1074
1075
1073
1068
1073
1072
1076
1079
1072
1070
1048
1057
1078
1062
1072
1069
1077
1075
1064
1062
1057
1070
1067
1074
1066
1062
1058
1074
1071
1072
1074
1073
1075
1082
1088
1080
1080
1065
1063
1046
1053
1063
1046
1059
1055
1037
1064
1048
1056
1041
1052
1074
1081
1057
1083
1083
1057
1066
1070
1059
1048
1048
1062
1059
1060
1055
1056
1044
1053
1056
1048
1050
1064
1056
1050
1061
1051
1048
1042
1058
1027
1037
1047
1047
1056
1068
1073
1065
1049
1064
1036
1027
1034
1045
1048
1075
1090
1080
1070
1083
1096
1089
1102
1079
1076
1091
1071
1073
1074
1091
1082
1071
1091
1060
1063
1063
1081
1074
1060
1073
1063
1081
1076
1067
1053
1052
1060
1076
1063
1069
1070
1064
1045
1071
1063
1066
1093
1085
1082
1072
1061
1056
1068
1056
1048
1049
1056
1069
1062
1048
1061
1043
1058
1059
1073
1065
1043
1042
1047
1029
1015
1036
1039
1024
1042
1021
1036
1046
1052
1033
1051
1051
1064
1061
1055
1046
1052
1067
1071
1051
1066
1074
1079
1082
1072
1064
1072
1077
1069
1063
1057
1069
1068
1059
1067
1052
1072
1078
1081
1075
1074
1095
1098
1084
1079
1070
1050
1065
1060
1081
1078
1067
1072
1073
1071
1068
1075
1061
1058
1069
1062
1059
1054
1062
1066
1048
1047
1055
1062
1037
1044
1059
1063
1037
1031
1034
1048
1031
1027
1032
1045
1048
1072
1053
1055
1054
1044
1045
1060
1064
1043
1039
1046
1031
1052
1062
1047
1056
1048
1056
1044
1050
1035
1040
1033
1035
1028
1043
1042
1032
1030
1040
1036
1034
1056
1036
1064
1059
1048
1040
1033
1022
1018
1033
1034
1039
1025
1043
1019
1038
1058
1049
1059
1058
1046
1062
1053
1047
1070
1054
1043
1049
1048
1057
1063
1082
1063
1054
1050
1033
1043
1046
1043
1037
1046
1049
1039
1045
1059
1037
1049
1040
1051
1042
1041
1074
1072
1052
1070
1052
1062
1040
1050
1053
1063
1055
1058
1054
1055
1049
1060
1047
1047
1066
1064
1057
1058
1060
1048
1035
1040
1054
1028
1043
1040
1058
1054
1043
1070
1067
1068
1072
1058
1062
1061
1074
1079
1070
1071
1064
1067
1065
1070
1078
1074
1070
1072
1054
1072
1070
1077
1074
1069
1072
1080
1090
1081
1087
1068
1052
1053
1057
1048
1051
1054
1049
1064
1066
1022
1038
1036
1044
1063
1054
1052
1071
1049
1044
1050
1058
1055
1054
1085
1069
1057
1077
1072
1064
1075
1056
1062
1066
1066
1058
1062
1054
1046
1049
1052
1058
1060
1042
1031
1060
1044
1051
1049
1038
1040
1047
1044
1074
1070
1048
1052
1061
1070
1058
1052
1062
1061
1056
1051
1056
1057
1040
1043
1049
1041
1050
1064
1067
1049
1045
1045
1049
1052
1051
1045
1035
1030
1047
1049
1044
1053
1025
1038
1041
1055
1057
1053
1060
1057
1059
1067
1056
1073
1057
1065
1047
1043
1055
1072
1062
1069
1056
1044
1051
1054
1050
1059
1066
1041
1047
1050
1066
1055
1055
1064
1075
1069
1065
1048
1052
1050
1033
1026
1017
1021
1028
1028
1024
1036
1027
1048
1047
1064
1046
1050
1067
1061
1053
1079
1077
1082
1080
1075
1065
1059
1063
1050
1056
1082
1071
1077
1075
1060
1045
1054
1048
1056
1041
1050
1060
1052
1067
1061
1070
1071
1056
1068
1072
1066
1079
1067
1066
1056
1036
1067
1068
1074
1065
1093
1094
1087
1086
1079
1079
1064
1091
1073
1077
1077
1073
1076
1083
1075
1069
1070
1058
1060
1072
1083
1076
1076
1089
1098
1075
1065
1059
1069
1060
1046
1070
1051
1045
1047
1042
1047
1063
1059
1074
1059
1061
1064
1078
1091
1070
1061
1049
1057
1065
1045
1062
1058
1051
1059
1068
1072
1078
1065
1076
1080
1080
1095
1093
1085
1082
1079
1085
1061
1066
1058
1042
1064
1047
1023
1015
1025
1028
1031
1017
1016
1034
1039
1040
1047
1037
1039
1038
1045
1035
1039
1041
1049
1053
1074
1053
1069
1060
1053
1039
1053
1056
1037
1037
1050
1057
1055
1039
1052
1045
1043
1052
1050
1050
1054
1051
1071
1064
1069
1056
1059
1052
1068
1078
1065
1058
1067
1074
1065
1057
1071
1069
1077
1070
1062
1084
1068
1063
1081
1059
1084
1081
1080
1084
1098
1066
1085
1086
1086
1069
1068
1064
1054
1064
1063
1060
1058
1052
1050
1069
1067
1060
1054
1079
1064
1071
1062
1054
1044
1069
1066
1056
1057
1068
1056
1048
1029
1039
1041
1037
1052
1046
1067
1053
1047
1052
1059
1063
1042
1040
1044
1036
1036
1050
1060
1059
1046
1044
1051
1041
1062
1037
1059
1055
1053
1071
1057
1059
1059
1059
1063
1069
1048
1040
1046
1045
1043
1044
1023
1018
1040
1039
1025
1037
1016
1026
1043
1040
1041
1038
1042
1043
1028
1031
1046
1042
1028
1028
1035
1024
1009
1015
1023
1026
1029
1043
1045
1040
1044
1038
1045
1038
1044
1029
1029
1025
1027
1022
1018
1031
1024
1029
1024
1016
1026
1049
1025
1030
1039
1043
1033
1019
1014
1028
1027
1020
1038
1041
1037
1051
1041
1044
1042
1034
1035
1044
1021
1031
1033
1032
1036
1046
1035
1039
1038
1046
1035
1039
1049
1035
1028
1027
1017
1026
1041
1049
1037
1025
1041
1056
1065
1045
1046
1065
1070
1075
1067
1072
1074
1075
1059
1052
1057
1051
1037
1041
1050
1041
1038
1029
1036
1058
1045
1038
1034
1040
1037
1047
1055
1059
1057
1050
1050
1036
1050
1051
1059
1063
1061
1071
1056
1064
1057
1064
1065
1060
1050
1050
1048
1043
1037
1045
1064
1050
1057
1072
1070
1056
1064
1064
1045
1050
1047
1030
1025
1032
1038
1004
1020
1035
1043
1050
1032
1029
1045
1020
1029
1025
1011
1010
1032
1032
1026
1034
1024
1028
1014
1009
1021
1005
1009
1023
1029
1027
1053
1048
1050
1042
1041
1040
1037
1024
1022
1020
1017
1028
1029
1031
1023
1025
1018
1026
1021
1030
1041
1013
1014
1009
1016
1023
1001
999
1006
1039
1035
1030
1022
1021
1035
1033
1037
1025
1033
1042
1041
1043
1038
1037
1047
1055
1047
1048
1026
1020
1033
1028
1027
1050
1046
1051
1042
1034
1024
1049
1040
1037
1026
1031
1019
1045
1040
1044
1039
1037
1051
1033
1048
1045
1038
1041
1042
1035
1032
1020
1042
1038
1036
1048
1041
1042
1028
1038
1030
1018
1056
1044
1037
1030
1027
1015
1035
1038
1021
1022
1025
1024
1018
1010
1022
1026
1037
1009
1020
1033
1036
1034
1039
1024
1027
1045
1038
1043
1021
1028
1029
1039
1028
1026
998
1016
1001
1017
1025
1016
1008
1014
1048
1034
1037
1032
1024
1035
1028
1030
1028
1038
1028
1024
1031
1035
1036
1030
1017
1034
1027
1021
1029
1039
1032
1031
1015
1010
1034
1028
1028
1043
1045
1049
1024
1032
1032
1048
1038
1034
1023
1030
1026
1040
1040
1034
1044
1030
1035
1013
1026
1021
1034
1029
1057
1045
1044
1030
1044
1043
1038
1028
1026
1046
1037
1045
1026
1025
1030
1022
1031
1032
1027
1045
1047
1042
1041
1058
1038
1043
1036
1023
1022
1031
1041
1043
1038
1028
1027
1039
1030
1021
1035
1041
1030
1011
1029
1030
1034
1040
1040
1035
1030
1051
1040
1052
1034
1043
1033
1026
1034
1037
1026
1036
1037
1032
1029
1036
1039
1045
1038
1030
1018
1022
1034
1043
1028
1023
1027
1028
1030
1033
1036
1042
1045
1040
1046
1052
1038
1050
1061
1061
1067
1037
1042
1029
1028
1029
1050
1057
1034
1039
1039
1050
1050
1064
1063
1075
1055
1051
1048
1040
1049
1032
1012
1031
1013
1016
1028
1019
1026
1043
1049
1048
1064
1064
1062
1051
1059
1053
1044
1046
1050
1039
1027
1033
1045
1050
1034
1033
1030
1038
1047
1046
1038
1047
1042
1033
1039
1031
1020
1026
1022
1043
1023
1034
1045
1041
1026
1033
1027
1045
1024
1033
1027
1031
1013
1010
1025
1023
1014
1013
1019
1023
1005
1014
1030
1015
1033
1027
1042
1044
1046
1032
1035
1044
1038
1052
1041
1026
1049
1047
1052
1034
1027
1005
1025
1030
1019
1008
1026
1016
1015
1021
1012
1024
1018
1030
1006
1026
1013
1025
1031
1016
1032
1015
1031
1023
1031
1041
1050
1039
1016
1029
1003
1016
1024
1022
1039
1037
1012
1012
1023
1018
1014
1022
1026
1036
1021
1010
1006
994
1007
1006
1025
1030
1044
1039
1052
1050
1034
1037
1034
1024
1052
1028
1030
1037
1020
1041
1048
1039
1029
1032
1034
1013
1021
1018
1034
1033
1027
1049
1042
1044
1062
1056
1068
1070
1061
1073
1049
1057
1041
1034
1044
1028
1042
1042
1043
1022
1018
1026
1027
1025
1022
1019
1028
1030
1017
1026
1031
1031
1043
1031
1048
1050
1039
1044
1041
1048
1050
1044
1041
1061
1066
1042
1051
1050
1055
1053
1043
1051
1060
1063
1063
1053
1042
1033
1029
1039
1035
1024
1038
1039
1046
1040
1035
1046
1034
1039
1032
1040
1041
1049
1045
1028
1042
1037
1021
1031
1045
1031
1030
1038
1035
1037
1035
1021
1024
1040
1046
1042
1051
1029
1026
1024
1034
1038
1031
1039
1032
1052
1034
1033
1024
1018
1021
1016
1000
1015
1027
1042
1046
1045
1042
1031
1034
1020
1020
1029
1018
1046
1041
1037
1048
1039
1029
1050
1044
1047
1050
1047
1018
1029
1029
1026
1021
1047
1036
1031
1022
1024
1014
1036
1047
1036
1041
1039
1031
1048
1042
1043
1047
1037
1035
1042
1020
1019
1011
1016
1013
1037
1036
1022
1034
1035
1042
1054
1034
1037
1040
1051
1041
1040
1020
1012
1021
1026
1045
1037
1022
1032
1032
1033
1033
1039
1029
1018
1016
1003
1017
1016
1023
1014
1006
1011
1008
1011
1015
1020
1026
1014
1012
997
1006
1011
1016
1013
1006
1002
1015
1033
1030
1033
1035
1023
1013
1022
1007
1012
1016
1023
1031
1020
1026
1015
1034
1038
1028
1022
1002
992
1000
1002
1000
1000
1002
1008
1014
1022
1014
1012
1011
1016
1022
1021
1015
1013
1006
1012
1012
1012
1018
1014
1025
1013
1001
1014
1027
1016
1027
1011
1004
1034
1030
1047
1025
1015
1028
1018
1010
1025
1036
1040
1040
1020
1016
1021
1028
1032
1021
1027
1027
1027
1041
1051
1033
1050
1048
1036
1049
1055
1048
1044
1034
1014
1005
1008
1006
1015
1016
1021
1028
1026
1018
1025
1012
999
1005
1002
998
1019
1011
1009
1012
995
981
992
993
983
996
1009
1015
1011
1026
1045
1036
1025
1035
1031
1036
1031
1011
1015
1003
992
1012
1018
1017
1019
1007
1010
1035
1051
1029
1048
1045
1030
1029
1025
1028
1048
1055
1046
1041
1053
1047
1049
1046
1041
1040
1031
1012
1019
1018
1014
1007
1015
1027
1028
1024
1022
1023
1030
1022
1022
1033
1036
1049
1045
1059
1045
1052
1044
1043
1040
1049
1037
1048
1056
1040
1032
1023
1031
1011
1023
1015
1029
1026
1033
1026
1022
1038
1027
1024
1011
1022
1029
1037
1022
1024
1025
1023
1024
1012
1016
1011
1017
1023
1036
1019
1024
1032
1036
1045
1042
1041
1030
1027
1041
1043
1027
1030
1025
1007
1020
1010
1005
1006
1001
1001
1007
1009
1012
1010
1023
1034
1021
1026
1038
1032
1029
1019
1022
1007
1009
997
1000
1013
1014
1033
1032
1038
1051
1035
1035
1037
1037
1030
1011
1043
1022
1036
1019
1035
1026
1033
1030
1024
1002
1008
994
1013
1018
997
994
1000
989
1019
1019
1012
1016
1031
1041
1041
1036
1027
1036
1028
1027
1033
1023
1002
991
991
1016
1009
1014
1007
1003
1016
1027
1017
1021
1006
1001
1014
1012
994
991
1005
1014
1022
1012
1023
1013
1001
998
1014
1043
1041
1024
998
1017
1013
1015
1005
1002
999
1002
1005
1015
1008
1015
1017
1020
1009
1024
1021
1034
1023
1034
1032
1025
1019
1021
1021
1007
1019
1024
1014
1021
1006
1024
1002
1011
1014
1012
1012
1018
1013
1023
1005
1011
1005
1023
1016
1015
1021
1014
1003
994
987
1019
1015
1018
1008
1018
1014
1007
1023
1029
1023
1015
1008
1020
1014
1024
1006
1006
1004
1006
1039
1037
1022
1009
1022
1018
1025
1004
1002
988
985
987
1002
991
993
1015
1022
1002
998
1007
1012
1027
1023
1023
1028
1015
1030
1016
1033
1031
1038
1037
1034
1029
1029
1035
1039
1034
1033
1040
1030
1029
996
1004
1001
1001
994
1008
1005
1015
1028
1028
1006
1018
1021
1024
1018
1034
1022
1025
1023
1023
1023
1029
1030
1016
1004
1002
1032
1010
1012
1017
990
997
988
999
1001
1003
1024
1002
1012
1007
1006
1010
1018
1015
1027
1036
1043
1057
1038
1026
998
1028
1029
1009
1016
1019
1008
1008
1030
1029
1019
1014
1001
1002
1003
1006
993
993
1011
1012
1014
1013
1004
1022
1019
1011
1003
1007
996
989
1002
997
1006
998
996
1008
1035
1032
1019
1013
1024
1031
1035
1043
1047
1035
1027
1023
1031
1044
1016
1007
1002
1010
1005
1022
1004
1001
1012
1019
1008
1027
1030
1023
1024
1015
1024
1029
1030
1024
1017
1005
1007
1010
1010
1011
1009
1032
1008
1025
1021
1020
1024
1014
1012
1021
1011
1037
1036
1032
1035
1042
1047
1021
1040
1033
1027
1047
1018
1024
1028
1041
1024
1041
1045
1031
1043
1034
1027
1024
1013
1020
1016
1015
1001
1003
1033
1020
1031
1029
1023
1028
1009
1001
1005
1017
1021
1027
1014
1019
1013
1022
1043
1042
1023
1036
1041
1031
1026
1027
1038
1021
1025
1019
1023
1031
1009
1019
1037
1034
1030
1025
1018
1008
1009
1015
1022
1022
1018
1026
1019
1014
1021
1013
1015
1020
1007
1016
1003
993
1006
1021
1004
1024
1013
1030
1035
1031
1014
1018
1015
1013
1004
1005
1018
1009
1011
999
1015
1017
1019
1020
1011
1036
1030
1035
1009
1025
1029
1021
1004
1013
998
1016
1020
1006
1020
1018
1021
1025
1040
1040
1033
1046
1040
1035
1032
1027
1037
1020
1013
1025
1025
1030
1027
1020
1021
1016
1024
1027
1031
1038
1037
1042
1033
1063
1040
1046
1048
1044
1042
1046
1034
1029
1031
1040
1038
1025
1010
1006
1014
1000
1006
997
995
997
992
1001
1005
996
1002
1001
1019
1011
1016
1019
1006
1019
1016
1022
1026
1028
1042
1040
1028
1048
1045
1028
1032
1034
1032
1016
1013
1012
1004
1022
997
988
1024
1015
1015
1017
1022
1004
1017
1012
1020
1023
1023
1025
1009
1023
1022
1028
1033
1023
1013
1022
1046
1043
1033
1043
1041
1030
1039
1024
1020
1041
1033
1034
1027
1017
1033
1030
1019
1027
1033
1039
1029
1042
1031
1019
1026
1021
1038
1039
1021
1047
1033
1019
1015
1024
1036
1023
1029
1025
1034
1032
1011
1025
1034
1026
1015
1004
1008
1017
1020
1018
1020
1024
1022
1008
1023
1013
1029
1027
1023
1026
1026
1032
1035
1024
1022
1009
1008
1002
1016
998
1002
1005
1014
1000
1000
987
1009
993
989
982
1004
976
986
992
1014
1016
1004
997
1016
1008
1014
1030
1039
1041
1052
1039
1021
1018
1032
1029
1031
1023
1032
1033
1025
1015
1018
1010
1013
1019
1011
1017
1017
1017
1019
1029
1021
1031
1038
1051
1042
1052
1045
1028
1021
1026
1026
1013
1025
1013
1008
1016
1011
1006
1015
1007
1009
1008
1015
1023
1030
1035
1013
1002
1010
998
995
999
1011
1029
1008
1020
1014
1014
1017
1018
1012
1010
1021
1021
1032
1020
1025
1019
1019
1046
1036
1016
1024
1024
1025
1026
1010
1022
1008
1011
1017
1021
1011
1011
1027
1039
1021
1012
1016
1020
1034
1019
1016
1023
1025
1005
1022
1004
1007
1006
1006
1012
1022
1017
1023
1023
1022
1019
1008
1034
1029
1037
1031
1034
1045
1043
1020
1044
1027
1054
1044
1044
1035
1035
1016
1011
1007
1023
999
1011
1026
1018
1006
1001
1012
1007
1002
1017
1012
993
997
991
1023
1020
1026
1038
1010
1020
1008
1020
1035
1008
1013
1022
1024
1023
1038
1037
1020
1009
1013
1014
1014
1004
1017
1025
1040
1018
1027
1020
1026
1003
1006
1013
1021
1015
1027
1014
1023
1013
998
1025
1031
1032
1025
1027
1054
1033
1022
1037
1045
1027
1023
1026
1036
1014
1023
1019
1017
1017
1008
1018
1021
1008
1012
996
987
1026
997
1015
1004
1020
1025
1026
1031
1009
1022
1016
1012
1024
1033
1021
1016
1023
1037
1022
1030
1014
1033
1008
1016
1015
1009
1021
1007
1013
1016
1014
1012
998
1023
1020
999
1007
994
989
987
989
1004
999
1009
1004
1003
1010
1005
1036
1024
1012
1004
1022
997
984
995
1002
995
1006
981
987
981
987
989
1000
1006
1001
1004
1011
1022
1025
1015
1012
1018
1019
1019
1008
1021
1005
992
982
993
991
1006
997
1005
992
985
1002
1022
1026
1049
1041
1018
1026
1035
1049
1039
1028
1029
1042
1047
1056
1042
1043
1054
1033
1001
1024
1003
1000
1024
1017
1022
1013
1024
1012
1022
1032
1038
1030
1033
1027
1020
1009
1016
1042
1018
1017
1016
1011
1000
1009
1011
1006
993
991
996
993
978
997
991
987
989
986
999
988
1002
1021
1018
1018
1031
1033
1040
1028
1030
1032
1033
1024
1027
1039
1022
1022
1018
1014
1019
1015
1008
999
987
993
1000
1014
1009
1003
1021
1007
1000
1009
1028
1023
1011
1026
1008
1016
1013
1009
998
1007
998
1002
1001
1010
1022
1022
1013
1023
1009
1021
1005
1007
1009
998
1000
1007
994
988
980
992
979
993
986
1009
996
999
991
990
992
999
993
1001
988
1019
1015
1023
1002
1009
1018
1016
1010
1014
1023
1026
1010
1028
1024
1031
1027
1042
1022
1040
1030
1027
1022
1031
1035
1018
1025
1025
1018
1018
1023
1020
1020
1013
1025
1024
1026
1013
1009
1016
1011
1011
1009
1034
1025
1028
1024
1005
994
1012
1005
1005
1005
1017
994
1004
1003
1009
1013
1002
1019
1008
1010
1009
1013
1016
1018
1017
993
1006
1009
987
980
986
989
995
1015
1011
1012
993
984
985
994
1004
1000
1001
1015
1018
1006
1018
1019
1030
998
984
994
994
996
1000
998
970
995
1002
1006
1015
1004
1011
1009
1013
1001
1006
1001
993
985
994
1008
1012
1002
1014
1005
1003
1005
1014
1008
1011
1009
1008
1006
1014
1011
1013
1012
1021
1023
1029
1016
1014
1001
1006
1010
1002
1005
1011
994
1002
994
982
1000
1028
1025
1018
1029
1017
1021
1028
1008
1012
1017
1005
1015
1010
1019
1000
1015
1007
1029
1025
1030
1016
1037
1022
1020
1013
1015
1025
1022
1014
1012
1020
1010
1011
1009
1012
1012
1006
1009
1015
1017
1019
1017
1008
1011
1012
1000
1003
991
994
989
1002
989
997
981
994
996
1005
987
984
976
969
960
980
977
989
994
1008
1007
1001
1028
1025
1021
1008
997
1010
997
1020
1020
1026
1018
1011
1019
1024
1015
1021
1025
1011
1002
1000
1001
1002
997
977
1000
1007
997
988
1005
974
990
983
994
987
993
997
1006
1026
1024
1017
1005
1016
1016
1022
1019
1023
1011
1018
1019
1026
1001
1017
998
998
1000
1017
1009
1021
1020
1012
1016
1003
1007
1000
1004
1020
1014
1009
999
1011
993
1003
1001
1002
1009
1017
1009
1009
1016
1009
1016
1017
992
1004
1002
1016
1007
1019
999
1013
1021
1024
992
1009
1002
1010
1001
998
1007
989
998
994
1002
1005
1004
1005
999
1007
993
1011
992
970
988
977
962
973
973
992
998
1003
1001
1007
1009
1008
1021
1038
1043
1030
1032
1016
1008
994
997
1008
1000
991
1005
987
982
978
986
982
994
993
1009
1022
1007
1018
997
987
988
989
998
993
999
988
991
992
1021
1006
1005
1007
1012
1020
1044
1034
1030
1021
1031
1022
1012
1008
1004
1001
997
984
982
979
971
991
979
958
985
997
998
994
1002
995
994
988
993
980
1005
1014
1011
1015
1022
1012
1010
1036
1022
1025
1030
1027
1017
1015
1010
1006
993
994
1000
994
991
1004
1005
1010
1011
1000
1008
1025
1023
1010
1005
1009
996
999
1018
1006
1017
1008
1005
990
1000
1005
1005
1007
1006
997
995
988
995
991
1001
978
1001
989
999
997
991
988
988
992
993
999
976
990
998
991
993
1001
987
1005
1010
997
979
984
996
1005
1003
987
999
1008
1009
1018
1007
1004
1001
1014
1016
1022
1009
1016
1018
996
987
1003
993
961
971
990
985
979
970
986
969
967
978
983
987
989
980
997
991
987
994
977
980
984
985
1006
1001
993
973
985
979
989
986
992
977
980
1001
993
990
1002
985
975
988
968
994
991
984
981
980
993
990
983
990
995
991
1003
988
996
990
1001
989
994
993
987
988
985
995
1005
978
981
990
982
998
1001
1013
1023
1000
1004
994
988
984
979
985
990
982
980
984
976
988
973
972
1001
991
995
999
999
1004
1011
1027
1013
1011
1001
998
996
984
990
991
969
974
981
987
994
999
987
996
989
1005
1001
999
1003
1019
1013
998
984
983
981
991
991
997
981
999
993
996
985
973
981
992
987
992
1014
1003
1005
1005
999
1007
1001
1000
994
1003
1000
992
983
976
968
974
968
964
968
987
993
983
975
979
966
976
969
963
959
960
946
954
972
988
972
977
971
996
993
983
998
981
978
960
967
960
979
983
974
991
996
993
985
973
992
976
969
977
982
989
981
997
998
1002
999
1010
1008
1023
1013
1016
1005
998
998
1012
1003
1005
1010
1002
1002
1004
1004
999
986
971
981
983
995
990
989
986
985
976
965
979
981
978
979
974
980
988
992
992
1005
994
984
1002
1004
1000
998
1007
994
1007
1003
1014
1017
1002
996
1001
1007
1006
1025
997
1001
1000
1009
1016
1004
1004
990
990
995
981
983
996
1013
1013
998
1007
1003
999
1005
996
996
990
988
998
1008
988
983
1001
992
1008
997
1021
1010
998
989
995
1003
1006
1007
1019
1017
1012
1004
1013
1008
997
982
993
999
1004
972
963
971
977
985
983
982
991
1007
989
1003
978
999
989
989
998
991
994
1005
983
992
990
1000
1006
1004
1013
1020
1023
1000
1016
999
1003
1013
1020
993
1018
995
1006
997
993
1003
996
1006
999
991
993
993
980
997
986
1006
1002
1002
992
1001
987
995
987
1006
1005
1002
1011
994
992
1005
1004
1004
1007
1014
1008
987
987
986
981
983
964
967
964
974
987
979
982
972
972
994
1002
985
991
1006
1005
985
994
994
1011
1001
1021
992
994
981
983
994
977
985
970
978
986
987
986
974
991
991
1003
997
986
990
992
992
976
984
988
970
964
973
973
985
985
978
991
975
991
994
979
982
987
989
998
990
989
991
986
993
1011
1009
1014
1016
1014
1001
995
1001
1010
1001
1007
1007
995
1004
1019
999
1013
1013
1004
1028
1002
1018
999
1005
997
995
989
980
982
983
989
1001
990
981
990
983
973
995
981
969
991
979
972
969
999
994
991
999
997
992
996
997
1014
1014
1013
998
1005
1012
998
998
1000
1008
992
996
993
984
999
1000
984
991
995
985
987
980
1003
1006
1013
1020
1028
1028
1025
1036
1033
1028
1018
1016
1020
1014
1013
1007
1009
1023
1016
987
1000
1000
1003
997
1004
991
981
995
994
995
1006
1011
993
1008
1003
992
993
1003
989
991
989
993
1000
1004
999
991
989
993
995
989
990
999
995
988
992
983
989
1007
1006
991
1006
999
993
998
988
988
987
988
987
987
991
976
973
977
987
997
1004
991
987
987
1002
997
1006
1009
1009
986
1001
1000
1010
1004
1001
1020
1005
1010
981
996
993
982
990
1004
998
990
990
988
984
963
970
962
960
962
968
975
970
1000
984
1002
1000
1007
999
995
1006
995
982
991
987
996
1012
1004
983
986
1010
978
994
1008
1016
1002
995
1008
1007
997
995
1006
985
1000
1005
1009
1008
993
992
999
993
998
982
997
991
989
998
996
1008
1001
1004
984
1005
992
1001
1001
986
1024
1017
1012
1014
999
984
990
976
975
993
999
994
974
978
970
987
997
998
1008
996
1003
991
1006
1011
997
994
989
977
976
981
971
978
979
997
985
993
984
976
993
988
988
1002
997
988
983
997
1014
1016
1006
1007
999
995
1000
1003
1001
997
1008
1000
1002
996
1002
994
1006
982
1003
999
991
998
1010
979
983
990
1000
1008
992
990
997
992
989
1001
1019
1015
986
981
1000
1018
1008
997
982
997
1003
988
992
1011
1022
1017
999
1009
1014
993
1012
1010
1003
1002
986
975
971
991
996
988
981
973
980
989
989
999
1000
1004
989
992
1010
1014
1003
996
1003
997
996
1012
1011
1015
998
1003
1006
1005
985
999
1004
996
1006
992
979
997
1010
992
981
988
978
989
980
968
991
987
993
983
986
999
989
1008
1001
989
989
979
983
991
985
976
982
993
982
962
972
973
978
957
967
980
978
981
1004
1005
1005
984
986
987
1002
994
1007
1017
1018
997
1001
992
996
983
991
1001
986
989
984
986
994
1003
1000
1003
993
984
995
998
1005
1000
996
985
990
1003
1015
1012
998
1010
1010
1011
1015
1006
1004
1014
1005
1008
978
971
974
970
988
996
989
1002
997
1014
989
994
993
990
984
982
977
968
968
973
971
976
982
998
1001
993
982
963
960
968
966
962
990
967
965
963
979
976
972
988
993
999
986
982
988
976
981
985
991
994
1010
1001
1007
978
982
991
996
993
978
994
995
1003
1005
997
1003
999
999
984
1003
1002
997
996
977
986
990
999
998
993
988
985
999
980
976
979
964
976
971
973
971
966
974
973
964
979
989
986
999
981
977
980
978
998
997
979
983
985
991
994
995
1009
1004
976
991
977
969
990
962
963
965
942
931
967
972
968
964
960
972
958
975
996
986
984
979
994
986
1002
998
988
994
1000
995
999
987
988
987
980
972
961
964
961
962
957
959
956
957
960
951
977
973
978
967
981
973
970
957
977
968
975
973
958
965
965
975
978
980
985
972
971
969
995
1015
992
983
971
980
991
993
979
998
979
966
978
978
979
977
997
981
994
994
1005
996
1003
998
1011
986
1002
995
989
1001
1009
1009
999
985
991
993
999
1005
989
974
968
980
972
982
990
983
992
991
988
1002
1011
1009
991
996
1004
1007
1000
990
978
986
1000
994
1000
980
978
960
969
968
949
946
949
966
952
967
966
992
1009
1004
998
985
981
982
982
972
980
971
979
977
980
980
993
991
987
1002
1002
988
995
994
960
990
975
977
981
983
978
976
977
969
961
967
975
981
986
981
985
984
988
999
972
964
968
970
977
989
972
983
977
992
967
975
983
967
979
971
987
982
976
976
993
985
990
979
992
984
994
995
985
993
990
986
992
989
1004
1003
998
997
987
979
976
980
979
986
993
990
997
1000
996
993
989
996
1003
993
999
996
1008
1001
993
1003
992
980
976
994
995
982
1000
992
1002
993
1000
993
977
993
989
985
986
984
1000
992
999
988
985
996
1005
989
993
990
988
978
973
973
973
976
964
971
966
983
992
978
982
975
973
960
981
987
986
989
992
984
985
992
982
974
978
987
976
988
987
979
987
980
981
976
971
963
953
972
976
967
969
961
956
946
949
959
972
966
960
957
957
965
974
969
965
961
962
984
969
983
990
981
971
974
981
967
971
967
979
959
964
967
966
961
962
957
978
996
978
972
982
980
983
973
984
984
986
998
989
973
994
999
994
989
995
995
1001
1000
998
1011
1008
1011
992
998
988
996
991
983
991
990
979
977
986
1004
1011
994
993
1000
988
999
1001
988
996
997
979
983
977
983
961
968
981
964
974
969
972
975
960
970
972
964
963
969
960
963
978
977
978
1003
976
965
979
980
968
970
985
986
984
989
976
965
983
977
983
992
995
993
990
994
989
990
996
998
986
960
971
974
969
972
961
975
964
964
957
956
951
964
960
960
978
991
983
972
975
984
978
1008
1005
1001
989
1005
995
993
1012
1008
994
969
979
977
984
969
999
991
1005
996
992
988
981
984
982
982
978
980
991
994
1003
990
984
989
985
987
982
975
981
961
971
978
980
971
977
965
980
985
991
988
994
988
1007
993
999
993
995
993
995
991
996
986
989
974
974
973
966
974
987
977
981
985
983
988
976
994
984
994
986
984
972
963
965
952
954
951
969
963
960
956
953
946
953
955
971
969
968
975
959
966
954
965
964
975
957
965
970
941
944
964
966
974
967
951
949
970
955
942
977
977
971
967
965
963
964
968
985
968
968
970
971
967
958
971
976
969
976
964
964
965
959
966
966
969
971
966
964
973
974
977
971
985
959
958
963
976
963
976
967
973
975
985
966
982
977
983
976
960
960
973
965
972
957
952
957
962
958
968
954
973
963
974
969
973
966
962
971
982
971
965
965
965
974
975
999
979
970
965
958
951
973
954
988
975
952
953
962
966
955
934
940
946
944
956
949
958
935
944
942
946
947
958
967
962
960
949
950
964
971
968
977
972
968
969
974
964
972
974
968
961
953
972
975
976
995
987
983
1003
995
997
982
977
990
980
984
980
959
967
969
969
954
949
965
975
982
979
968
994
982
987
994
1003
1001
988
989
954
958
974
984
973
997
981
992
1001
994
978
965
966
962
967
950
950
952
961
951
930
944
962
969
958
977
971
978
983
975
977
974
964
953
965
957
959
966
965
964
969
957
954
965
968
963
976
961
975
953
950
952
959
967
961
945
938
932
948
933
949
950
947
944
932
950
946
941
943
952
958
943
963
955
950
956
957
946
949
948
967
957
959
968
974
963
969
966
955
969
963
958
947
966
958
981
966
970
954
965
957
938
945
951
949
963
953
963
959
958
954
929
933
940
941
923
945
949
947
950
939
958
965
968
957
971
940
948
925
934
922
939
937
930
938
935
933
947
934
941
945
958
954
966
957
962
947
970
966
955
948
948
946
928
934
930
933
939
950
947
949
