742
729
732
748
736
745
728
747
748
758
751
752
760
759
762
753
755
765
756
768
764
745
749
762
757
744
727
736
753
746
740
747
745
735
752
716
736
721
718
725
739
728
732
732
734
736
736
731
725
734
708
706
721
721
716
721
717
715
716
719
719
710
713
703
711
748
732
726
726
730
728
724
734
734
715
721
712
707
716
701
698
706
721
710
723
704
713
708
708
729
721
713
710
717
701
707
704
704
704
716
707
725
735
724
730
729
721
724
725
723
735
727
733
726
746
750
745
732
745
740
744
731
736
734
722
723
724
703
714
718
713
725
719
708
699
686
691
703
706
697
683
690
687
705
715
718
710
699
701
704
721
724
723
729
726
707
717
707
713
719
727
721
708
699
687
684
691
704
697
688
680
685
685
697
687
683
704
700
682
705
711
704
702
722
732
726
717
727
739
731
719
730
734
733
721
725
736
731
723
724
733
738
744
738
742
718
703
713
701
701
709
707
701
716
716
725
724
725
730
729
733
720
730
719
704
713
698
713
713
702
704
707
692
705
688
690
705
697
685
682
680
685
692
697
698
696
700
701
709
724
722
731
724
701
697
710
713
698
700
698
707
693
723
720
707
692
697
710
698
729
706
697
692
701
691
705
695
697
689
699
708
707
704
696
702
712
710
701
721
726
704
702
708
708
713
723
724
733
723
711
719
728
716
725
716
711
698
706
700
698
714
714
708
704
713
721
713
716
724
720
712
713
711
716
718
708
709
715
725
721
705
712
710
697
693
714
710
693
712
705
716
727
725
706
722
717
716
699
702
715
721
720
712
708
724
722
724
725
722
709
721
717
722
742
718
720
707
711
720
726
730
722
729
737
729
713
719
737
732
732
731
719
706
723
714
711
710
709
705
726
706
708
716
708
711
722
734
714
728
715
720
709
712
694
703
707
708
710
709
712
716
709
710
694
714
708
717
718
708
717
725
725
735
736
737
725
723
737
725
711
710
704
715
707
707
697
700
718
703
720
711
712
723
711
716
713
716
715
714
724
721
715
700
702
702
699
693
691
684
702
691
710
709
703
714
715
710
691
690
687
699
684
688
691
686
686
698
715
716
721
709
712
706
711
698
682
687
688
687
703
691
698
709
703
694
697
693
694
700
714
709
715
713
708
706
698
717
705
710
705
704
698
683
692
702
696
693
689
690
680
702
691
693
699
702
720
724
720
705
712
714
720
714
713
727
712
688
710
708
698
683
687
687
685
705
697
692
685
694
689
701
700
713
712
696
712
708
705
698
715
716
702
702
720
719
716
711
723
721
715
707
703
693
709
712
702
706
716
719
725
706
714
701
722
730
726
725
734
709
705
703
714
707
695
699
697
692
714
698
697
694
672
688
690
701
697
702
712
731
716
708
719
714
717
707
708
714
712
714
728
725
714
714
699
707
705
705
700
719
722
701
712
711
715
699
701
695
694
684
689
698
680
680
676
677
674
699
698
704
701
688
699
704
727
712
696
714
701
692
700
695
699
700
701
683
671
690
695
687
683
694
695
705
704
714
714
719
716
715
721
700
704
699
691
691
686
698
696
683
686
709
683
695
689
705
693
707
706
710
716
712
712
717
715
725
711
718
710
702
685
695
677
691
688
674
689
673
681
671
664
673
662
657
662
665
689
671
684
687
686
680
687
701
694
692
694
697
686
689
704
683
701
705
704
702
690
688
692
706
714
706
724
707
695
696
692
699
703
689
678
680
697
683
679
672
696
692
689
684
692
680
709
707
695
688
683
683
694
690
698
699
682
706
728
707
714
710
716
703
711
712
695
695
693
706
699
702
701
696
688
690
694
692
702
682
679
669
684
677
678
692
686
675
692
672
677
664
688
686
686
686
680
674
678
675
672
674
678
678
684
668
683
686
673
687
682
669
659
670
685
682
688
690
683
682
682
678
691
683
677
686
705
700
695
695
679
685
690
689
679
675
666
662
670
659
670
681
678
694
690
699
697
689
697
690
688
698
688
697
691
692
687
691
695
701
688
694
695
688
686
692
687
686
686
684
692
698
692
705
684
694
699
717
705
694
700
706
694
694
683
700
708
695
695
690
674
679
680
677
685
682
682
685
688
697
688
680
683
701
709
696
689
686
703
690
694
684
706
697
696
707
691
659
670
682
676
683
669
678
688
707
699
701
702
699
706
698
694
684
687
684
681
682
679
688
675
684
691
700
695
690
675
670
679
686
686
687
689
684
688
697
700
687
685
681
689
696
676
676
680
687
684
691
690
690
684
697
697
706
688
689
696
690
682
679
675
675
667
658
668
672
672
672
670
677
680
678
686
682
677
676
663
654
653
647
657
661
661
650
651
651
651
664
656
663
659
655
661
651
659
654
663
667
655
668
661
669
664
661
666
680
675
672
665
660
660
680
664
662
662
660
663
666
673
658
656
649
663
667
675
653
662
661
652
669
672
669
683
669
682
676
676
679
676
680
667
679
679
676
688
674
682
689
670
682
680
680
672
664
675
685
685
678
657
671
673
680
688
702
689
681
673
676
686
691
693
691
695
693
688
693
694
698
679
684
697
691
695
691
696
691
692
679
681
690
682
677
697
692
717
718
690
695
706
713
700
704
710
708
708
740
712
693
700
694
721
727
719
704
703
712
717
695
698
707
705
713
705
683
699
698
699
695
707
704
686
681
682
675
684
657
663
668
664
651
661
678
677
680
680
680
681
669
678
676
666
648
650
668
663
668
677
666
663
673
681
678
683
685
668
666
675
687
687
688
684
679
683
680
678
675
670
679
662
651
663
688
691
686
675
679
671
649
678
673
676
691
711
716
708
705
699
687
688
686
695
687
686
674
668
670
677
677
673
688
696
689
681
690
690
671
682
693
685
681
671
683
677
671
683
684
693
694
694
699
695
690
693
698
699
697
691
695
686
683
687
689
694
673
666
669
670
678
675
674
666
686
686
700
693
692
680
684
690
689
688
684
685
691
691
705
704
714
706
699
680
668
678
674
670
676
673
674
688
684
694
694
696
679
672
682
685
706
690
684
680
693
678
683
676
682
694
690
707
689
702
690
700
677
674
686
686
690
688
690
687
680
665
672
678
671
683
692
685
676
679
696
706
710
706
682
683
677
669
689
684
670
667
669
654
671
651
662
663
670
670
665
669
685
680
688
683
694
683
685
686
697
696
693
693
670
679
695
692
685
686
686
694
674
682
673
686
684
688
690
678
694
668
683
682
687
679
681
702
697
680
679
685
701
700
706
697
692
692
707
697
682
687
692
692
690
698
696
688
673
659
667
667
679
683
690
677
683
696
684
691
689
683
682
695
686
697
690
693
674
678
694
676
668
681
681
680
681
686
677
669
687
692
684
683
687
690
683
692
674
672
681
688
674
665
687
685
682
677
675
675
690
681
681
690
690
692
700
686
688
691
677
683
674
661
663
684
674
669
667
676
680
688
690
684
677
675
683
674
662
648
640
646
639
655
659
666
673
667
661
664
662
655
649
650
648
642
633
631
644
652
656
664
670
670
675
668
671
663
687
673
679
672
681
682
672
681
678
672
667
672
670
667
658
652
656
667
674
663
670
668
660
679
675
690
674
687
686
689
687
689
694
681
693
687
688
696
699
690
682
669
677
670
663
679
676
677
690
676
670
673
665
662
666
657
661
668
669
677
690
684
671
680
685
689
696
679
672
663
659
682
682
685
688
671
682
677
674
676
678
676
679
684
675
689
697
692
702
698
694
706
698
706
696
703
703
692
691
687
677
688
677
698
695
678
682
674
679
682
685
675
676
675
672
676
674
692
682
676
660
658
662
659
663
670
677
667
663
661
669
651
645
651
629
627
632
620
627
639
653
643
660
661
657
668
663
664
669
650
665
661
662
664
657
656
667
682
669
689
687
672
681
672
660
673
668
671
682
664
671
676
670
672
673
667
663
675
669
668
667
669
651
651
651
646
652
665
672
676
682
682
671
670
668
655
651
648
660
647
655
654
663
683
684
674
687
686
680
694
692
691
670
653
669
666
672
664
653
666
658
665
661
649
655
653
657
648
645
646
650
659
657
642
650
656
659
661
652
679
669
673
654
663
669
658
655
658
672
677
685
697
698
692
684
691
670
675
666
659
658
666
674
680
679
670
674
668
673
667
665
671
665
656
674
681
667
673
670
677
680
684
686
692
703
686
658
670
676
678
677
684
669
663
681
673
661
677
678
677
667
681
678
680
682
673
682
698
690
680
669
674
675
671
669
658
651
663
669
667
667
657
669
669
687
695
676
681
673
680
676
676
675
677
676
678
685
685
684
684
668
676
656
659
673
668
673
657
651
653
652
664
657
647
662
661
674
679
678
670
675
692
669
691
687
678
674
674
670
674
678
687
685
683
667
665
659
653
663
663
682
670
645
647
632
654
655
660
662
653
654
668
653
673
670
654
668
666
651
644
646
659
642
633
635
632
657
675
659
657
651
664
668
672
674
678
675
682
673
661
670
672
675
678
679
673
668
671
669
668
665
674
674
669
655
668
670
681
672
683
699
684
685
687
682
679
672
651
647
636
646
633
651
648
640
638
659
662
661
663
652
676
655
644
657
661
682
681
669
681
680
691
699
677
677
676
682
680
675
679
663
681
678
684
676
668
667
666
677
669
665
666
667
671
675
675
684
668
672
662
653
670
662
677
674
662
666
681
674
692
655
656
664
667
678
681
679
663
672
673
678
676
687
672
674
676
689
672
665
672
673
664
655
659
668
662
672
671
662
669
665
670
674
659
664
658
672
682
651
664
673
669
653
642
655
664
657
672
667
660
674
680
674
684
678
663
662
648
648
652
660
650
640
670
690
683
677
676
680
676
683
689
685
689
680
683
694
697
692
701
690
691
679
677
698
699
688
697
683
674
674
669
670
673
672
668
667
669
669
663
659
658
665
662
680
668
667
665
673
677
670
672
661
674
663
682
668
664
671
681
671
660
658
669
677
682
665
667
662
669
664
663
662
643
658
662
649
657
650
653
663
654
660
666
665
661
662
656
654
655
657
656
652
662
660
674
677
676
673
679
671
681
678
682
675
684
676
685
677
658
663
679
670
666
670
662
651
651
647
647
653
670
673
686
680
689
685
695
680
684
680
681
680
683
685
691
677
684
673
689
694
692
684
674
671
678
682
674
681
685
677
668
675
671
677
678
662
650
658
662
663
647
656
675
666
660
659
668
656
672
684
676
673
670
681
678
682
689
700
707
703
683
692
691
701
690
701
691
704
717
706
713
708
688
695
693
696
697
708
698
697
688
706
708
704
685
691
681
682
684
675
683
677
672
680
690
682
690
675
693
700
697
695
692
691
674
678
670
682
684
681
667
657
674
661
674
688
674
672
679
686
686
680
668
668
680
685
679
682
674
681
680
684
688
675
662
682
685
684
677
674
678
664
655
653
659
658
671
661
662
663
666
666
665
671
655
660
661
668
672
669
675
669
675
674
657
654
664
660
661
659
669
658
645
668
650
644
658
652
663
656
668
659
653
664
663
664
651
662
666
677
664
678
681
690
680
673
674
675
682
682
676
663
673
668
681
679
686
681
680
676
692
687
678
679
688
686
688
681
693
683
687
669
668
676
685
674
674
677
679
676
684
691
695
691
699
676
694
694
704
720
703
687
676
671
676
711
695
670
683
687
677
685
668
668
660
657
671
676
678
675
669
663
672
676
658
671
665
661
679
688
689
671
679
668
679
681
686
677
681
678
676
666
666
664
656
660
650
657
649
648
656
653
654
646
646
643
663
651
652
659
676
675
673
662
672
675
686
676
678
680
682
658
669
666
677
681
672
685
699
682
682
686
667
674
669
668
654
654
675
666
667
670
688
689
684
689
681
677
681
660
669
665
658
684
688
691
691
676
674
668
671
674
674
657
651
651
649
649
642
631
631
641
637
638
641
644
642
649
647
640
660
651
646
653
634
636
655
662
666
680
667
673
680
682
681
680
682
686
676
668
683
673
666
667
654
664
660
677
672
664
685
692
688
668
680
682
674
672
661
675
666
671
655
672
676
680
670
663
672
665
653
655
652
662
655
660
644
657
644
655
677
685
665
676
655
649
664
645
659
667
653
643
659
651
671
665
662
656
661
657
672
668
672
675
663
665
663
660
655
650
669
663
655
659
679
668
671
682
658
664
669
668
685
667
662
656
670
672
676
668
682
665
683
662
666
658
671
657
664
676
679
680
669
675
675
687
673
679
664
669
668
660
675
672
680
677
658
674
672
671
657
661
645
660
634
660
657
657
648
667
666
660
663
651
657
653
666
671
667
673
673
659
673
677
671
651
661
672
659
653
660
658
660
647
657
670
665
670
682
677
672
677
677
661
674
657
655
668
673
678
680
673
671
679
684
694
687
683
697
701
693
686
697
694
674
685
678
692
681
686
687
684
689
678
684
675
679
687
682
683
658
673
673
655
650
659
660
663
647
665
654
659
657
649
663
672
683
680
682
691
690
691
660
653
669
671
645
650
653
656
652
661
668
674
668
686
677
664
670
672
672
672
683
665
662
666
651
661
661
654
667
662
667
661
676
667
666
666
665
664
644
651
659
661
666
659
654
676
685
680
683
685
694
674
683
682
688
694
679
679
681
686
673
670
673
683
687
693
678
681
660
648
669
659
653
652
670
671
662
669
669
674
665
685
681
667
667
672
678
673
661
664
659
652
653
653
659
650
655
665
669
666
660
663
656
661
670
681
665
675
668
673
678
666
678
688
690
683
687
673
671
643
657
655
654
650
636
634
623
638
641
656
654
659
650
653
660
653
658
653
654
671
668
657
667
668
677
665
673
676
677
682
667
665
667
676
681
673
680
687
680
687
669
666
657
664
668
673
658
690
654
647
651
663
661
660
652
652
656
662
664
679
672
667
677
673
669
679
675
672
672
684
673
664
659
643
649
669
674
665
667
661
651
681
682
680
667
666
661
661
671
664
672
665
687
689
701
687
675
685
678
677
681
673
673
664
665
682
674
688
669
669
665
658
654
641
641
642
637
657
650
637
653
648
637
645
663
650
650
652
645
660
665
665
672
672
672
671
668
680
671
674
674
685
682
684
686
682
674
686
672
674
675
675
674
665
646
650
654
653
649
656
652
661
656
663
673
672
668
656
664
665
664
661
677
678
686
674
663
667
694
699
689
684
680
687
694
689
692
685
676
694
681
675
673
674
666
666
682
665
662
683
681
680
663
670
673
681
664
682
681
672
672
672
675
670
668
672
662
665
661
654
658
642
645
652
666
649
663
651
657
660
657
660
672
678
669
652
654
666
676
683
659
684
684
672
688
696
690
690
689
682
685
693
684
679
665
662
666
669
668
667
674
677
659
675
689
697
692
692
680
664
662
675
680
674
693
679
676
676
676
668
669
674
679
683
687
672
667
666
686
677
679
691
675
696
693
688
681
686
676
670
669
657
678
684
673
684
686
669
681
686
683
674
670
674
660
672
662
681
677
673
668
657
640
626
645
637
643
645
648
651
671
655
640
647
654
649
649
653
653
652
662
668
663
666
667
661
669
680
684
680
691
676
699
696
701
702
698
696
685
695
686
710
695
692
693
678
677
674
677
672
651
675
673
690
680
681
685
680
682
686
681
693
696
695
689
687
687
687
685
680
688
690
685
688
680
688
683
695
694
693
697
700
705
697
693
685
684
676
671
664
659
661
668
653
666
663
659
651
664
667
684
689
671
674
680
666
662
659
675
646
660
670
680
663
667
663
662
670
662
663
674
661
673
668
672
668
676
668
675
671
671
666
667
663
685
679
673
677
684
675
684
693
676
675
659
645
646
651
670
664
672
677
679
657
673
682
674
672
678
671
668
658
674
663
657
668
671
666
652
652
628
658
648
663
661
667
670
684
664
661
659
672
674
675
672
657
660
669
651
651
656
661
664
670
678
672
669
676
685
672
678
662
675
676
684
686
688
676
672
674
665
666
670
666
668
673
688
692
681
680
686
688
676
690
672
680
686
672
680
675
663
679
672
686
686
682
679
674
674
681
675
665
666
664
660
678
678
690
683
681
682
682
687
672
678
669
679
642
666
650
662
677
676
683
672
661
676
666
669
662
666
677
679
684
666
678
677
678
674
669
658
657
647
649
654
655
660
667
678
682
661
658
653
644
648
649
643
636
659
666
678
678
684
683
675
684
679
678
694
684
683
672
673
666
676
674
666
683
689
669
674
675
677
677
676
679
679
683
682
677
682
681
673
670
662
675
684
681
672
654
663
655
657
659
663
662
665
671
667
663
654
651
651
652
644
652
654
653
668
674
670
670
663
664
658
655
658
665
683
682
681
677
665
685
679
680
686
688
667
678
665
675
677
677
684
661
680
677
668
676
683
668
675
671
672
671
666
676
683
691
684
653
664
671
660
675
679
690
691
684
678
681
678
680
677
680
678
664
673
676
686
685
685
694
700
702
698
705
700
699
702
704
701
696
680
672
682
685
690
685
685
680
677
684
672
662
667
679
681
669
672
681
692
681
682
676
687
687
681
677
658
660
668
666
673
668
668
664
687
690
679
680
678
673
673
670
676
669
650
664
672
684
675
677
674
668
669
676
672
683
673
680
684
679
687
684
674
679
675
670
660
668
665
659
667
673
675
671
661
672
653
648
657
646
666
668
662
660
657
656
653
658
651
656
646
655
654
647
659
641
640
655
637
636
627
659
648
641
631
631
634
632
641
644
638
648
661
641
658
657
659
661
662
654
670
676
675
669
675
655
664
670
661
666
681
678
672
662
666
672
653
665
664
667
678
687
681
674
678
672
677
665
658
671
676
659
663
661
668
655
657
654
653
643
660
658
653
671
658
642
649
650
658
654
656
653
675
671
667
678
681
682
669
658
652
662
656
640
647
638
655
645
643
645
642
637
634
644
657
649
653
656
640
642
651
651
655
654
659
664
669
650
651
646
629
636
641
644
637
653
646
646
637
647
648
649
644
634
634
635
639
656
658
654
661
673
668
657
655
656
654
662
666
667
674
657
657
655
662
665
662
653
649
654
665
664
680
676
665
668
674
668
678
678
672
681
679
668
664
679
665
672
684
680
669
667
685
686
666
676
678
674
665
666
671
666
663
680
672
680
670
675
675
685
677
675
671
670
663
672
672
691
692
683
683
676
689
677
682
666
667
672
675
677
650
658
661
662
661
661
670
661
666
655
646
646
646
663
665
660
659
658
664
658
664
671
680
667
671
680
683
685
667
648
661
673
671
660
674
689
682
687
672
689
674
667
676
664
665
656
668
660
654
667
667
652
664
661
647
656
659
658
667
672
678
679
673
673
681
684
684
685
674
681
675
686
683
663
679
675
667
684
684
672
679
671
672
665
672
678
686
665
661
665
656
671
671
648
661
663
674
659
668
676
680
680
679
677
670
668
668
680
675
677
670
682
670
681
680
679
674
677
679
698
675
685
675
663
686
682
682
677
676
653
656
652
646
660
656
653
658
655
652
654
656
642
644
652
652
649
662
647
638
669
651
653
652
660
648
654
657
658
651
644
659
654
659
649
637
647
638
642
648
643
636
651
646
641
649
656
647
660
645
643
639
637
631
638
648
652
654
667
664
650
651
647
651
651
648
652
654
650
664
653
661
664
660
654
669
656
669
661
667
662
664
661
655
625
640
653
649
640
643
636
630
639
637
654
652
651
647
650
661
650
659
654
661
667
661
652
659
644
661
658
666
670
670
671
664
677
667
658
657
655
661
671
670
670
664
672
660
661
643
636
625
631
631
645
659
647
662
658
662
662
660
654
655
666
659
660
669
653
666
662
658
659
668
662
636
660
672
675
659
659
644
655
632
649
650
654
669
669
658
655
658
638
656
652
648
647
633
643
648
650
640
655
639
649
656
658
648
656
652
637
634
649
658
661
661
663
675
676
654
660
643
642
655
652
648
649
641
640
626
630
653
650
653
648
641
628
642
634
649
653
647
643
642
644
641
627
632
627
621
624
622
633
639
630
627
621
634
628
625
637
631
638
647
655
666
662
645
645
627
630
635
637
635
651
648
640
631
633
642
638
632
638
642
648
639
636
648
635
632
644
655
648
670
659
652
643
631
642
634
651
646
634
629
643
629
634
634
633
629
646
632
634
640
644
633
648
644
646
632
634
630
638
637
636
642
633
630
628
608
608
611
618
624
624
621
616
610
604
618
619
606
618
608
609
602
611
613
604
630
622
621
625
625
634
635
642
640
637
633
634
622
638
639
641
638
636
642
635
648
639
634
644
641
643
631
625
629
628
630
620
614
618
629
629
608
602
603
593
590
605
607
607
605
626
619
631
632
630
634
628
625
626
634
634
640
651
634
637
645
643
645
639
640
639
627
624
628
629
617
624
624
617
623
608
610
617
622
626
643
641
648
644
643
643
648
636
629
639
631
637
643
645
645
650
651
644
654
660
635
637
640
637
632
636
625
633
631
636
643
644
630
641
653
648
642
629
633
630
626
608
617
615
618
627
626
633
625
621
634
624
612
622
634
632
629
626
636
631
637
637
645
650
635
631
629
622
611
618
614
638
634
645
640
629
636
629
626
615
614
622
614
619
602
599
604
621
623
633
615
620
635
628
631
626
636
642
644
641
618
629
638
628
623
632
631
640
616
627
625
632
622
632
646
641
635
630
628
640
638
645
622
631
644
630
635
631
631
626
633
619
618
624
633
622
618
626
644
636
631
663
653
666
656
669
659
647
650
647
666
658
656
664
652
650
644
633
624
633
635
638
642
631
614
607
615
614
619
602
609
625
627
630
632
621
614
599
593
597
602
621
632
630
630
610
621
619
610
625
635
630
624
634
629
603
610
621
606
625
623
614
617
611
618
624
625
634
631
632
633
628
635
652
657
648
647
650
636
645
655
637
633
623
633
635
627
626
623
634
642
634
631
633
620
647
637
638
635
644
640
640
654
647
656
650
647
648
646
629
632
629
641
647
637
640
640
636
610
617
617
618
626
638
618
612
609
605
627
614
634
636
627
621
622
611
619
618
627
644
649
643
649
638
642
641
626
617
612
619
625
626
615
620
594
592
615
619
622
630
624
623
617
622
633
633
641
648
647
650
645
635
640
640
627
637
632
623
619
620
624
633
630
632
624
636
628
623
635
613
625
638
639
634
625
614
640
628
628
623
630
631
631
633
625
631
641
637
628
635
635
626
647
636
634
632
631
644
633
633
639
638
640
631
641
639
648
640
640
633
636
625
623
615
629
624
620
605
608
610
621
624
626
629
614
618
617
615
623
619
637
627
635
612
624
628
628
635
633
646
645
634
632
639
634
633
634
629
624
618
626
622
627
628
626
639
643
641
627
624
628
647
631
637
629
648
633
631
632
627
633
634
642
632
641
622
626
620
618
616
605
623
620
624
623
613
606
617
619
630
598
601
612
640
636
638
631
641
636
632
635
632
646
633
632
633
630
633
629
627
637
637
622
634
630
625
640
644
650
644
637
643
645
631
627
618
624
633
622
622
618
623
638
636
634
651
647
655
644
634
634
628
613
627
621
624
625
633
637
629
636
635
624
638
622
626
627
606
612
607
623
614
608
613
618
632
624
621
622
617
607
620
618
635
636
643
648
635
639
633
631
639
657
647
634
637
637
637
635
632
632
627
637
635
626
630
619
610
618
613
619
625
624
621
624
620
619
624
611
619
630
629
624
600
610
615
599
612
615
621
633
632
621
622
602
617
601
595
593
598
598
606
607
603
612
609
606
599
616
595
605
595
595
605
605
593
590
597
595
608
620
626
614
625
619
620
613
614
622
616
620
612
612
595
614
630
618
626
631
620
614
614
603
617
624
602
607
603
613
610
622
603
616
614
617
629
643
638
612
622
603
596
591
604
596
602
615
611
610
609
604
619
622
622
635
642
652
640
638
620
624
601
616
619
630
630
627
633
636
659
647
636
627
621
638
641
656
649
647
637
634
638
625
628
623
614
610
610
600
626
632
636
638
643
636
620
605
598
612
616
630
630
613
630
628
632
634
633
628
630
625
636
632
635
639
647
632
645
641
648
646
646
640
632
627
637
623
637
625
625
625
630
632
630
628
616
608
609
608
617
600
593
608
603
597
598
597
616
615
625
607
617
605
606
605
618
632
627
631
621
631
619
613
636
622
618
628
622
613
611
613
613
613
616
620
622
621
630
627
629
640
632
634
611
613
609
610
608
584
587
611
609
621
611
607
610
614
608
617
617
625
623
617
630
629
622
622
622
626
621
621
638
638
640
628
642
631
610
615
627
627
633
622
623
617
609
620
627
624
620
634
634
633
630
626
634
618
636
632
618
625
627
621
623
621
611
609
624
622
615
609
627
624
617
612
603
607
612
619
623
620
619
601
596
618
609
605
609
623
615
609
614
618
620
611
624
631
619
616
607
619
593
602
612
613
600
601
599
600
597
582
580
596
591
596
603
590
614
615
612
628
618
616
607
623
623
623
624
619
627
624
621
612
614
614
611
601
606
600
609
617
607
601
609
597
611
599
598
583
592
597
599
586
611
613
605
615
620
619
622
600
626
621
613
608
620
619
636
642
626
630
623
618
622
629
611
621
628
630
620
623
641
639
632
631
625
624
620
643
647
641
629
634
645
635
621
625
629
623
634
642
637
644
646
655
645
648
641
615
631
617
624
623
634
632
624
624
625
631
617
621
620
620
612
614
617
634
625
628
631
624
638
627
614
616
605
619
614
624
611
616
602
620
620
630
624
628
641
640
634
631
622
645
646
635
632
624
632
615
606
613
612
602
598
593
603
598
598
601
601
613
608
617
618
604
603
602
610
594
616
618
621
622
614
618
600
610
617
615
612
619
627
629
625
626
628
625
622
622
628
628
623
614
621
622
632
625
613
629
628
624
633
629
625
626
612
625
626
612
615
605
606
607
605
605
616
624
619
625
618
603
600
592
611
606
603
617
609
612
603
620
613
622
610
626
619
621
632
626
618
625
635
629
612
629
623
621
618
597
609
620
611
623
617
616
613
616
635
617
619
624
611
625
616
620
618
611
615
596
604
610
610
622
616
624
631
634
626
613
619
613
639
628
638
628
622
626
624
607
619
610
609
633
626
641
638
629
637
639
630
617
616
611
606
601
599
604
618
614
613
616
595
590
593
594
577
574
574
594
587
595
587
595
596
605
607
609
605
591
604
600
600
613
616
612
615
612
615
594
593
591
591
610
608
602
597
604
602
596
591
592
586
597
582
586
595
581
590
589
577
577
584
579
591
603
593
611
591
593
607
589
602
592
614
605
610
619
616
621
613
613
606
601
609
616
623
602
612
613
602
609
612
620
609
616
609
610
602
611
614
614
621
592
608
615
613
613
613
633
630
628
620
615
606
606
614
615
619
597
609
605
608
617
610
607
631
617
612
609
623
625
624
612
622
631
623
623
623
620
616
627
644
640
629
639
639
624
628
614
622
614
621
621
632
617
616
619
616
621
616
605
608
624
629
623
610
617
612
612
618
630
617
621
617
624
620
614
612
613
625
615
617
620
623
636
633
628
629
630
628
631
634
639
638
624
617
619
622
626
617
600
606
603
603
599
601
592
587
616
608
610
613
615
616
614
611
604
611
612
643
620
620
610
609
600
615
602
602
619
630
636
642
629
641
626
625
635
638
624
630
623
630
630
634
624
635
631
626
630
619
631
628
632
631
619
624
608
600
617
615
617
610
613
606
614
617
598
605
605
617
600
609
594
593
595
598
588
608
602
601
599
605
608
592
587
584
594
577
580
584
587
604
596
604
622
624
626
624
629
633
636
640
631
635
623
603
617
617
607
599
609
616
593
593
591
600
604
617
607
598
607
600
611
604
610
611
608
602
599
607
615
626
621
630
634
638
635
615
622
618
612
612
618
615
621
630
632
636
633
625
619
619
618
614
612
632
623
608
613
602
611
614
620
618
606
608
624
620
624
614
626
611
590
611
608
606
620
634
628
628
643
623
621
617
618
612
624
622
628
610
620
622
619
624
623
622
626
625
612
622
622
619
611
615
640
621
616
607
597
599
603
603
616
618
614
606
616
624
605
614
626
639
634
622
606
619
621
624
627
622
640
631
637
638
624
628
624
623
623
615
615
628
619
612
604
596
599
603
604
598
600
608
611
614
618
623
623
631
621
628
643
635
635
633
628
635
629
628
627
621
609
615
606
616
623
617
609
631
622
626
625
616
613
608
619
618
613
609
624
629
631
629
635
636
638
628
626
621
624
610
596
606
596
627
626
615
621
612
630
623
609
599
608
604
603
589
592
605
597
602
614
605
618
611
599
617
616
617
610
625
630
621
614
622
632
623
621
619
603
601
607
612
618
628
615
627
625
618
623
614
602
621
621
606
619
628
624
619
630
616
626
626
617
617
599
594
591
592
593
595
604
600
612
618
609
619
637
635
626
602
613
627
629
620
608
621
619
617
619
615
602
609
609
613
618
626
614
620
610
621
621
616
619
624
621
623
621
611
609
620
610
620
618
618
621
618
616
620
611
609
620
614
616
602
596
599
589
584
602
596
603
605
599
617
602
598
602
596
600
593
596
592
607
614
599
606
611
601
584
583
579
587
605
602
613
602
603
581
587
595
604
610
592
600
599
592
592
591
601
599
591
596
602
596
602
607
615
605
612
615
621
622
629
626
628
630
619
615
616
619
613
619
601
597
601
604
601
601
625
604
612
588
597
601
584
588
599
609
614
616
610
616
607
612
599
603
602
595
597
584
577
586
581
577
584
586
582
577
582
597
590
603
608
602
604
595
599
592
594
594
608
608
618
618
614
606
606
614
623
617
625
620
617
631
610
613
603
608
622
611
601
610
608
616
616
614
600
604
605
608
601
598
602
597
590
599
600
610
602
601
602
601
610
620
608
602
622
617
617
615
620
617
615
614
612
610
595
598
602
610
615
606
613
616
622
599
600
609
606
606
604
614
601
608
608
609
606
613
625
595
596
612
602
595
605
606
610
609
611
622
603
589
596
587
603
604
605
599
595
595
601
600
591
598
611
608
619
607
601
602
592
604
591
582
602
604
601
590
612
590
593
605
597
595
592
596
593
594
596
596
606
615
607
594
596
601
599
590
591
597
593
591
592
599
590
596
605
594
600
595
604
611
616
613
607
607
616
624
616
614
611
604
606
600
606
591
610
599
598
609
603
615
630
622
627
624
613
607
596
606
613
610
607
621
625
627
622
617
637
614
614
622
615
612
606
614
606
620
619
624
605
609
620
620
614
607
609
607
611
614
606
613
625
604
596
611
615
614
614
609
625
622
598
605
598
609
604
590
604
598
600
593
602
610
603
599
598
605
591
595
601
596
597
597
591
595
571
579
586
571
575
587
576
568
583
596
589
581
585
581
581
596
590
568
587
575
574
563
563
561
564
567
561
560
566
557
556
534
542
551
569
559
560
556
569
575
573
572
580
582
566
560
560
571
586
587
582
568
562
573
569
570
574
570
565
573
566
578
577
587
594
587
586
584
582
570
569
576
580
567
575
579
587
588
594
594
592
581
581
571
572
576
561
569
570
571
583
582
566
565
566
572
574
583
585
585
583
585
559
569
568
565
574
577
564
574
573
571
557
585
584
587
588
584
583
592
600
589
588
579
574
564
575
584
584
586
576
578
584
586
585
581
584
576
585
565
572
565
573
579
579
576
582
590
577
574
580
579
567
572
589
570
571
569
560
576
568
559
570
577
573
577
558
563
568
575
594
583
583
581
577
572
572
583
605
603
592
602
601
598
606
611
604
598
594
599
599
608
594
584
587
586
585
579
582
588
582
589
574
576
569
563
548
560
563
553
567
569
562
561
567
564
577
570
577
570
566
557
562
557
549
553
549
561
558
574
582
564
570
576
575
581
594
580
583
580
581
571
554
554
557
565
573
568
568
558
573
578
575
567
584
581
600
581
585
575
580
588
586
598
594
592
584
578
585
576
582
587
577
574
574
581
590
580
584
575
582
588
585
584
565
570
562
565
551
563
563
544
565
567
557
544
543
536
530
548
557
555
561
567
560
564
569
548
548
574
566
559
558
548
555
565
553
562
570
573
586
587
580
564
568
564
568
574
578
575
566
586
599
584
583
560
565
574
574
566
578
572
574
580
584
580
587
577
568
565
567
565
563
574
573
572
562
561
564
567
573
566
563
574
558
566
569
572
570
580
559
574
571
564
572
570
572
576
575
577
587
572
577
571
583
577
582
580
586
584
576
576
589
588
583
587
589
592
577
580
583
584
580
578
576
594
590
597
599
605
598
589
581
584
585
583
595
588
566
556
559
576
581
577
576
577
568
562
559
569
556
569
576
569
577
579
572
574
577
575
570
569
568
561
559
551
546
562
554
572
573
581
573
597
590
593
593
588
590
586
589
586
587
597
604
593
598
591
600
585
587
581
577
570
580
571
565
558
557
577
576
590
587
585
571
574
562
573
579
583
584
583
573
572
583
586
594
561
568
560
568
570
570
571
559
561
584
572
572
576
579
578
576
582
579
583
582
587
597
591
577
569
572
579
580
569
570
579
583
586
578
585
585
579
575
574
576
570
574
568
577
553
561
564
553
551
551
554
566
574
570
577
556
564
577
588
582
574
588
576
591
579
580
581
574
575
590
585
594
593
596
591
593
584
585
578
581
565
566
571
574
565
570
560
560
564
568
574
555
572
578
572
559
547
558
553
562
565
575
579
574
575
571
579
567
568
565
578
576
580
591
595
594
590
584
569
565
559
550
545
549
564
563
555
548
553
550
555
558
552
558
545
549
562
555
566
579
592
574
573
571
571
569
580
571
565
560
565
566
560
571
573
567
572
571
564
556
566
573
579
565
575
565
560
562
557
570
573
579
573
578
584
593
586
583
572
581
586
589
587
592
580
593
588
583
573
578
577
576
576
556
566
562
568
579
584
574
575
571
581
578
581
591
594
598
588
592
581
592
592
596
597
597
589
589
591
583
588
581
587
594
599
590
592
579
571
577
578
581
590
587
580
587
585
574
570
578
576
577
581
580
589
579
575
562
565
565
558
546
557
562
575
564
573
563
558
559
557
538
550
545
555
561
557
559
557
552
551
560
563
557
550
557
569
556
555
550
561
558
555
571
582
577
575
578
581
583
570
579
579
584
580
568
569
558
558
565
570
552
576
573
579
567
566
564
550
547
558
555
566
568
583
584
581
580
578
583
580
572
592
584
584
584
586
578
574
569
569
570
569
576
571
566
582
573
593
586
586
581
576
559
562
562
567
549
564
551
562
559
569
570
579
572
560
554
572
580
562
573
554
564
579
580
573
574
578
572
597
587
582
578
586
585
574
575
582
568
578
586
579
576
581
585
580
572
573
569
583
569
570
557
582
586
587
580
566
561
571
568
577
579
579
578
580
575
566
580
561
568
553
553
551
554
555
552
554
547
554
570
564
579
566
574
569
570
578
576
562
564
561
559
557
558
559
560
561
579
569
576
556
568
576
583
573
568
567
560
559
566
571
584
578
583
575
576
585
568
567
561
568
563
562
557
554
561
570
564
575
573
589
596
591
588
583
592
584
575
587
579
589
591
593
591
582
583
574
570
581
566
578
580
568
563
574
570
567
560
577
584
583
576
593
587
568
559
568
552
573
566
562
561
555
558
555
557
565
560
552
563
569
563
563
568
565
567
563
569
561
564
569
559
576
585
578
590
581
575
578
578
571
576
579
564
560
558
566
572
581
557
575
562
568
572
568
568
553
559
575
573
573
565
564
578
571
574
568
568
570
570
569
574
573
593
581
580
584
573
572
583
586
574
576
580
578
588
588
578
579
579
566
570
563
564
564
555
564
556
565
558
567
571
569
575
565
550
555
560
560
561
548
556
547
546
558
547
560
569
552
554
557
555
547
550
546
566
570
573
578
573
571
574
577
578
575
568
572
580
567
563
554
547
572
566
563
563
550
548
549
555
556
553
557
552
573
565
549
557
548
556
542
558
550
547
549
544
542
548
551
562
560
546
555
546
558
554
558
562
551
568
578
585
578
582
568
582
592
592
580
586
565
564
576
572
570
585
587
584
574
580
569
561
561
569
560
538
546
553
561
563
577
566
555
559
561
560
566
564
564
571
576
574
571
578
579
582
575
567
554
560
555
555
543
563
568
568
567
571
560
571
563
560
546
555
551
547
543
547
554
563
570
562
560
577
594
583
576
556
557
567
558
571
580
579
564
570
582
578
575
592
584
582
573
551
551
541
557
553
555
568
559
561
559
554
573
565
557
569
578
562
553
565
561
562
562
570
561
559
553
549
544
563
546
536
531
543
545
556
558
548
546
554
550
544
545
551
551
563
567
562
559
561
579
567
571
578
581
575
574
585
580
576
575
564
554
559
566
549
557
563
562
560
555
546
561
554
556
543
561
565
565
569
586
578
571
579
581
579
569
575
579
570
572
556
567
554
562
555
564
566
569
579
577
563
577
575
588
583
587
572
569
563
559
561
562
560
570
564
573
570
560
571
572
568
564
560
574
580
586
572
568
581
569
572
578
582
576
585
577
589
585
577
579
569
572
574
570
571
566
560
564
538
547
560
562
568
573
568
569
572
571
571
572
576
583
584
579
578
580
585
591
589
585
581
576
586
576
564
571
587
583
583
592
576
565
576
576
586
566
547
559
563
568
568
562
573
560
551
560
567
567
561
569
569
564
573
559
565
574
582
585
574
582
577
581
577
560
557
574
572
565
558
569
572
574
569
569
573
582
588
589
595
600
606
590
585
575
575
581
581
581
565
574
573
562
560
559
559
572
571
585
589
592
584
575
564
573
569
560
569
564
554
559
549
555
558
570
573
574
579
563
569
581
575
565
570
568
577
560
557
551
566
548
548
563
570
576
574
584
584
579
587
585
575
579
572
571
573
575
565
561
565
546
549
564
564
571
564
563
571
569
554
557
561
569
570
583
584
576
576
598
594
594
584
580
580
575
574
573
577
574
576
573
570
567
575
573
570
568
568
571
578
582
573
564
562
572
577
561
555
561
569
571
577
574
566
558
554
557
556
570
569
561
561
552
558
553
550
539
559
554
557
562
564
578
589
556
553
570
563
572
580
576
577
592
598
600
594
595
586
581
581
570
567
574
582
585
579
585
581
582
584
574
571
566
581
567
563
582
586
592
589
579
572
583
580
573
576
576
574
561
554
553
568
560
568
565
563
569
565
570
572
570
576
567
559
541
550
543
549
541
547
558
557
560
561
555
560
565
559
554
549
554
563
567
563
564
560
578
569
579
579
569
567
576
563
553
566
565
567
570
570
572
574
579
593
587
593
591
593
585
595
581
569
575
571
576
565
564
560
557
561
561
557
558
549
552
552
561
564
549
548
566
564
562
553
546
549
554
549
545
548
545
542
532
550
552
553
558
537
539
541
550
549
548
542
557
562
567
561
568
564
560
550
543
553
565
558
555
546
548
552
558
560
556
558
543
557
554
542
539
537
552
540
549
550
557
557
549
548
552
547
546
556
550
558
561
560
568
553
556
570
555
547
553
561
562
565
571
580
579
587
575
578
580
583
579
587
598
588
581
585
574
577
576
575
565
559
557
557
541
543
542
523
545
554
557
553
547
539
551
555
555
554
560
563
562
559
560
559
564
565
562
558
549
543
533
535
514
527
524
535
531
529
541
544
547
541
545
541
535
541
540
535
554
549
563
547
538
543
535
544
544
544
550
548
536
542
552
550
552
550
558
550
553
553
558
559
559
568
560
561
541
557
544
551
535
536
550
550
531
550
544
542
537
540
537
536
535
540
533
534
550
538
545
538
551
555
559
559
559
562
557
572
565
564
563
560
567
567
575
578
565
556
553
554
547
548
552
544
544
541
548
552
543
549
560
564
546
549
563
570
566
556
558
560
562
566
563
560
563
564
570
559
569
565
566
560
558
560
556
557
555
576
552
569
583
589
589
582
567
558
557
563
570
550
565
574
576
572
569
577
580
581
563
561
554
571
572
581
576
591
586
583
582
575
566
567
564
552
554
561
553
544
547
557
546
551
553
544
544
541
551
539
547
540
546
537
546
541
534
530
523
532
538
551
536
535
545
548
566
574
566
553
559
578
565
549
562
560
562
557
564
559
545
554
553
557
558
568
567
561
559
555
553
558
560
554
556
566
554
563
557
544
542
545
556
547
543
553
563
560
553
556
565
558
572
560
559
563
568
572
569
560
559
542
539
528
549
556
560
549
543
546
546
546
548
563
548
548
553
547
554
551
546
565
558
566
568
574
567
571
562
566
565
563
561
566
555
574
564
564
546
552
550
551
557
561
557
555
563
565
563
561
567
554
561
558
568
579
572
574
563
556
560
568
573
568
571
573
567
565
560
568
554
567
568
565
559
549
552
564
548
549
544
550
552
556
559
550
555
563
554
558
554
557
559
561
549
548
553
542
533
535
551
541
548
528
531
538
533
540
536
542
540
535
542
534
553
545
539
537
548
553
545
545
532
545
543
545
551
539
531
532
539
536
538
534
556
551
551
560
549
545
551
548
557
573
555
558
563
551
552
547
551
546
548
558
561
560
550
537
550
548
553
559
556
556
557
555
563
564
551
550
551
544
540
562
570
557
560
566
557
550
547
530
538
545
538
560
573
566
562
575
569
570
563
548
566
554
558
555
564
559
561
561
556
555
556
558
554
564
559
558
551
549
547
551
559
573
554
558
564
575
565
564
571
563
556
558
558
566
575
554
550
543
539
549
550
557
555
556
563
566
567
568
552
557
552
568
571
565
558
565
564
567
560
563
571
564
563
557
559
562
545
550
562
566
559
556
547
546
546
549
542
554
558
564
553
561
552
540
541
533
543
546
537
541
530
528
544
542
527
536
554
538
546
541
550
560
534
541
541
542
550
552
547
546
560
564
569
554
558
560
560
559
553
554
557
545
542
552
534
531
537
538
542
543
543
559
552
550
561
562
563
558
552
556
561
568
576
580
576
579
575
577
582
581
567
575
581
579
571
573
560
577
584
581
571
583
581
568
567
551
553
550
556
552
561
551
544
552
565
560
553
562
562
556
539
547
546
550
545
530
529
523
535
545
533
540
550
556
558
571
561
566
570
570
574
560
576
566
575
558
563
552
556
552
556
571
578
572
573
574
586
579
571
560
557
563
558
561
559
555
557
558
557
558
569
554
557
566
572
569
574
562
576
576
580
573
562
566
568
563
573
543
552
540
548
542
528
553
546
552
560
561
563
560
558
564
566
566
556
565
568
575
556
554
560
563
565
569
561
561
553
554
560
560
566
573
577
580
584
589
579
571
563
568
569
578
569
575
561
576
574
569
565
560
564
560
550
556
559
567
550
556
561
546
563
552
559
564
562
574
584
581
583
583
580
580
574
568
565
558
573
552
570
572
573
559
562
556
570
575
565
555
550
556
549
560
559
563
569
569
546
544
558
543
546
561
557
563
565
566
570
569
569
565
566
564
563
572
569
563
567
560
568
566
559
567
560
561
562
559
549
546
550
550
548
558
560
557
564
554
544
544
543
557
555
565
561
559
553
551
546
550
564
574
565
562
566
571
567
563
560
556
570
562
559
559
547
537
539
557
561
563
569
568
563
554
549
550
553
557
567
558
561
564
558
569
561
551
546
546
551
553
547
548
567
551
564
570
555
561
568
551
552
554
551
556
563
556
556
550
550
553
567
547
549
541
546
541
539
535
539
545
543
546
560
553
551
551
550
556
556
557
553
558
554
564
571
560
564
570
575
575
586
577
582
579
578
571
565
572
575
569
586
577
582
572
565
586
566
567
573
579
567
580
558
551
548
540
546
539
530
541
554
550
542
548
546
536
544
566
563
562
571
549
556
542
561
554
551
554
559
565
569
559
566
579
571
571
571
554
555
555
542
539
545
550
550
541
546
546
555
561
564
556
541
531
551
566
548
550
558
548
553
548
546
551
542
544
533
538
556
551
546
553
563
567
568
571
572
573
558
569
574
563
573
576
572
574
572
566
567
566
561
571
579
574
574
565
577
566
567
574
574
574
564
573
566
567
572
569
587
580
579
577
577
572
567
560
565
542
537
548
545
545
554
549
546
567
568
570
573
572
564
563
563
563
564
553
563
555
554
563
556
554
543
547
562
569
572
554
566
567
570
535
554
567
562
577
570
579
558
560
571
558
561
563
566
562
558
552
562
559
544
553
578
565
556
555
558
566
570
565
572
560
554
565
558
569
563
560
572
557
559
556
548
555
555
550
553
552
556
561
558
561
560
567
563
557
555
557
545
553
564
561
572
552
553
554
559
559
573
569
566
558
564
557
556
552
562
564
547
558
556
560
561
556
546
548
538
548
552
549
542
535
532
527
545
560
551
559
559
558
561
558
557
559
559
562
561
562
557
550
554
557
571
563
559
552
555
558
563
562
556
564
551
559
570
568
571
572
579
575
578
581
563
572
575
590
561
567
575
573
567
570
569
570
564
568
564
559
569
556
560
553
543
534
526
540
537
549
533
531
521
519
518
516
517
525
528
530
536
545
542
542
554
555
560
557
575
566
560
562
561
556
560
559
563
552
570
560
567
573
558
551
547
554
549
559
553
565
572
568
560
570
561
546
540
535
538
526
533
546
542
533
544
555
553
558
561
547
546
551
563
564
555
567
572
554
567
561
555
544
554
555
546
538
545
535
556
554
557
558
552
