949
945
934
933
919
928
924
930
938
927
924
937
928
918
920
918
931
936
920
925
932
927
918
910
914
934
933
917
919
931
942
920
928
918
929
931
935
925
938
937
941
935
918
943
912
918
931
929
912
904
904
917
914
915
913
906
924
928
946
942
938
935
931
929
926
935
924
910
912
919
909
919
904
914
914
893
902
901
913
906
911
912
906
913
905
918
899
883
898
906
911
912
911
924
923
920
928
907
924
926
926
903
895
908
908
905
916
923
917
930
925
934
937
934
927
925
938
950
932
937
939
929
935
936
940
927
942
936
938
933
944
934
935
940
920
928
935
929
930
916
919
927
937
924
935
939
937
950
938
949
940
932
934
917
927
916
909
918
914
923
922
930
925
919
925
926
945
939
935
928
938
929
927
919
933
928
933
928
934
928
936
932
938
913
920
911
913
898
910
906
917
896
892
894
897
902
889
899
909
918
908
922
934
931
921
927
928
942
931
940
931
936
926
916
913
923
913
923
920
920
910
912
926
921
920
919
931
925
931
928
897
899
898
897
887
891
894
898
917
905
896
885
887
895
914
899
907
911
906
913
916
951
936
942
935
940
924
929
927
944
927
912
909
911
921
917
919
915
925
914
918
929
926
926
937
924
933
925
935
922
927
921
924
918
923
915
932
925
946
944
941
932
946
935
943
929
929
932
935
920
923
923
917
917
928
922
926
936
922
901
904
926
902
905
912
901
908
923
913
903
892
913
911
927
926
913
931
938
931
923
924
925
920
906
908
886
900
891
888
896
897
890
899
887
902
911
898
904
900
890
885
910
903
917
916
907
921
924
905
900
900
892
899
903
912
925
921
932
919
916
928
928
929
915
920
922
902
906
916
906
904
906
908
914
920
904
911
910
916
913
916
918
917
928
908
916
931
923
911
925
899
902
915
912
906
914
909
902
926
915
916
912
925
893
911
914
922
920
913
925
910
909
914
912
920
928
914
924
914
892
905
914
924
910
917
905
916
897
920
918
922
920
917
913
911
908
917
916
911
928
922
921
938
920
932
927
922
908
916
905
900
918
911
908
919
915
919
923
907
902
900
907
905
891
901
903
905
894
909
893
894
880
880
892
864
867
864
876
872
877
886
873
882
866
878
881
873
881
884
890
892
899
881
887
906
895
891
891
880
884
870
881
899
905
913
896
892
887
907
904
916
918
912
922
916
908
917
919
933
931
911
904
893
886
885
898
877
889
902
881
875
870
882
884
895
888
892
902
908
905
905
903
923
924
920
930
913
892
904
888
894
915
895
901
895
909
896
895
910
918
917
908
915
904
911
914
902
905
908
913
930
915
924
922
921
914
916
910
913
912
898
903
908
914
918
930
932
922
923
908
918
914
924
907
910
905
907
893
909
894
896
894
911
914
887
894
894
890
896
901
893
910
917
897
898
904
908
921
914
907
903
896
906
892
899
890
895
907
908
908
919
901
917
915
904
898
914
921
912
903
909
906
917
906
916
912
912
910
915
921
916
905
912
909
918
919
917
934
919
925
901
896
889
883
891
914
905
903
894
891
890
879
895
881
894
891
890
883
887
901
892
888
885
902
897
915
899
892
891
902
891
902
894
891
901
900
890
910
899
888
887
879
885
893
887
897
886
892
899
914
912
907
914
899
913
909
923
922
910
904
909
915
907
907
914
907
915
891
892
878
901
885
892
866
876
882
882
880
875
871
890
875
877
891
904
914
898
877
886
899
880
886
891
878
881
882
893
876
877
870
867
859
863
857
856
862
875
866
873
885
885
883
880
903
901
905
898
879
890
898
891
895
878
871
878
886
889
893
898
888
912
884
892
880
884
881
888
881
878
879
862
865
869
881
878
891
878
880
896
898
901
884
885
884
894
902
906
895
902
900
893
898
899
908
911
907
909
910
933
922
925
919
923
911
908
906
908
909
906
914
900
891
906
894
908
894
906
876
875
865
874
876
871
877
891
881
887
886
885
906
902
897
907
893
895
890
896
891
893
894
902
897
883
887
875
866
866
859
874
888
901
879
888
885
904
908
911
906
907
911
899
888
882
878
898
883
883
897
883
894
908
903
917
912
912
898
902
880
886
882
879
870
883
881
872
897
878
895
889
878
896
900
889
876
889
887
877
893
894
888
894
886
901
912
913
906
891
908
899
911
906
893
906
905
910
914
909
909
907
896
883
905
902
889
879
871
887
892
883
901
901
906
888
892
900
886
892
878
871
859
853
876
873
881
865
856
853
870
861
879
879
890
874
906
895
879
900
897
890
891
877
870
870
892
896
893
897
893
908
896
895
885
863
871
882
877
886
904
890
898
901
904
891
890
878
859
879
882
893
903
906
918
916
906
904
912
895
899
889
903
895
904
891
893
886
897
893
890
882
867
878
875
880
877
872
870
865
875
881
866
874
866
887
874
891
888
901
892
889
888
892
882
872
900
897
913
905
910
901
893
895
897
901
886
889
883
866
869
872
876
875
875
870
865
878
879
885
872
873
885
893
893
880
882
877
874
878
871
882
876
890
873
878
875
861
873
874
870
887
896
874
888
875
878
871
879
887
888
899
900
912
904
897
899
894
901
904
888
904
896
893
898
890
904
899
895
897
908
895
879
897
891
889
884
876
867
879
883
886
878
882
888
891
893
880
886
893
909
890
873
874
882
885
883
878
892
891
880
886
879
884
877
888
891
887
895
907
905
901
901
903
909
912
899
912
915
907
913
897
897
885
880
885
897
883
889
882
896
899
887
898
889
896
898
892
878
896
895
904
906
910
928
908
881
884
867
884
867
872
879
884
884
874
890
879
878
885
881
893
899
878
883
894
891
900
898
917
905
898
907
892
907
907
908
897
902
877
871
874
873
900
889
887
888
899
899
894
896
891
883
893
896
883
900
899
894
883
898
877
882
891
890
896
892
881
882
889
895
885
895
878
891
896
893
894
876
888
886
871
877
894
894
879
884
890
886
881
877
871
874
883
872
874
879
871
883
886
873
855
877
887
881
896
889
887
896
894
880
891
883
899
900
902
882
873
871
883
879
867
889
871
875
871
884
891
898
886
907
885
902
916
918
923
919
890
906
911
917
914
911
915
909
910
907
902
912
925
907
886
884
880
876
904
906
891
885
888
881
884
900
901
894
901
893
893
895
911
909
917
899
902
880
902
907
896
896
908
907
897
894
898
905
904
907
899
901
904
892
886
902
897
900
895
909
899
900
901
912
892
896
908
904
906
900
914
913
910
898
887
882
893
900
900
914
912
915
913
914
903
912
908
927
919
928
912
915
913
930
923
926
910
902
912
919
920
930
916
921
917
928
928
921
893
893
901
904
904
912
899
898
887
889
875
883
880
890
868
868
851
850
861
867
856
868
868
888
898
899
890
898
908
909
910
914
909
911
902
916
916
917
917
909
912
909
902
915
933
918
905
894
898
897
891
882
886
886
902
902
913
914
893
903
913
907
897
885
867
880
886
897
902
896
907
905
912
912
918
918
904
910
899
898
905
924
920
910
907
910
898
904
891
918
911
905
925
913
917
919
913
910
918
919
927
915
913
906
905
887
882
903
903
908
898
891
899
890
886
902
889
879
884
860
885
881
875
865
867
872
872
881
881
886
889
880
886
902
877
858
875
866
879
890
885
881
884
892
881
886
885
886
875
864
859
875
881
894
880
896
892
892
878
889
885
887
902
892
896
893
892
899
893
906
893
901
891
892
877
884
883
877
879
877
890
887
876
876
869
876
866
883
875
869
873
874
876
874
883
880
853
861
866
872
877
862
869
862
854
863
852
854
867
876
873
876
888
878
870
895
886
865
865
881
883
875
871
888
891
885
895
901
883
888
891
888
882
896
896
904
901
888
902
901
892
898
897
905
914
919
902
908
899
899
884
895
906
897
878
874
883
878
883
873
869
877
884
870
877
871
889
886
875
882
905
897
889
892
901
880
898
874
872
887
890
886
896
890
894
887
881
897
902
898
882
902
913
907
900
891
889
893
885
893
894
889
892
900
903
876
907
890
902
899
899
886
893
881
887
884
885
882
894
892
888
908
911
912
900
892
892
882
892
886
885
895
880
899
895
891
894
885
893
892
894
886
889
879
894
891
894
897
885
888
872
876
884
893
900
892
899
891
886
880
895
908
887
906
906
911
909
892
887
904
887
880
877
873
878
888
886
891
894
891
904
904
882
879
893
910
903
897
872
884
881
883
891
883
879
873
859
861
867
859
865
870
865
877
888
890
885
889
880
878
865
883
886
893
883
875
885
877
875
892
904
898
887
905
902
894
891
885
893
896
902
888
877
888
903
901
896
877
883
884
883
894
891
894
896
902
885
880
898
899
907
891
889
890
903
897
908
897
896
878
904
893
903
882
883
899
897
895
883
902
893
908
910
916
912
905
898
924
917
907
884
878
879
878
883
897
885
884
903
892
869
884
907
901
897
894
884
884
895
883
874
885
870
860
856
884
875
890
886
888
882
896
879
878
886
864
857
850
868
892
877
879
874
875
874
881
873
857
862
859
883
884
891
903
886
880
889
897
883
875
878
882
871
894
890
913
906
899
878
886
888
883
876
875
877
863
879
877
879
889
885
889
899
897
903
901
903
917
907
901
891
889
901
864
887
894
875
884
871
878
890
894
874
884
875
887
893
899
906
906
900
894
912
904
895
897
902
914
915
909
901
902
900
893
912
898
886
886
873
881
880
881
877
878
865
865
868
870
884
868
866
876
875
886
885
897
893
891
891
895
894
878
901
890
896
887
893
893
897
899
896
881
875
878
890
885
882
883
880
872
884
888
876
873
891
892
896
882
877
893
889
895
887
881
889
891
869
886
855
884
882
877
899
882
905
893
890
878
892
891
883
869
884
887
883
885
883
880
884
872
875
892
893
874
882
874
860
878
891
871
870
878
858
856
867
856
865
855
863
875
855
875
878
859
857
861
859
864
873
870
852
874
883
880
877
878
880
896
913
921
902
895
910
900
902
924
915
915
918
915
915
918
910
914
917
905
921
908
902
895
903
900
894
909
912
902
900
893
893
888
887
885
882
881
881
890
890
881
897
885
873
882
903
903
897
904
897
904
906
896
889
886
880
877
877
867
883
875
884
874
867
876
886
883
873
865
872
881
899
900
882
869
850
882
879
883
894
893
909
902
919
917
922
922
929
919
914
912
912
878
880
871
884
895
911
904
896
894
908
908
903
908
920
910
918
923
919
913
907
907
914
901
902
898
891
899
901
904
916
910
885
892
899
885
895
888
890
896
896
897
908
897
908
899
898
884
913
907
915
915
907
906
904
899
884
900
893
895
909
897
895
903
904
891
886
875
881
885
892
905
904
895
891
890
881
892
874
884
868
891
900
886
893
895
899
901
907
908
906
906
917
903
895
908
916
882
899
898
893
882
873
884
880
875
873
858
859
862
879
867
897
885
870
878
870
874
885
884
884
871
868
887
877
875
881
892
892
891
896
893
891
887
883
900
896
902
895
893
918
899
907
908
901
899
896
895
906
918
906
915
909
890
895
908
907
898
884
901
897
903
914
915
900
889
898
886
889
893
887
888
888
901
891
886
897
877
880
887
898
900
896
889
902
908
883
889
887
877
887
888
894
879
869
870
868
889
874
881
879
884
878
874
885
874
883
887
884
896
897
904
911
904
882
902
881
882
887
875
897
893
878
883
883
894
890
893
900
888
893
885
879
870
895
909
894
893
894
889
881
889
902
893
900
904
905
922
914
916
920
893
890
878
883
881
888
880
890
892
895
891
881
889
902
914
927
912
911
893
900
904
887
896
900
896
876
874
876
878
871
874
881
887
884
893
900
899
904
899
914
921
905
901
889
882
884
894
901
891
898
884
888
903
881
869
888
876
869
884
877
901
897
908
908
894
891
886
881
902
886
902
915
908
920
907
896
909
914
926
927
913
890
905
904
899
892
899
876
897
883
892
900
897
895
899
888
897
897
894
898
876
891
909
920
904
890
893
898
900
896
893
906
893
904
895
907
909
889
892
896
890
894
906
888
893
889
903
910
915
912
900
906
904
896
884
876
882
889
885
901
919
905
901
894
905
892
896
884
892
893
889
895
890
881
880
864
885
871
880
866
857
853
872
873
872
884
868
875
856
864
877
862
879
874
853
874
877
880
903
889
891
876
889
887
888
873
882
877
880
884
878
893
899
900
895
897
886
887
879
897
877
878
877
891
891
895
899
894
888
887
883
886
889
892
884
883
889
906
886
882
871
872
876
876
880
897
886
888
870
879
898
875
873
873
861
859
857
865
855
862
875
891
871
873
877
879
877
900
882
869
868
873
896
900
897
878
884
872
874
869
885
884
909
916
912
907
912
901
899
905
899
910
915
890
890
890
903
911
915
907
885
886
890
899
902
919
898
890
896
891
899
904
904
898
897
886
881
882
887
891
873
870
889
892
884
879
885
878
877
872
896
889
896
901
916
905
899
893
885
888
897
879
884
906
907
907
889
904
911
899
884
896
879
873
881
873
879
878
885
868
878
881
880
880
884
864
872
865
867
876
874
873
890
889
892
905
914
905
907
898
878
875
899
896
906
907
913
912
891
898
910
905
897
888
873
868
872
882
880
886
877
874
880
877
885
893
894
896
897
900
891
886
891
903
874
897
893
891
880
889
885
892
887
910
916
918
903
894
889
874
889
883
885
894
885
878
880
873
878
890
882
876
885
887
891
879
871
875
872
884
892
899
909
904
911
909
906
900
897
888
894
888
882
881
906
902
897
897
904
917
911
912
901
902
898
885
887
868
879
875
881
896
904
900
891
895
891
897
899
894
901
903
896
903
876
889
908
913
912
921
896
903
895
901
915
898
896
914
901
899
896
886
894
900
896
888
876
867
871
880
875
871
881
890
892
884
882
875
886
896
895
882
879
901
893
894
887
891
887
910
908
910
918
912
897
904
906
898
890
894
894
890
885
888
902
891
879
885
869
882
888
887
907
895
908
913
908
896
884
873
911
896
906
909
914
898
889
889
900
903
906
889
888
897
900
910
920
908
892
899
887
888
885
874
881
886
865
881
874
891
895
895
904
910
919
896
908
912
905
905
897
910
904
901
930
905
918
924
924
916
901
896
895
899
889
900
897
890
886
900
910
914
917
907
896
900
896
890
884
887
896
895
906
881
897
886
887
878
882
874
875
861
854
857
851
866
869
871
855
851
855
854
865
870
878
873
889
884
879
862
877
893
899
878
886
866
867
860
860
859
853
858
866
867
876
874
887
897
894
893
897
884
882
880
870
869
847
857
873
880
884
876
885
878
878
872
875
880
880
893
873
884
891
886
893
892
892
875
875
869
892
905
883
898
896
904
898
893
912
896
898
897
882
873
878
881
880
891
877
879
890
868
878
870
877
870
872
891
899
902
884
887
893
883
885
878
882
870
882
879
894
875
874
895
879
886
885
877
902
916
918
910
912
898
887
890
866
879
880
880
891
874
865
860
878
882
869
850
864
859
865
867
873
887
891
887
878
878
895
891
884
878
878
882
888
892
880
892
884
877
889
915
917
907
910
914
916
908
884
900
887
885
898
916
921
922
920
911
907
915
896
897
926
908
922
915
896
891
906
890
906
911
901
899
903
889
890
893
900
904
902
895
877
885
894
890
895
898
921
888
904
910
903
904
911
937
908
915
886
917
910
914
902
892
893
894
899
902
887
889
901
887
881
882
878
880
883
885
887
873
885
889
892
890
889
886
894
892
897
899
899
891
894
879
869
874
875
890
888
882
880
876
901
909
905
899
898
895
892
916
918
897
885
891
893
888
902
895
898
893
897
898
884
878
875
879
888
874
889
880
873
884
873
865
884
893
903
900
888
890
897
909
908
904
901
901
906
904
900
902
906
900
897
896
902
903
897
888
908
888
901
900
901
911
896
904
886
884
877
879
870
880
879
883
894
898
896
884
901
908
883
893
893
880
882
876
880
878
889
891
886
876
888
886
898
894
903
881
888
872
873
882
891
893
885
883
882
893
891
906
883
880
871
879
878
866
877
884
864
868
888
894
883
900
897
900
886
864
867
870
891
884
881
889
888
876
873
885
901
907
899
897
874
890
886
878
876
875
882
877
867
870
894
878
874
870
870
869
867
880
884
873
878
882
891
867
870
866
865
858
869
873
880
894
906
889
894
890
885
901
882
886
878
871
889
881
907
889
872
883
903
909
913
919
923
919
912
915
903
900
890
879
869
879
870
855
864
875
869
876
875
883
894
880
885
881
890
891
877
884
885
870
883
891
893
900
876
889
899
884
874
874
869
867
864
880
880
878
876
865
878
878
883
883
871
874
867
877
884
877
886
888
889
881
879
874
870
868
877
886
869
890
888
870
857
859
860
862
867
872
883
883
903
907
901
900
909
907
893
887
880
882
879
879
886
877
881
873
885
887
886
875
875
878
884
892
900
887
902
893
894
889
884
891
909
898
894
909
908
903
899
888
887
884
890
896
899
909
917
916
910
895
889
883
883
871
856
871
871
890
897
900
888
873
883
885
868
874
872
887
887
867
886
886
888
902
913
901
877
895
899
896
884
887
891
885
904
886
891
897
891
901
895
891
900
906
907
910
892
883
894
907
900
895
879
895
896
893
893
901
900
904
907
907
872
899
918
910
903
910
904
902
887
874
886
870
871
858
881
884
854
867
864
861
862
877
883
886
887
898
887
893
882
875
883
893
896
887
879
887
883
891
881
893
876
893
895
895
912
906
900
892
875
886
887
882
860
880
879
889
886
889
879
882
864
871
895
904
886
885
873
879
861
872
864
858
867
875
878
879
885
878
866
878
888
897
877
884
888
882
905
909
885
883
901
893
886
882
876
885
875
886
901
899
905
899
887
903
894
894
888
888
883
882
870
888
893
893
901
888
880
893
879
864
892
886
887
890
892
892
885
891
867
867
852
847
849
863
849
848
864
856
844
849
871
872
867
880
876
890
879
854
859
870
886
891
888
872
883
875
869
878
865
865
887
897
890
891
885
883
880
885
887
883
898
885
881
875
877
896
879
879
887
874
873
875
876
876
877
892
888
879
859
865
847
858
868
868
854
861
848
836
852
852
860
861
864
866
864
883
865
862
866
852
848
859
868
870
869
878
890
869
879
871
861
846
849
858
844
869
877
885
867
864
860
873
859
866
865
864
861
847
856
856
854
843
880
848
856
854
858
839
858
857
852
840
849
862
879
860
863
871
883
895
891
900
902
892
883
903
900
904
892
901
905
900
872
875
879
872
871
870
865
869
860
849
849
833
844
854
848
841
878
876
863
864
856
858
859
867
874
887
875
874
858
874
868
875
853
856
867
888
866
871
851
868
874
876
871
876
873
896
881
867
878
875
868
886
888
875
880
876
868
869
876
864
860
868
853
845
854
864
851
888
885
879
877
896
891
882
881
879
873
861
866
859
884
895
864
878
868
875
871
878
893
891
905
873
872
873
864
872
876
882
877
870
882
880
886
880
885
879
873
878
883
869
850
864
874
879
869
882
872
866
884
853
866
869
873
864
864
867
872
894
886
896
897
886
884
890
886
898
898
890
886
894
879
889
893
892
873
878
884
895
894
872
885
889
876
893
892
880
885
889
889
891
888
876
884
873
877
875
867
886
894
882
891
885
870
869
882
885
874
895
880
879
865
858
869
876
878
882
897
891
884
866
866
878
869
877
869
863
868
882
886
885
881
887
889
885
883
868
856
875
861
843
850
873
863
883
878
873
881
879
887
878
886
881
883
878
879
864
876
868
867
879
877
895
885
882
889
888
900
895
896
872
885
870
867
863
860
856
869
876
862
868
883
895
884
868
855
852
853
857
866
872
870
867
864
861
837
848
846
838
839
849
847
829
845
842
851
832
840
866
872
856
853
855
859
858
850
857
871
878
866
849
869
877
889
897
897
881
881
866
874
848
870
882
882
874
866
872
880
855
863
869
870
899
885
878
877
877
876
875
857
854
859
867
869
882
879
893
897
909
907
904
904
893
891
879
866
867
882
874
864
861
863
861
867
868
856
872
878
882
862
867
865
877
880
894
891
884
890
873
866
864
872
876
900
888
894
900
896
906
897
893
872
887
877
867
880
874
885
879
868
889
883
881
895
871
879
866
870
871
863
863
852
849
836
854
860
862
885
881
896
898
890
888
900
884
887
879
873
888
871
881
881
880
882
879
891
886
888
883
875
868
874
875
870
875
866
874
884
870
869
878
882
875
887
872
861
872
869
864
853
861
861
861
848
856
864
854
874
873
874
855
860
867
878
874
878
877
867
885
869
883
889
877
892
899
893
896
909
907
884
890
897
892
881
880
885
873
885
896
884
890
891
893
907
891
894
875
882
882
862
877
886
882
871
867
873
886
883
891
884
895
912
897
883
882
880
885
858
876
856
872
859
861
881
872
854
853
842
855
851
852
847
869
876
880
886
878
874
854
855
855
861
862
861
852
865
880
876
862
876
873
865
871
880
884
901
889
889
885
870
874
867
876
874
879
868
879
885
898
867
876
888
874
875
883
886
901
902
901
902
901
883
890
904
880
886
887
892
884
876
896
897
881
879
887
888
885
881
867
869
841
874
877
886
887
872
862
881
863
852
858
864
872
861
859
871
883
878
883
892
884
887
886
865
882
881
874
875
874
886
885
879
878
882
864
885
867
856
878
884
881
879
872
856
862
847
857
854
844
868
875
862
863
874
871
883
883
887
899
881
871
875
879
863
860
860
882
888
878
881
885
892
896
892
910
878
873
868
865
871
869
857
859
872
869
866
866
871
858
877
867
863
847
861
848
859
851
847
851
870
860
869
870
869
870
853
853
854
835
838
824
830
842
850
839
855
876
863
856
865
869
881
876
881
879
861
884
876
875
891
887
868
875
875
882
895
899
885
871
890
894
891
884
880
894
895
894
897
899
893
892
880
906
864
857
868
866
873
884
870
884
878
876
881
873
898
887
879
886
882
873
866
866
865
858
872
876
886
885
886
878
856
876
881
870
868
869
862
860
864
857
874
863
874
870
873
893
874
873
865
865
873
869
871
872
889
886
877
885
883
876
888
887
886
878
896
887
878
890
899
896
892
903
892
895
895
876
880
879
881
883
895
884
886
891
891
891
887
898
884
885
893
894
885
889
888
880
870
876
888
879
878
882
876
864
874
876
881
888
903
900
902
894
888
894
891
880
888
892
910
904
882
880
880
875
877
897
882
889
862
873
853
889
878
860
860
886
895
889
885
863
867
849
861
854
874
889
871
875
862
867
867
851
864
856
861
876
875
871
873
874
854
871
866
883
870
892
870
891
882
875
879
871
868
899
880
882
852
846
871
858
864
867
874
871
866
880
860
852
876
877
898
881
883
878
886
884
884
898
885
897
894
893
893
894
895
909
906
916
917
903
910
911
900
898
890
891
893
881
876
893
877
875
891
912
895
892
897
901
901
886
894
871
877
895
879
880
870
878
877
867
870
850
847
855
860
859
891
861
871
864
856
870
865
870
861
865
881
882
872
877
882
869
876
881
880
886
877
880
879
891
898
899
896
906
897
886
893
909
908
926
925
926
903
895
900
879
895
877
886
893
882
874
881
880
872
889
890
893
889
891
891
900
885
854
879
868
872
882
883
881
877
879
868
864
865
866
877
865
858
868
865
871
897
892
875
885
897
891
884
880
883
903
883
884
888
892
888
875
884
877
855
877
864
855
860
869
876
885
890
886
891
890
896
896
886
899
895
893
894
906
894
903
903
909
901
908
890
900
907
891
909
882
892
878
882
875
898
892
886
895
897
897
897
905
909
894
899
882
899
890
902
892
895
895
884
882
870
884
882
878
885
869
864
875
861
870
870
845
856
853
859
860
863
880
857
878
865
875
873
862
875
890
880
883
893
904
893
882
890
890
879
889
877
886
898
890
884
891
893
887
873
866
856
864
869
876
878
881
872
876
894
888
895
892
900
891
895
888
885
884
882
894
891
886
904
894
881
892
882
895
893
895
860
855
872
863
868
862
848
852
857
870
864
870
873
874
872
886
870
888
873
880
869
875
871
862
880
876
862
885
894
883
876
881
895
894
892
880
890
869
867
875
877
879
863
878
893
875
889
875
872
859
883
883
856
856
871
845
861
881
870
871
876
869
865
872
867
878
872
874
866
856
875
876
877
889
891
886
878
885
886
874
875
876
893
881
878
859
862
857
854
848
837
843
862
860
846
849
848
846
851
843
869
860
864
883
892
880
896
895
887
881
871
893
880
872
878
877
887
890
889
879
879
877
879
878
868
875
877
868
871
864
859
867
878
884
881
878
894
878
883
876
867
856
870
866
854
865
878
886
876
871
866
852
858
852
853
840
854
854
865
865
865
861
852
869
875
874
866
874
889
894
877
871
868
877
873
876
881
857
859
862
861
865
864
876
858
848
847
861
845
846
839
837
841
849
845
851
856
851
848
847
859
825
825
832
843
855
846
842
839
854
846
845
853
853
849
856
856
861
851
844
868
874
867
864
867
869
869
872
859
878
859
857
856
845
842
842
857
868
866
865
873
860
866
863
867
871
863
862
864
855
884
896
881
879
882
872
876
891
896
876
868
871
870
850
857
859
876
871
874
873
889
871
873
870
861
868
864
849
850
847
856
845
841
853
862
866
868
869
847
852
865
860
865
862
848
845
873
877
853
846
846
838
840
858
857
855
866
888
887
884
881
891
881
888
891
886
886
880
870
877
877
862
866
850
855
868
858
858
855
862
858
857
869
859
872
874
864
844
851
845
841
851
845
843
836
844
835
837
823
844
831
831
838
827
814
854
851
861
836
830
825
834
853
843
852
851
861
858
873
857
862
834
854
866
881
882
872
855
849
851
844
864
856
850
874
873
877
889
895
900
904
888
886
883
888
868
882
870
871
858
865
870
870
873
873
867
862
843
823
832
834
839
853
830
838
851
845
843
854
854
844
850
831
847
836
851
853
839
839
838
855
859
859
860
864
878
871
860
858
847
872
859
850
859
863
860
850
851
857
858
871
864
863
865
863
872
863
867
858
851
855
860
861
856
854
851
847
851
848
850
846
856
862
849
868
865
861
856
854
844
846
853
850
847
857
861
843
843
819
840
842
850
842
845
845
841
845
838
846
851
852
856
843
859
850
835
831
836
828
842
845
843
827
839
835
848
843
835
840
836
842
839
841
858
869
862
866
858
869
857
855
854
866
862
875
873
869
861
877
860
857
844
846
845
851
829
847
846
865
844
858
838
844
851
840
851
852
861
859
874
857
848
854
854
859
850
864
861
864
866
864
854
846
849
845
843
854
860
836
845
854
861
860
861
855
865
850
830
836
846
846
848
828
842
833
815
828
836
851
836
837
831
857
849
843
848
852
850
849
859
840
836
845
847
844
857
845
859
873
878
869
868
873
871
858
852
864
857
867
856
862
863
841
845
843
851
854
858
857
858
859
873
857
861
864
856
852
854
859
866
873
869
867
871
850
851
850
847
827
838
840
840
827
821
819
818
815
840
843
853
849
839
840
821
831
833
851
851
842
852
874
866
853
868
864
863
850
851
839
867
863
857
868
874
874
853
862
859
846
837
847
835
841
850
847
850
849
849
840
848
844
838
845
854
851
848
854
870
865
856
850
856
844
851
844
860
856
847
851
839
810
820
826
826
839
858
855
870
863
850
863
853
859
865
864
865
860
869
866
875
872
856
844
852
845
861
863
860
857
866
877
860
878
862
854
859
852
855
863
855
869
883
868
870
867
864
850
854
857
836
847
862
849
850
868
867
835
862
848
854
849
850
870
860
866
858
861
853
849
858
844
850
826
831
838
848
861
835
829
832
821
827
820
825
835
855
862
854
869
852
838
847
848
840
841
833
840
854
849
857
863
860
859
840
842
832
824
842
837
844
842
854
860
858
853
847
869
887
865
865
850
864
842
843
845
842
856
844
842
840
855
851
844
844
860
862
854
838
831
820
818
818
823
828
836
843
826
824
820
825
848
856
846
831
852
839
836
841
844
846
853
841
846
850
852
861
866
850
843
858
852
853
848
849
843
844
839
858
851
858
849
841
843
846
831
835
840
841
845
839
829
821
835
839
839
845
846
834
834
836
826
831
828
833
838
841
848
831
847
851
847
847
854
865
862
854
847
856
847
848
839
839
833
852
845
844
854
827
858
860
863
862
850
841
831
838
848
836
819
845
835
825
822
839
845
851
828
824
815
826
819
814
813
834
822
828
834
832
830
839
841
834
814
803
836
822
811
812
830
825
821
821
817
833
831
817
822
840
829
826
831
832
857
844
843
846
858
846
851
852
854
839
841
865
856
845
847
840
830
852
835
839
839
843
846
857
833
846
840
839
840
846
851
838
824
825
821
822
817
813
839
840
828
830
838
837
810
792
790
796
805
814
829
827
842
844
839
851
845
838
828
844
831
827
829
815
823
829
824
828
838
835
828
826
830
825
831
846
853
842
845
824
833
847
841
822
822
825
810
815
824
821
819
838
815
814
813
816
817
822
807
816
813
818
834
832
834
840
833
820
814
810
820
821
839
840
832
834
827
848
855
857
843
849
859
853
842
849
845
842
858
851
848
867
856
871
877
862
873
867
857
856
857
838
852
838
848
846
869
851
839
834
829
843
832
834
826
819
840
844
840
861
839
835
850
848
837
843
850
843
835
838
838
827
846
842
838
839
830
840
832
838
827
840
818
828
828
821
840
844
850
843
845
839
853
844
843
839
840
842
837
843
833
836
837
838
833
815
824
800
823
828
829
832
837
824
833
835
845
833
840
832
830
831
828
825
836
834
820
814
818
822
827
830
826
827
829
829
805
821
823
832
824
825
837
838
837
814
825
822
813
821
815
836
836
820
833
820
834
834
842
837
838
851
842
857
863
867
851
855
854
849
853
843
853
850
848
843
841
837
838
824
822
820
824
826
823
825
812
824
823
826
822
829
829
827
833
835
839
835
848
841
858
854
849
849
849
847
837
851
836
848
846
826
831
834
851
853
848
843
846
856
860
861
848
853
852
838
847
841
837
850
848
854
853
859
858
847
837
854
866
851
840
836
849
840
840
844
844
834
839
844
830
842
842
853
859
851
838
834
840
836
852
824
854
839
833
844
830
840
823
821
815
828
816
814
816
805
828
824
820
830
832
825
818
819
818
818
823
819
802
787
779
796
803
813
815
786
814
817
805
824
828
835
846
853
835
822
831
826
839
823
834
846
845
839
841
851
837
836
838
843
844
839
848
831
832
844
826
825
832
845
851
844
836
826
840
839
831
841
839
828
832
824
823
830
819
835
837
842
844
846
829
838
837
846
843
847
842
833
840
838
837
832
846
835
835
850
843
839
846
841
836
816
826
807
825
833
821
815
814
826
840
841
835
852
845
851
839
834
818
805
827
825
822
824
836
823
818
815
825
827
827
801
817
816
840
841
845
844
836
815
817
826
826
827
829
830
830
819
827
825
810
826
841
833
826
827
825
828
838
833
833
836
835
815
827
849
838
838
835
827
838
837
847
837
843
841
825
831
835
814
823
825
827
829
816
827
824
827
830
825
816
817
822
833
823
826
842
818
831
812
837
844
833
837
845
842
837
826
843
833
831
831
838
828
818
828
815
813
816
825
821
799
819
815
814
816
822
820
838
826
833
837
831
826
842
842
839
829
825
825
810
825
810
809
812
818
810
821
827
826
817
826
834
823
828
830
827
813
803
805
811
806
816
823
806
810
801
817
823
820
811
814
810
812
803
791
790
791
778
776
784
779
786
798
802
801
810
813
818
814
829
815
801
784
791
791
809
815
813
829
813
809
812
819
809
826
838
830
843
828
818
835
823
830
817
829
823
810
804
816
830
805
814
824
817
824
810
824
807
806
798
817
814
821
804
801
811
821
820
837
829
824
826
819
832
824
824
824
824
804
813
807
813
822
813
838
821
834
827
834
836
822
813
795
808
801
803
799
792
798
817
819
820
826
819
820
816
826
823
825
844
841
836
835
829
816
817
821
817
830
823
827
818
815
823
822
818
830
825
801
818
809
813
809
828
816
815
809
797
805
796
814
807
804
808
806
816
820
806
813
807
819
811
795
787
812
789
783
796
806
798
803
800
780
791
800
804
801
793
790
790
791
796
793
800
797
795
793
794
802
791
796
788
808
817
804
820
818
816
804
781
796
798
795
799
797
792
787
788
797
810
818
812
825
820
819
808
809
798
792
787
805
814
826
821
826
813
820
830
836
831
828
835
834
832
822
818
799
797
791
805
794
792
782
790
788
787
776
786
794
796
790
792
783
812
817
806
799
791
786
787
790
791
793
792
798
791
787
805
787
786
797
790
780
786
790
799
810
826
817
811
805
797
808
807
799
797
791
793
772
791
796
794
805
788
773
777
785
779
776
781
775
777
804
811
806
798
804
793
790
806
798
812
804
798
804
815
816
824
811
816
808
814
811
818
810
805
812
803
792
798
801
808
798
781
793
806
800
810
805
817
809
824
824
812
794
789
805
797
786
800
810
798
797
805
809
811
809
793
793
811
810
811
808
806
807
803
807
801
796
809
785
801
779
782
793
798
796
802
798
812
789
799
803
808
813
813
805
822
829
818
834
825
821
814
810
837
828
814
816
817
810
826
821
812
832
825
821
820
815
813
803
805
801
808
801
790
794
795
804
808
815
820
813
821
807
805
806
783
789
796
794
813
797
794
804
811
814
810
808
813
792
791
804
815
820
814
816
813
832
824
820
818
817
802
805
794
791
788
781
784
791
802
818
810
807
805
804
807
807
807
796
794
796
804
806
801
806
801
790
801
802
800
804
803
790
811
813
792
798
802
801
785
803
812
806
805
818
830
817
796
802
814
813
805
804
821
812
806
805
792
807
812
808
824
813
814
798
796
785
789
799
809
806
797
797
798
812
810
811
812
814
813
808
816
810
812
804
807
792
790
807
781
781
777
780
786
788
781
802
789
797
801
775
780
788
792
803
807
797
788
802
789
779
786
789
782
790
790
799
802
788
796
785
795
802
811
807
821
835
830
820
812
810
810
813
825
808
806
824
802
792
792
811
802
800
794
790
797
809
807
812
813
812
821
819
824
817
811
816
819
825
814
829
812
815
814
825
826
804
810
803
814
805
814
813
818
831
825
822
811
813
796
794
800
798
801
811
820
804
797
793
782
770
786
779
792
812
801
808
791
799
795
809
819
823
819
813
817
807
816
816
809
814
830
827
827
833
813
816
826
817
815
813
804
799
805
817
823
817
819
827
826
818
809
812
826
808
820
817
820
817
822
812
814
805
808
806
801
804
789
814
812
806
800
810
806
800
810
807
798
791
793
797
804
779
786
783
781
789
798
807
811
824
809
815
806
800
795
806
801
817
791
805
800
803
809
809
816
819
809
810
809
809
805
813
804
819
807
814
809
803
787
780
797
792
809
808
795
789
795
783
780
782
795
795
790
788
786
782
801
792
803
801
797
792
796
791
786
803
789
784
803
811
798
800
787
797
788
793
797
803
791
800
794
785
794
784
798
795
797
807
794
803
810
808
808
806
798
789
787
778
793
794
789
819
810
798
804
809
803
807
805
801
803
804
799
812
818
811
799
814
803
793
795
820
817
823
808
794
810
801
817
820
808
807
822
793
811
790
794
793
783
763
778
791
786
792
791
797
810
810
808
811
811
812
801
790
799
797
810
794
815
809
806
805
805
805
785
800
786
807
805
796
810
796
803
797
804
797
796
792
793
797
790
804
805
809
797
806
805
797
801
787
794
789
790
796
792
785
798
777
796
779
787
764
770
777
784
786
799
782
778
772
762
773
795
789
789
799
794
792
795
773
766
776
763
749
749
764
769
766
776
772
784
775
799
780
791
786
786
792
780
784
782
761
754
768
779
763
758
784
754
769
761
773
774
772
783
785
793
792
790
786
773
776
776
769
775
788
790
791
782
786
785
777
767
777
785
771
770
778
762
780
784
795
786
779
765
797
791
789
795
810
807
799
792
792
791
796
803
786
800
793
769
777
774
782
776
784
790
786
784
760
783
772
792
790
767
770
783
783
789
793
780
790
780
772
776
774
774
781
775
787
784
793
783
777
788
784
774
778
784
769
767
785
773
777
778
781
775
782
773
791
788
790
786
783
764
779
782
780
777
789
770
781
788
787
788
794
806
782
773
775
778
768
773
763
771
764
766
757
771
760
764
777
770
771
766
750
747
749
764
772
773
780
773
782
767
770
776
764
764
773
766
756
784
771
783
790
785
790
799
793
792
800
817
805
795
807
797
798
791
805
790
786
786
782
811
798
787
775
790
788
790
782
789
794
798
793
788
774
762
777
766
744
757
758
769
767
784
772
788
775
779
762
766
762
770
772
766
754
744
758
765
763
774
762
767
760
764
757
770
765
783
777
778
781
787
786
792
782
777
768
774
774
762
772
782
782
773
764
759
756
771
772
773
780
759
770
770
757
768
762
773
766
791
778
795
794
793
785
791
787
791
794
788
792
783
770
764
773
778
763
773
778
770
759
770
759
755
771
762
772
772
785
779
783
781
779
767
768
775
771
775
781
763
768
758
764
767
753
757
765
763
750
746
743
748
757
745
747
741
753
758
751
762
766
772
770
765
776
781
793
781
786
788
771
753
776
777
780
767
777
780
773
773
775
795
793
775
767
761
774
760
783
779
770
787
777
781
770
786
766
771
776
772
770
770
770
772
777
754
750
772
770
761
761
772
771
775
775
801
783
796
776
782
778
780
761
768
763
753
768
779
775
778
775
805
798
788
800
807
794
798
794
788
785
789
776
780
775
781
771
765
769
773
768
770
775
787
771
769
783
785
799
790
787
789
785
781
776
796
793
789
778
773
784
790
788
782
795
788
774
793
787
767
770
787
776
764
782
770
767
762
752
765
759
762
781
776
783
777
776
779
771
778
774
781
785
786
792
792
789
784
769
779
773
767
778
768
774
781
773
780
770
761
760
777
782
785
775
780
778
794
788
777
786
783
785
781
787
784
797
794
794
808
785
786
787
775
779
777
782
783
770
785
781
775
775
769
762
763
770
765
771
783
776
771
773
780
774
766
763
787
773
781
778
790
781
779
781
785
795
785
793
785
783
798
791
800
803
797
779
792
791
802
798
775
767
762
763
761
743
747
761
762
770
757
764
773
774
761
762
768
766
771
764
756
768
762
769
760
750
757
757
755
747
753
757
743
758
772
787
781
781
775
779
748
757
765
761
760
762
769
758
767
762
761
770
758
754
760
753
758
753
753
749
755
746
750
763
773
754
762
768
775
771
779
753
752
766
743
761
765
758
751
770
752
753
762
759
761
782
769
782
784
766
766
753
758
749
757
747
757
753
740
750
735
751
753
756
730
744
740
750
750
729
737
743
736
743
742
729
744
728
738
743
752
759
772
760
764
760
752
745
751
742
746
726
736
729
740
737
744
731
742
744
742
761
746
755
765
753
750
745
740
743
764
760
759
753
771
768
771
767
764
773
772
783
781
775
770
775
766
771
761
759
748
759
755
747
749
749
747
755
750
747
759
747
738
748
752
753
752
755
759
752
758
764
761
760
760
773
752
751
759
767
750
755
758
774
768
767
772
757
750
762
755
755
750
756
751
757
752
756
752
736
738
736
738
747
743
754
746
754
758
739
738
744
745
753
756
760
748
765
763
774
765
772
754
756
742
750
748
752
754
752
766
766
770
784
779
784
789
784
786
785
778
787
756
771
761
772
764
757
762
767
759
770
780
773
773
770
778
767
759
751
760
762
768
763
763
765
763
756
750
762
751
748
753
747
745
758
756
757
775
778
772
760
756
770
758
781
771
765
757
766
750
740
750
752
761
764
771
757
761
736
742
747
742
749
743
765
750
755
755
750
747
752
761
735
744
750
756
737
746
742
745
740
736
744
748
741
740
741
745
743
750
734
742
747
770
772
762
749
760
766
773
764
771
780
779
775
759
762
771
781
773
766
773
770
750
753
764
763
754
754
752
728
750
732
744
740
740
744
749
758
759
769
770
775
764
767
770
768
781
771
774
782
767
763
754
767
765
760
778
763
747
744
764
769
755
754
764
753
752
762
753
765
753
756
752
759
768
772
763
772
768
768
765
758
743
737
739
732
750
744
759
751
757
752
770
750
743
769
769
772
787
794
777
787
779
785
783
773
783
772
771
768
758
756
753
737
732
756
755
754
782
767
755
749
763
762
772
774
759
765
772
759
767
754
744
762
771
761
762
762
761
771
780
770
773
770
779
787
777
778
758
778
778
780
780
787
779
784
763
770
774
772
754
750
759
773
775
767
767
763
754
752
755
759
733
746
737
752
764
776
754
751
756
759
753
758
756
774
764
767
772
774
772
763
739
733
748
740
747
740
740
731
722
730
732
742
732
731
737
733
737
739
744
751
756
763
746
748
744
748
737
734
741
734
737
732
742
756
755
752
763
767
760
753
748
751
740
743
728
738
756
763
765
756
754
768
773
771
766
776
776
789
786
775
773
768
755
765
755
770
777
762
760
760
748
757
754
761
763
769
768
762
758
766
768
764
755
762
752
764
764
758
772
769
768
770
780
775
779
772
783
777
786
779
782
767
774
767
760
761
757
744
737
732
727
742
749
758
761
760
754
750
755
758
767
767
758
757
747
737
755
744
739
746
751
768
767
764
734
756
761
768
765
761
765
770
772
766
751
755
745
748
744
759
756
784
774
772
765
767
766
757
754
747
746
756
752
763
761
751
765
759
745
752
746
750
753
752
761
771
767
749
792
781
777
767
774
771
767
746
757
753
741
735
734
740
745
744
749
753
759
763
752
758
752
742
739
732
724
725
731
719
735
739
748
741
745
747
740
752
751
737
741
745
740
735
748
738
727
736
741
738
749
753
752
739
746
748
745
748
733
734
715
722
730
720
718
725
742
728
746
743
745
747
735
754
753
745
758
744
751
741
739
738
749
752
753
754
752
754
742
759
747
742
750
738
742
749
751
746
741
754
746
759
756
745
758
764
754
749
748
749
748
731
745
741
722
722
743
745
753
746
753
770
762
749
757
767
772
777
775
788
753
765
757
755
752
746
759
762
746
748
745
759
744
744
745
741
750
734
730
731
743
734
749
743
758
745
745
735
726
738
733
717
710
740
746
721
717
726
724
718
732
738
742
744
733
748
749
749
723
737
748
741
737
736
708
730
737
743
731
734
744
740
735
719
732
735
726
738
745
749
751
749
745
760
729
742
743
742
734
736
738
733
738
732
732
743
761
767
761
752
753
748
743
742
743
755
753
758
752
756
757
748
751
732
741
729
745
741
754
752
746
744
743
744
753
761
746
767
765
769
769
770
765
770
767
764
765
762
756
758
753
760
757
768
746
760
758
749
752
756
763
774
777
759
766
751
763
759
745
758
758
766
750
755
743
755
746
759
762
750
757
743
739
739
735
734
744
748
753
752
753
754
752
755
749
737
735
737
737
750
738
730
736
732
731
728
737
735
720
722
740
745
735
758
754
752
763
757
762
743
745
755
750
755
748
754
763
768
776
758
749
750
736
748
752
737
736
744
736
741
735
747
746
740
749
746
747
743
741
760
760
764
745
748
744
741
752
743
754
757
745
746
732
734
745
747
744
744
749
746
749
731
751
761
761
749
756
766
747
749
751
734
748
745
747
762
745
749
740
750
749
745
742
738
747
754
740
742
737
761
743
740
741
739
740
742
732
713
730
737
732
738
748
743
746
753
741
743
746
746
745
735
735
731
734
730
742
741
745
769
747
767
753
756
752
744
757
729
727
745
756
755
767
742
748
747
756
741
743
761
755
761
741
739
752
764
764
753
754
756
736
739
729
732
739
750
748
742
751
738
744
749
773
778
768
778
768
756
768
768
769
758
756
745
754
738
736
727
745
751
753
764
765
774
767
756
757
759
751
751
749
750
743
754
763
785
775
779
775
762
759
754
742
742
736
745
739
745
739
732
745
736
736
728
744
729
742
732
728
747
746
743
740
738
724
723
718
728
716
711
722
727
736
727
728
741
736
754
756
766
753
749
735
740
741
743
725
733
731
742
744
742
727
720
719
720
734
726
726
729
731
744
746
756
754
755
744
743
718
726
733
742
731
739
744
741
739
737
750
755
763
745
741
755
748
752
760
748
753
746
749
743
728
733
746
736
731
736
746
743
759
765
762
760
775
750
761
765
763
753
754
768
750
735
737
753
760
751
759
763
762
768
767
764
745
764
761
764
753
747
750
736
741
738
751
747
732
765
762
761
763
763
755
756
758
746
745
746
745
748
752
745
742
760
752
741
746
753
762
753
757
747
767
755
746
754
753
758
749
739
758
748
755
750
753
755
761
759
752
749
759
744
744
763
750
754
759
771
773
764
777
768
759
754
758
762
760
765
767
743
740
744
730
758
752
760
758
752
757
765
747
741
738
738
736
735
749
739
744
749
740
751
746
737
730
750
741
757
764
761
757
743
760
748
750
757
748
749
748
745
746
733
737
725
728
734
746
753
747
743
744
746
745
738
740
736
732
747
749
753
748
755
764
774
756
746
763
770
770
744
744
732
739
744
738
740
740
728
734
755
741
739
752
738
750
751
756
763
749
747
742
750
739
742
735
737
742
747
739
734
733
731
749
736
741
737
756
756
768
757
754
745
754
753
745
727
721
728
739
742
