462
471
481
473
470
475
472
475
475
471
474
468
465
456
454
446
457
455
463
446
438
448
434
442
458
451
442
447
455
455
456
451
433
429
427
421
438
444
458
471
450
451
446
446
436
444
432
443
453
449
441
434
438
424
425
423
429
431
434
425
417
422
420
420
416
415
432
432
427
430
430
435
432
424
429
410
435
421
432
426
430
436
428
435
422
430
430
436
433
443
451
449
436
446
436
442
435
450
446
450
461
458
454
462
441
435
441
438
450
443
435
439
438
441
428
450
442
449
455
444
432
434
444
440
441
433
438
441
445
441
442
450
445
448
449
448
455
446
438
426
436
439
447
453
468
467
476
480
471
448
443
451
445
458
449
444
446
443
439
446
443
446
448
436
446
446
450
455
447
447
455
455
459
455
452
442
451
445
449
447
442
450
443
438
433
432
453
449
445
448
442
452
433
438
425
444
447
449
439
444
435
445
448
443
440
438
433
438
441
448
443
448
446
432
446
436
436
437
431
434
430
434
433
436
440
444
448
433
430
442
441
447
444
440
443
439
436
441
433
443
446
442
445
441
446
443
451
451
442
441
425
442
441
434
440
447
446
444
428
430
434
452
438
444
443
430
437
438
450
446
458
452
451
450
449
450
436
449
456
456
456
465
470
462
462
461
454
445
447
451
440
441
440
432
433
422
438
445
446
463
455
447
464
452
453
454
458
451
449
454
447
449
450
468
459
465
457
462
459
466
469
454
451
441
449
459
448
436
442
468
456
459
475
457
446
442
443
438
442
441
432
435
430
432
423
427
422
418
423
438
440
446
446
447
434
442
434
443
443
434
450
447
439
444
441
445
454
446
448
452
442
443
439
448
439
450
448
435
437
431
431
447
442
438
442
443
455
453
450
458
469
469
449
459
460
444
458
459
435
437
445
452
427
428
442
447
443
444
436
447
455
449
461
454
448
457
465
465
453
450
465
452
453
453
448
437
446
446
442
450
455
460
464
467
459
454
454
443
441
455
445
450
455
453
471
466
463
463
450
444
433
431
444
433
437
439
455
445
460
454
464
456
462
452
442
442
437
432
423
421
426
415
410
426
440
437
435
428
425
425
428
430
440
431
439
438
440
436
437
457
455
439
421
442
426
423
428
435
438
440
443
444
441
445
426
434
430
422
438
447
445
439
441
447
447
442
445
443
440
443
442
446
455
456
458
447
447
430
439
450
440
445
453
447
448
439
445
444
437
431
437
432
427
428
444
443
436
431
446
448
448
448
456
446
444
450
454
451
440
458
446
442
449
433
434
434
430
423
434
420
428
418
425
414
424
438
456
443
439
451
452
455
456
455
456
461
447
441
455
467
460
451
449
449
447
444
433
432
434
433
436
454
446
450
464
449
455
447
449
444
421
440
426
422
432
428
423
421
414
427
442
434
438
441
436
442
437
431
421
434
422
432
433
424
428
441
442
456
455
458
460
466
470
464
462
457
466
463
458
456
449
447
459
457
458
445
441
448
455
457
443
447
444
431
442
435
435
448
451
453
460
461
460
458
460
451
465
462
441
461
453
449
444
446
445
439
439
449
439
440
437
440
443
440
441
430
424
426
410
417
415
420
426
413
426
427
440
448
438
439
422
425
428
428
426
419
424
419
409
418
433
435
434
432
427
430
430
424
432
431
437
444
442
436
430
435
428
431
426
416
427
441
432
428
437
443
447
451
444
448
441
430
433
444
438
446
451
451
463
461
461
466
460
455
456
460
465
468
466
465
460
467
464
457
457
459
448
444
441
437
436
428
428
429
433
428
421
417
430
435
438
433
453
440
450
445
449
437
440
450
443
454
468
456
444
441
440
444
434
444
451
439
437
447
440
435
437
443
435
438
432
420
438
449
454
451
449
439
447
446
433
433
440
457
444
437
436
444
438
443
440
444
442
443
451
446
446
437
451
447
444
442
443
447
436
444
439
425
431
420
412
413
413
401
404
420
418
423
426
431
438
434
438
439
433
429
421
418
428
422
431
432
430
423
424
423
419
424
435
431
437
432
433
434
443
449
430
425
417
425
433
427
440
438
436
431
432
433
427
434
430
418
421
418
429
425
426
424
432
449
438
420
411
410
407
405
401
414
417
419
409
412
426
417
406
422
415
406
409
414
409
424
426
430
423
417
426
426
434
431
428
426
432
423
417
429
425
420
415
413
412
408
414
403
407
400
401
411
413
408
400
411
417
414
428
429
443
452
435
446
437
437
426
427
432
430
420
426
426
431
426
415
422
421
426
425
441
437
427
413
412
400
417
401
413
409
416
401
397
411
422
410
412
427
429
429
427
430
441
433
425
430
422
426
421
432
426
428
416
411
407
421
433
445
433
442
439
436
441
433
415
412
408
422
429
419
411
396
412
406
402
405
414
424
416
407
406
408
409
418
424
421
423
426
432
426
433
421
417
426
415
424
427
425
423
407
416
420
420
427
424
427
419
417
404
412
410
408
393
398
411
409
416
403
391
390
395
396
396
396
390
395
401
409
415
423
425
407
415
420
418
409
416
423
421
418
422
424
410
411
406
406
409
412
420
422
421
431
436
433
435
428
439
434
441
443
433
437
434
428
434
431
428
436
435
442
418
425
418
429
429
417
437
443
439
436
413
405
408
411
395
379
399
392
399
418
414
420
420
415
399
402
405
398
402
390
396
407
409
392
398
387
387
404
415
423
414
423
414
425
432
429
424
444
429
432
416
419
424
406
404
404
399
416
412
411
411
412
412
413
413
417
411
402
409
401
406
408
417
422
423
423
420
430
435
442
422
419
419
419
418
420
421
414
410
419
417
430
436
430
414
419
426
414
414
405
410
413
408
411
419
415
421
427
421
425
418
424
421
428
426
427
425
411
408
403
399
405
411
409
413
412
409
398
402
400
399
390
395
404
397
397
406
396
397
397
386
399
402
399
400
399
392
391
398
399
410
405
395
390
403
395
412
418
417
409
426
425
416
421
419
419
420
414
410
405
408
405
409
395
391
385
385
393
392
394
383
387
394
390
398
389
393
397
380
398
410
412
411
411
402
396
401
404
409
415
414
408
408
414
421
409
415
414
408
412
401
415
415
412
404
399
413
415
410
415
401
383
399
399
398
397
397
397
404
392
396
400
387
382
390
403
390
384
376
374
372
382
388
390
401
411
404
397
399
407
390
391
394
394
383
385
383
389
386
376
396
384
396
396
400
400
394
393
388
397
407
411
411
400
395
372
375
386
378
378
369
368
363
370
368
369
367
375
371
368
357
356
364
353
351
360
378
372
376
375
367
358
368
360
372
372
378
379
384
381
372
374
379
385
388
402
409
419
413
411
402
397
395
390
397
400
393
401
399
398
388
395
390
385
393
392
392
403
406
402
403
398
399
408
413
395
378
388
388
389
388
384
385
384
369
369
384
381
379
385
382
383
381
373
375
359
363
369
372
370
371
365
361
358
367
363
362
371
369
356
362
365
369
355
367
371
364
365
376
378
368
357
353
349
347
348
340
343
340
346
346
341
344
346
344
356
354
360
360
357
360
353
354
361
365
357
350
358
351
364
362
359
349
337
346
364
371
370
375
387
383
390
380
387
364
370
368
365
357
366
357
358
372
363
364
356
359
353
353
349
362
356
361
366
365
355
348
348
359
368
361
367
368
357
352
345
360
359
348
343
339
347
329
339
344
340
343
340
338
340
342
348
356
365
362
357
362
361
356
363
361
372
371
377
376
369
369
371
371
367
376
366
383
384
383
369
369
383
384
384
371
370
376
380
373
374
378
371
370
373
368
372
372
369
364
373
372
367
357
351
366
349
360
359
357
367
376
378
361
363
371
366
361
358
354
348
363
354
353
348
364
361
363
360
356
358
364
364
359
367
362
365
355
368
373
369
366
369
366
374
376
373
375
359
363
369
357
358
356
371
365
368
362
361
364
362
374
376
366
362
360
370
367
361
367
369
373
379
386
375
379
368
368
358
359
347
351
352
351
360
358
365
377
376
362
367
366
364
360
352
360
367
362
357
361
353
354
344
350
349
349
342
333
336
338
346
356
357
348
339
342
350
351
344
347
338
326
336
329
346
338
347
334
341
344
331
334
340
347
348
357
362
372
366
378
371
366
340
343
361
365
354
352
351
353
359
354
357
370
366
365
361
355
366
353
353
357
351
350
360
355
368
364
354
368
367
378
372
365
353
361
371
358
365
362
362
352
343
357
369
368
353
354
353
360
363
368
371
373
375
382
369
370
367
373
371
369
365
369
363
369
363
364
362
361
356
348
356
355
361
360
369
365
355
351
347
355
346
343
334
346
353
346
343
340
340
345
350
353
357
354
346
359
357
358
351
340
350
329
332
342
349
358
357
350
346
341
346
339
321
329
328
342
345
346
350
341
340
333
343
341
320
347
350
346
344
356
342
342
345
336
341
340
342
351
328
330
326
328
330
333
336
352
351
343
335
341
344
355
351
338
349
347
353
356
351
342
334
349
347
342
330
330
329
319
316
330
336
334
323
331
323
323
331
324
336
326
317
323
328
326
330
328
333
339
340
334
349
346
342
356
349
343
346
344
346
333
334
341
343
346
346
359
351
354
358
349
342
338
337
342
341
338
329
345
339
337
343
346
337
332
323
322
322
332
331
336
344
335
343
339
326
324
330
339
341
329
341
344
330
319
314
305
313
322
332
341
328
330
329
344
340
341
330
329
342
341
339
355
347
338
329
327
326
332
328
327
325
347
347
350
340
334
337
335
331
332
339
332
341
335
335
323
330
321
321
325
339
332
335
341
336
351
360
368
370
367
360
362
365
359
359
354
354
352
345
334
338
344
343
328
334
325
328
329
322
333
335
337
330
327
335
330
336
339
339
336
336
342
342
336
345
343
346
330
326
318
322
332
334
340
339
337
328
345
345
337
340
335
339
342
320
323
331
335
328
330
326
341
338
334
329
324
328
323
314
332
328
329
332
324
328
324
316
330
335
335
339
325
331
336
338
333
341
337
348
343
341
340
335
331
335
327
322
329
333
325
324
335
328
322
335
346
340
344
331
336
324
326
329
334
328
315
322
325
340
336
325
337
322
331
350
345
338
339
341
345
349
345
347
346
351
342
345
341
349
359
359
347
336
341
339
343
344
341
339
334
333
328
326
332
328
328
328
326
321
315
320
336
341
336
340
335
341
343
336
340
336
338
345
342
345
340
346
359
349
355
359
354
354
361
360
360
358
353
349
350
353
356
356
343
349
344
339
344
343
346
344
348
357
352
348
354
360
355
356
361
361
357
361
358
355
349
339
345
355
358
354
364
358
354
354
352
357
359
352
358
356
353
340
336
340
330
335
333
330
314
308
309
298
309
315
323
324
337
342
322
335
334
332
334
339
344
343
342
344
340
345
342
342
337
336
339
337
330
320
329
327
323
330
330
328
326
329
338
337
350
355
359
345
344
346
338
347
341
348
352
351
358
352
351
356
358
358
353
350
356
364
366
355
351
358
356
360
351
358
363
346
353
354
347
345
339
344
335
339
339
346
348
356
352
352
346
345
338
349
347
342
326
328
325
320
324
323
327
327
322
317
324
325
326
334
314
332
339
328
330
328
327
334
333
341
342
344
342
344
331
329
338
346
338
337
332
323
327
323
333
323
334
338
338
340
328
340
334
342
336
323
323
326
329
323
326
334
334
348
345
334
329
326
347
346
347
337
352
354
357
360
354
356
350
355
357
351
358
351
340
345
346
337
346
335
341
345
346
344
336
330
331
332
337
339
336
341
338
335
338
329
332
330
331
321
327
343
341
319
332
336
351
349
336
332
349
342
337
338
332
344
332
345
341
338
328
317
325
330
343
338
345
362
360
356
351
344
352
356
355
337
342
333
340
348
336
329
340
326
323
332
326
337
346
333
339
339
340
345
348
336
343
347
351
351
357
355
371
360
373
368
353
355
359
365
364
356
350
359
347
347
353
355
350
353
344
340
331
331
345
344
350
352
346
358
352
360
355
349
348
342
341
344
353
350
355
356
354
351
356
351
353
350
351
351
354
354
350
356
357
364
361
360
359
362
367
364
361
371
365
356
362
359
348
355
343
347
355
360
357
352
355
355
346
355
358
339
334
335
341
346
337
337
343
353
345
342
334
339
346
323
335
341
342
333
331
333
322
339
340
344
351
334
342
332
338
344
344
331
337
333
324
321
324
318
319
321
317
302
316
320
335
337
326
329
336
330
323
316
312
324
319
327
315
316
330
332
309
310
305
313
312
314
313
320
321
318
313
315
320
322
332
335
321
330
323
346
334
330
329
329
328
326
328
324
329
342
338
336
332
322
330
328
332
336
340
329
330
321
319
329
319
320
313
313
306
319
317
323
336
326
332
324
323
326
324
317
319
322
327
319
327
317
313
322
303
317
315
311
303
313
309
307
310
311
297
307
322
329
333
319
323
311
316
313
312
318
318
315
311
311
312
318
317
320
318
315
315
315
309
319
316
310
314
309
307
307
300
312
313
314
316
306
309
313
319
314
312
305
307
314
307
315
317
298
295
302
304
294
299
305
313
309
308
302
305
300
302
301
308
309
312
311
314
316
323
309
310
306
294
293
295
300
302
292
289
299
301
298
295
306
300
289
292
291
307
300
305
308
313
312
320
302
310
314
316
323
315
313
307
320
314
311
317
308
311
308
305
310
301
305
311
315
310
311
298
300
307
298
305
293
288
285
298
305
299
303
314
305
298
312
311
317
317
302
309
317
319
314
314
318
321
314
311
299
304
314
319
317
312
322
327
329
323
319
314
314
320
322
314
313
316
330
325
322
326
312
309
309
304
314
314
304
308
303
304
295
300
302
301
297
296
282
291
297
299
303
297
308
303
307
307
306
308
301
305
311
315
310
317
320
316
306
308
314
324
319
322
325
319
328
323
320
312
320
319
300
304
300
315
312
308
298
299
304
309
302
294
296
288
298
301
295
296
289
284
294
293
288
294
303
307
308
303
313
321
312
304
315
318
327
324
321
319
316
316
303
308
293
307
315
311
311
313
314
312
310
302
306
307
305
312
318
312
315
300
294
297
302
305
301
303
305
308
303
318
327
319
312
313
322
320
312
328
324
313
319
330
326
319
328
322
314
312
298
308
300
296
306
315
313
306
309
313
335
325
325
328
328
322
326
320
320
310
290
299
309
308
325
326
334
333
334
332
336
327
326
323
323
328
321
312
317
324
312
309
311
315
319
310
313
323
318
317
323
332
326
340
338
342
331
321
327
330
330
329
323
323
316
311
313
313
317
320
326
311
304
303
306
296
300
311
313
306
314
301
305
313
302
305
309
313
306
315
312
307
308
308
312
317
315
320
333
334
327
323
322
319
318
313
314
310
321
323
313
317
323
316
318
316
318
315
312
307
299
292
300
296
302
301
298
308
312
310
310
302
299
296
303
307
333
320
317
315
314
310
310
312
311
307
306
311
317
316
321
314
321
315
314
315
313
310
321
315
319
320
313
319
321
316
314
308
309
308
300
301
310
306
307
304
315
310
306
320
322
317
321
335
332
321
318
322
318
317
316
322
319
319
336
328
325
328
322
327
325
330
333
325
327
319
318
321
328
329
325
336
337
333
340
352
339
341
337
336
336
347
342
331
331
322
318
306
310
318
305
303
315
317
316
321
323
325
319
318
324
328
331
328
332
322
329
329
332
320
323
317
323
329
316
315
322
320
306
321
325
317
311
315
307
307
314
317
311
308
315
310
316
319
304
315
323
331
322
330
335
332
335
331
330
330
320
325
325
329
333
316
323
313
312
317
320
316
318
309
318
319
324
328
329
322
315
307
303
308
308
314
312
315
320
312
316
317
324
326
317
322
310
308
305
306
313
319
306
308
319
322
319
326
332
324
322
325
320
337
337
334
337
344
344
341
340
331
316
324
329
319
318
317
317
317
311
319
316
326
322
319
322
325
325
330
337
331
327
325
314
310
302
313
310
308
324
322
332
325
307
306
312
302
300
293
306
318
325
317
313
313
309
317
323
322
326
321
318
322
317
318
318
319
316
326
341
330
338
344
345
337
336
338
340
339
342
332
328
328
317
324
328
326
323
325
324
331
324
323
319
312
307
314
308
305
305
299
297
306
302
297
292
298
303
299
312
323
322
327
319
321
314
312
310
313
327
324
323
326
326
327
320
318
322
329
324
327
326
328
325
332
330
338
336
323
325
326
317
326
326
316
310
316
321
310
305
305
312
302
319
316
316
327
321
315
310
303
303
302
306
304
302
306
299
313
313
313
303
300
322
310
313
315
323
329
331
320
330
331
329
321
322
319
320
320
310
316
315
308
308
302
312
326
309
328
328
325
336
335
331
335
329
325
319
320
322
320
308
307
312
318
312
308
306
322
325
316
311
314
305
312
325
314
308
310
305
315
315
317
316
310
305
301
309
308
300
308
319
326
322
319
312
315
314
312
310
325
318
321
325
313
314
315
317
315
317
314
322
315
317
314
316
313
309
315
310
312
302
308
315
307
320
314
315
293
300
294
303
300
308
305
297
309
314
321
310
309
308
310
317
308
307
298
295
291
282
289
288
286
292
298
288
288
296
295
287
300
298
295
305
296
301
296
288
290
300
295
300
298
304
301
308
297
311
311
301
295
303
307
309
298
297
290
295
286
293
305
300
285
292
292
289
287
275
279
281
281
301
302
308
307
308
305
303
303
289
299
291
297
299
283
290
292
293
291
297
294
300
298
296
298
304
298
294
303
303
304
305
301
304
310
313
306
300
295
287
302
298
300
292
300
300
288
275
278
287
291
286
285
303
299
290
300
311
302
305
305
309
318
310
307
294
296
293
295
300
296
297
294
289
295
295
292
289
289
294
290
295
300
299
306
296
308
308
301
304
301
311
305
315
308
299
311
302
306
300
300
298
301
296
281
295
298
293
283
295
294
292
282
293
300
291
288
288
284
289
288
289
300
285
279
288
292
294
297
302
298
299
296
293
288
287
292
292
292
291
287
289
293
286
293
283
273
286
288
281
268
279
285
292
284
290
301
297
294
291
288
276
285
284
278
284
265
277
278
280
280
291
290
294
300
304
307
310
307
308
313
306
297
296
303
298
302
296
296
300
289
296
295
295
289
291
293
290
287
286
300
305
303
301
288
301
301
288
289
294
282
277
283
279
273
277
281
278
270
281
281
284
280
276
288
299
301
293
291
294
286
288
279
283
283
275
286
279
284
289
290
287
278
279
279
275
274
278
289
292
273
281
293
284
294
297
288
287
280
280
280
266
267
263
256
263
267
267
271
285
289
285
300
294
299
304
311
308
312
301
306
302
302
291
302
297
298
298
303
303
298
314
292
288
285
283
295
294
287
283
274
271
277
287
288
287
290
298
297
293
281
288
284
293
287
291
303
301
305
307
306
309
304
309
317
310
313
317
310
306
303
302
297
301
304
303
297
292
285
294
289
287
294
295
300
304
302
300
304
290
298
292
294
290
283
280
283
288
288
297
292
294
287
285
285
286
290
295
298
305
306
293
289
283
296
291
302
299
296
299
294
276
282
288
301
302
296
288
284
289
292
285
289
303
292
288
293
293
302
293
301
305
305
297
296
297
300
307
310
312
297
310
303
314
311
306
301
297
285
294
294
291
282
278
270
279
285
289
295
292
292
293
299
303
303
294
294
301
308
304
311
301
305
306
309
303
305
308
300
299
297
294
292
306
321
305
302
300
302
296
304
309
303
297
293
292
289
299
295
292
294
290
306
295
305
295
294
300
303
298
298
285
287
283
290
278
287
287
297
295
287
300
307
308
306
300
312
315
303
306
308
299
296
307
296
293
293
294
294
303
300
305
315
306
310
311
309
309
304
311
311
314
301
310
302
306
298
299
302
302
319
314
315
302
302
318
305
299
309
300
291
292
294
287
290
298
295
297
306
314
308
307
301
303
294
284
283
288
292
290
294
296
289
297
292
297
289
292
285
295
301
295
301
298
294
299
298
302
296
299
299
305
311
296
299
304
301
299
295
295
290
288
294
293
295
300
309
306
317
308
311
301
311
307
293
294
305
295
294
299
306
313
312
303
293
304
304
311
311
314
304
309
298
292
294
290
293
290
285
282
279
283
286
283
287
295
299
289
288
293
296
307
306
300
300
297
299
298
301
302
297
301
297
295
300
308
303
315
312
313
307
300
302
301
301
311
304
304
296
300
294
308
307
305
311
303
308
298
309
312
310
302
308
311
308
312
308
306
314
317
310
303
301
298
295
296
298
293
283
293
289
288
300
291
300
293
296
301
308
309
304
306
300
299
296
306
301
294
292
296
287
290
289
291
292
295
295
292
295
298
292
302
303
300
294
304
300
302
296
294
293
291
293
299
298
305
303
304
297
297
297
312
308
310
306
306
315
301
283
286
275
285
290
292
288
298
299
304
306
299
310
314
312
314
312
311
315
318
310
324
317
310
320
309
310
306
298
301
300
293
292
289
298
303
303
311
310
307
314
305
301
311
305
306
295
304
301
301
309
306
301
299
302
297
303
295
290
301
309
306
310
306
311
314
303
307
299
293
300
299
297
299
295
301
310
299
301
295
291
290
294
286
292
296
303
300
298
306
311
311
316
308
305
307
304
302
306
310
313
309
295
295
292
295
291
298
293
282
296
301
310
312
298
303
310
315
308
305
302
301
283
286
286
290
288
297
305
295
300
300
302
308
306
304
306
301
299
298
297
300
296
303
294
292
281
300
302
299
303
288
304
301
291
293
300
297
301
308
308
310
311
298
312
304
318
315
315
315
306
310
307
301
293
296
290
295
296
308
308
303
310
310
307
318
320
322
321
309
304
295
303
308
307
293
299
303
306
314
302
293
294
293
285
301
294
301
286
287
299
302
304
298
300
299
300
295
305
298
301
300
294
303
289
307
309
299
293
287
286
285
285
300
310
305
301
303
305
307
303
300
299
303
304
302
311
317
302
312
299
299
300
296
301
300
303
308
309
308
308
307
296
294
297
302
304
299
300
305
301
291
292
301
303
309
315
321
312
305
298
292
290
301
312
318
308
304
302
303
308
310
307
303
309
293
294
288
289
285
287
296
284
289
290
293
281
279
279
293
291
308
295
307
302
301
309
308
311
299
300
292
291
294
292
294
292
288
277
284
285
293
292
290
291
289
294
306
300
305
309
308
306
311
306
313
311
304
301
297
280
276
272
277
287
297
292
298
293
293
293
296
285
298
299
303
308
312
306
307
295
308
305
312
307
316
312
301
300
295
289
293
290
300
297
302
301
303
303
295
290
309
302
292
288
289
300
298
307
311
311
310
318
307
308
299
301
313
312
312
313
313
314
319
312
311
311
306
301
298
295
290
299
299
291
299
296
296
303
300
302
306
304
292
294
289
304
303
305
297
294
302
309
301
309
308
299
293
290
279
274
282
281
283
283
285
285
284
298
294
296
296
302
299
293
296
306
306
302
303
302
301
320
311
318
303
312
310
305
304
300
296
312
310
292
288
295
297
288
289
287
301
309
300
302
298
297
291
292
288
287
294
291
293
295
302
301
309
309
303
303
303
300
309
305
305
308
298
294
299
303
290
296
301
302
293
298
288
292
292
294
285
291
300
310
310
310
306
296
301
292
291
275
288
288
277
290
298
291
286
294
298
293
287
289
291
295
283
293
286
291
291
285
299
294
294
305
296
299
299
295
292
304
297
306
302
303
306
290
293
295
305
297
311
309
307
306
303
299
305
298
295
300
294
295
291
292
295
291
300
290
275
285
285
280
286
280
289
293
292
288
286
289
279
284
289
283
279
288
291
284
305
300
309
308
316
308
306
310
311
307
310
306
319
311
319
314
316
315
320
325
322
306
305
312
310
302
299
305
311
314
311
297
303
291
277
279
278
273
285
288
291
290
288
293
287
300
289
289
287
277
284
294
306
299
305
294
297
302
298
297
287
292
284
286
296
289
299
290
297
293
284
280
290
288
289
297
299
300
308
291
288
301
302
298
286
290
299
299
302
295
293
274
307
298
298
293
292
295
304
299
298
299
292
304
297
314
307
303
306
307
308
305
307
300
294
290
297
294
292
300
300
286
289
282
277
287
291
286
296
302
300
307
295
290
287
283
302
306
308
301
301
289
291
286
293
293
297
300
297
288
285
290
292
299
296
300
303
309
301
306
308
307
302
308
314
303
301
302
306
325
311
309
297
292
302
299
310
305
303
302
307
312
308
311
314
322
326
318
316
314
320
308
321
313
313
300
304
310
316
311
307
309
306
301
301
306
314
305
305
300
307
303
310
323
306
308
307
304
314
299
306
301
302
292
307
309
309
304
297
301
295
290
305
316
310
318
319
305
308
305
311
307
314
301
306
307
305
300
295
299
303
312
307
311
292
293
296
303
293
290
279
276
294
287
296
294
295
294
295
285
296
293
297
306
304
299
309
297
307
312
306
307
305
303
303
294
294
287
280
287
286
287
292
296
293
290
293
295
292
295
296
300
301
298
301
298
295
289
299
305
302
302
301
300
289
276
283
283
277
276
289
280
280
281
281
288
287
294
294
289
291
296
286
289
285
288
287
297
287
297
293
296
291
295
286
291
288
290
285
286
273
287
288
297
292
289
284
275
275
276
280
288
281
285
273
273
274
273
286
286
278
275
279
276
271
279
283
274
285
287
290
289
285
282
279
283
286
282
278
285
284
283
286
282
279
277
276
283
284
282
285
273
274
280
267
273
277
275
279
273
277
273
271
279
277
284
292
282
283
280
287
288
289
293
292
288
289
298
289
290
298
299
296
288
295
290
293
299
298
290
275
289
293
293
293
290
289
299
296
299
292
295
296
297
294
290
282
279
285
279
283
285
302
303
280
289
289
292
301
299
303
300
298
292
298
299
292
284
274
283
282
280
295
292
290
291
292
301
287
292
289
286
291
293
291
292
287
290
290
278
275
286
279
273
270
265
275
281
291
295
278
276
275
268
271
268
267
281
275
280
286
290
285
282
290
302
292
282
280
285
288
295
296
288
278
278
277
290
277
284
288
284
295
293
286
290
286
280
284
280
274
278
282
284
289
292
300
299
291
282
282
288
283
294
296
288
296
284
277
287
287
286
288
298
294
295
297
303
290
295
302
298
299
287
290
290
296
295
299
299
301
300
302
301
287
297
286
281
283
287
286
289
286
290
296
293
290
289
284
283
276
282
285
283
275
277
276
273
287
283
287
282
285
289
285
285
288
304
290
291
295
296
288
288
279
278
284
285
281
283
288
282
285
281
276
265
265
264
274
273
266
273
270
273
279
280
292
298
299
298
306
302
299
302
301
295
301
304
297
298
292
294
289
291
297
305
288
286
289
291
292
291
289
297
293
281
281
290
274
286
281
287
286
290
288
294
281
286
285
291
299
297
295
292
288
283
295
282
275
281
276
268
270
274
280
297
295
308
301
301
299
301
298
298
292
299
294
287
290
291
293
293
292
290
297
297
292
289
280
297
301
291
295
295
284
294
290
295
295
297
299
304
309
305
305
291
313
315
307
303
310
291
304
304
310
295
291
276
276
277
288
282
286
291
294
293
294
293
290
277
288
289
286
292
285
290
273
280
281
290
291
291
297
284
279
280
272
286
281
276
276
269
278
287
286
280
290
277
278
276
275
273
278
281
281
280
291
287
285
288
283
285
292
281
285
298
292
273
285
287
293
287
284
294
299
296
282
281
290
279
287
285
279
276
274
272
269
273
278
273
270
263
271
270
268
269
266
270
278
270
270
290
286
282
287
295
294
295
292
298
298
293
279
286
288
285
278
274
278
283
284
290
291
286
289
286
277
283
283
295
289
277
290
284
298
300
299
297
297
292
288
281
280
283
290
287
284
280
291
293
298
302
303
293
291
284
288
280
284
285
280
273
282
279
282
271
266
275
275
277
272
275
275
275
275
271
271
284
284
289
297
292
295
293
293
284
290
277
275
278
266
266
265
264
273
262
260
272
282
279
284
283
277
282
278
274
280
272
274
288
287
294
298
298
304
300
311
306
308
307
305
317
309
302
310
290
296
293
298
299
295
287
296
299
291
293
297
290
291
298
287
295
282
290
296
291
294
310
311
309
291
300
300
292
293
298
285
279
279
279
279
274
274
268
269
266
261
276
288
288
290
293
290
287
279
289
287
295
290
296
286
286
289
295
303
308
304
297
288
297
301
295
291
292
293
288
289
289
285
282
289
285
286
289
288
287
281
283
289
284
280
271
278
275
275
269
271
273
273
268
269
277
289
294
294
284
299
286
284
280
277
288
291
278
280
279
273
266
279
281
272
276
261
278
285
284
290
279
282
282
293
296
291
278
281
290
287
286
290
288
283
285
294
285
294
281
289
286
293
284
279
281
286
283
284
290
298
300
296
300
288
286
283
289
295
293
294
295
290
289
287
285
291
296
287
282
290
286
279
288
285
291
282
285
283
285
284
281
284
276
278
282
284
283
288
277
276
278
279
291
290
285
290
281
279
280
285
289
284
284
291
296
282
290
295
297
279
276
271
272
289
289
282
291
289
283
274
270
269
264
257
263
272
278
281
287
290
284
282
285
291
277
277
267
272
276
270
271
273
271
272
273
269
269
272
278
268
264
281
284
283
281
278
268
284
282
288
280
292
285
288
280
284
271
273
281
282
280
286
279
278
274
265
277
255
264
275
271
274
262
265
269
276
273
277
282
293
303
304
291
293
296
284
283
281
279
279
284
276
283
293
283
288
284
276
285
280
271
267
272
268
264
269
270
285
292
291
297
293
295
293
286
294
294
293
285
279
269
271
264
255
265
267
265
272
281
279
279
276
277
280
284
280
284
280
280
267
269
273
270
278
285
274
282
276
277
273
282
280
275
277
289
286
285
275
283
283
268
272
283
286
281
278
284
292
291
279
283
278
278
274
281
287
282
282
292
280
277
280
279
281
286
279
288
285
296
291
284
287
284
273
284
285
280
277
279
289
268
272
279
287
286
274
274
275
272
282
280
278
280
286
286
289
277
280
283
287
280
283
288
287
280
283
296
293
293
283
277
285
276
283
282
286
286
302
305
302
292
292
299
302
299
291
295
289
289
288
275
263
283
273
274
276
281
285
286
284
279
290
291
290
295
297
292
284
284
285
286
273
278
277
279
280
280
282
285
287
292
292
292
281
279
278
272
282
280
290
275
277
278
278
276
275
279
283
285
279
280
288
290
269
272
276
273
271
272
279
274
267
280
286
288
291
284
283
278
285
287
278
280
283
278
276
278
288
287
285
292
292
289
290
284
284
292
290
285
280
284
281
296
298
293
288
296
298
286
292
283
295
292
288
279
283
263
269
271
279
276
278
284
280
289
290
291
286
292
288
291
290
283
290
288
292
299
292
283
298
292
297
290
296
300
299
290
294
290
291
286
288
289
285
280
277
278
279
279
280
277
279
275
275
281
272
274
268
280
287
289
287
283
280
276
281
271
277
271
270
284
273
266
269
272
273
272
274
278
287
279
293
284
288
288
286
286
284
285
291
284
295
293
298
292
303
305
311
311
313
309
312
310
304
298
303
302
301
310
309
311
306
297
293
283
278
279
274
276
276
292
289
291
286
284
289
287
275
278
296
290
304
299
295
300
298
287
289
285
288
291
291
287
287
289
294
289
297
287
289
293
279
285
294
290
289
285
281
277
287
288
291
288
292
294
287
282
290
290
292
285
285
281
283
293
286
287
287
278
286
287
278
289
283
273
277
281
294
285
289
288
290
294
299
291
287
286
285
293
294
310
294
302
304
298
288
287
295
291
281
280
276
282
289
285
276
276
267
280
287
287
285
285
280
286
283
292
290
296
292
294
304
299
289
280
288
287
275
282
277
290
281
271
283
284
279
287
297
298
291
283
281
279
281
276
279
278
274
271
268
272
275
268
267
276
279
289
284
279
280
279
284
285
284
279
286
290
288
282
283
282
274
268
272
267
266
267
261
262
259
262
250
254
250
266
266
257
263
251
260
259
269
271
269
273
282
273
280
276
272
274
268
280
285
291
281
290
295
294
291
278
280
278
278
285
292
287
292
284
295
287
283
287
278
283
280
295
294
299
294
300
307
291
302
287
292
283
289
286
295
298
301
314
316
309
307
302
303
304
298
304
296
285
291
292
289
288
285
281
293
289
296
299
294
280
282
279
271
272
275
275
279
281
282
288
299
291
301
298
286
286
292
287
289
291
299
296
294
290
291
292
282
296
284
296
285
274
276
281
275
284
292
286
299
295
296
298
296
300
291
294
291
299
284
287
288
292
294
289
291
284
283
279
281
278
275
289
279
284
284
289
293
295
300
295
291
297
297
280
284
285
296
287
293
296
289
286
285
281
286
290
297
298
293
297
292
291
291
299
294
291
285
285
299
279
293
290
286
293
295
291
287
285
288
286
280
269
272
277
277
270
271
279
286
283
288
287
282
288
292
289
296
310
304
302
304
302
298
301
288
295
293
288
283
276
280
272
278
276
276
272
274
279
271
270
271
266
275
282
276
276
272
266
267
268
272
267
261
264
264
282
284
276
276
275
268
273
269
272
273
276
282
270
275
276
277
273
283
280
277
280
286
290
297
284
295
297
297
292
293
301
300
306
318
310
309
309
296
297
291
279
282
294
290
290
279
293
275
279
282
279
273
280
282
290
295
295
297
288
292
287
294
295
298
295
288
296
286
298
286
290
290
290
295
291
289
291
299
289
278
298
293
293
280
287
283
284
290
278
277
279
274
273
274
272
264
262
267
273
278
273
280
277
277
288
286
292
284
274
272
283
276
284
287
279
277
280
294
282
279
276
284
278
267
270
279
271
262
263
263
274
273
281
280
281
273
276
276
285
284
298
308
298
299
296
292
295
291
292
286
293
291
285
299
313
300
287
286
284
288
282
283
287
290
289
286
286
288
285
266
273
278
273
275
288
281
284
272
270
269
274
263
276
279
281
279
268
275
274
283
278
278
270
271
269
265
270
268
272
270
268
271
267
282
280
274
271
261
275
273
278
279
273
273
283
275
280
287
289
277
286
283
277
277
288
293
293
294
298
297
292
284
286
295
292
283
282
286
279
281
279
286
286
285
280
287
291
300
296
286
291
289
283
281
267
279
276
283
289
283
288
290
285
285
289
303
306
301
286
294
296
294
291
301
301
294
303
297
295
286
300
299
298
307
297
297
293
294
291
287
285
280
285
284
294
284
297
296
303
291
289
298
299
298
301
300
295
288
293
284
285
285
296
303
297
292
295
294
290
286
286
285
285
283
282
291
286
291
290
297
296
297
297
291
295
291
286
287
286
285
284
292
289
296
298
306
302
313
295
312
301
307
306
301
300
285
300
285
297
291
297
295
290
289
293
282
271
275
283
280
281
281
276
281
279
280
284
284
277
276
282
278
281
287
289
279
279
285
288
288
283
289
292
278
288
295
292
295
295
284
286
286
287
286
276
281
262
266
279
278
280
270
276
279
274
284
271
268
278
279
279
280
283
281
279
274
283
280
287
283
292
297
297
293
287
287
293
276
275
268
275
275
264
268
271
266
277
263
264
269
264
263
257
248
263
257
263
256
264
277
267
278
282
271
272
272
276
278
281
280
277
274
274
270
282
292
298
289
289
288
295
296
302
297
304
293
295
300
298
296
293
292
285
278
287
272
275
284
280
279
285
275
269
271
273
274
281
276
277
283
283
277
272
277
278
273
275
274
283
282
299
295
294
283
286
292
288
290
285
290
286
294
293
289
294
289
286
305
292
292
294
290
291
293
296
291
285
271
285
274
279
278
281
282
272
277
273
271
279
274
282
269
282
288
285
284
285
273
278
277
277
292
289
287
290
288
292
294
296
293
291
295
278
289
288
284
285
295
279
285
274
268
269
273
272
271
267
271
273
277
283
276
277
278
284
286
285
291
286
275
268
274
265
273
273
282
276
285
296
290
286
280
288
285
281
287
276
289
284
290
288
281
283
278
280
290
287
280
283
280
282
281
296
291
289
274
270
278
279
282
277
274
276
271
265
255
254
252
244
249
250
250
252
252
258
268
271
269
268
270
280
285
294
300
294
297
307
304
311
296
295
301
296
300
297
298
297
298
290
294
294
292
296
295
299
303
292
299
296
298
308
296
300
301
293
289
290
296
288
290
286
295
300
307
299
299
295
287
283
278
275
288
271
278
276
279
280
280
283
287
269
273
273
275
277
270
274
274
280
281
276
273
281
272
275
268
274
271
290
286
295
296
289
303
297
298
300
294
291
289
291
288
291
287
306
298
284
290
282
293
295
289
278
276
286
293
283
281
281
292
287
290
285
287
289
299
297
286
282
284
295
285
292
284
271
282
279
282
276
283
282
289
283
282
289
284
274
282
280
292
290
289
293
276
293
287
282
288
285
290
293
298
290
295
296
297
287
282
281
278
276
286
289
274
269
276
272
284
281
275
284
282
283
292
282
291
284
276
278
285
284
275
273
272
277
275
264
272
262
261
262
256
268
268
270
269
269
263
268
280
278
279
274
269
274
273
276
277
283
284
287
276
274
275
276
279
289
276
277
279
282
269
270
276
272
282
277
274
277
263
259
255
247
261
265
269
273
270
278
279
278
284
277
284
286
276
292
291
307
289
288
278
281
293
278
278
274
282
284
282
284
286
280
284
286
283
271
281
279
271
282
282
286
277
282
274
269
266
269
259
271
275
270
284
274
285
280
289
283
282
282
272
279
281
288
278
279
280
283
293
294
277
286
284
282
284
290
300
292
282
278
283
285
280
287
287
294
285
282
284
278
287
292
288
295
294
300
300
298
293
293
292
285
297
289
290
299
295
288
290
293
298
300
299
285
294
300
298
300
295
294
292
290
297
298
293
290
297
298
278
280
266
274
280
278
280
282
276
276
289
293
295
290
294
288
282
285
276
284
284
285
294
297
299
300
291
299
284
278
275
283
293
287
301
300
291
292
299
292
306
306
302
294
281
284
279
281
284
281
285
288
283
287
283
290
296
290
289
298
291
302
310
315
310
307
303
292
293
300
283
278
275
268
273
272
277
274
279
275
276
270
261
267
278
267
268
274
279
286
291
290
274
279
277
263
273
272
271
280
272
280
268
283
277
281
278
275
277
266
275
278
275
278
272
270
265
268
259
269
259
272
272
279
273
278
284
267
269
271
274
266
276
281
275
264
270
288
286
283
278
286
292
293
297
296
300
298
299
290
290
287
285
285
273
286
282
288
288
293
292
288
279
269
269
278
281
280
276
279
267
282
290
275
266
272
268
280
281
282
283
286
279
283
280
277
282
280
293
289
287
289
282
273
284
281
280
279
279
281
274
283
286
286
293
290
295
285
289
290
272
273
281
279
278
276
282
282
290
297
297
288
278
282
267
266
263
267
267
276
277
282
282
283
281
288
285
295
279
287
288
282
285
284
260
267
275
279
271
274
285
286
284
279
273
278
273
276
274
280
280
276
277
282
287
286
286
281
279
284
286
284
293
287
282
280
274
270
275
268
277
272
286
276
290
288
272
279
286
290
294
289
295
295
287
286
287
285
281
273
273
263
273
269
268
269
270
273
268
283
284
282
281
282
297
291
274
285
277
280
285
286
283
273
282
277
280
279
292
291
287
269
288
291
285
288
283
273
268
267
266
271
274
280
283
280
282
280
277
274
277
285
288
277
283
286
277
279
284
292
284
282
290
287
293
290
289
291
305
293
289
291
277
280
281
282
284
285
280
282
276
284
290
286
295
297
286
286
282
283
278
284
287
283
292
290
288
268
264
275
272
265
266
272
278
281
280
269
279
282
278
275
273
279
290
290
286
288
293
277
285
280
291
289
285
291
293
298
298
304
306
299
298
305
296
286
292
285
289
286
279
280
275
280
276
280
278
289
289
298
300
294
298
292
289
293
288
294
298
297
302
303
294
288
290
299
293
279
278
281
278
280
287
290
286
287
294
302
307
303
298
299
299
301
289
301
298
286
270
277
278
277
274
277
282
273
287
288
292
300
304
304
302
300
295
287
289
290
282
289
285
289
285
284
281
273
281
283
296
282
300
309
300
296
298
292
290
283
289
296
297
296
292
289
281
296
297
291
292
291
287
284
293
283
280
284
276
284
283
291
301
293
290
282
289
292
298
292
292
296
290
294
293
294
293
296
297
289
294
288
272
283
283
285
277
282
288
291
291
307
296
304
298
292
279
279
281
284
284
282
295
285
286
285
274
274
266
266
267
272
287
287
273
276
281
278
281
281
280
275
285
284
299
300
290
292
293
295
307
302
302
304
300
294
296
288
287
297
297
295
292
295
279
279
270
270
275
275
273
267
272
274
280
282
283
282
289
288
284
288
286
287
283
291
277
275
265
260
258
261
259
256
266
261
267
266
261
264
271
269
281
270
266
254
267
264
266
278
268
274
271
270
273
271
281
282
282
278
279
280
288
284
297
298
289
275
280
283
274
282
292
287
283
291
288
288
293
279
285
293
285
284
271
273
272
273
286
272
251
254
258
270
278
266
257
257
246
255
264
268
271
272
266
268
264
260
272
274
274
280
281
290
279
285
278
274
284
286
289
280
286
283
281
283
287
293
286
278
272
273
275
274
277
284
289
280
276
276
283
284
283
285
283
293
277
286
278
274
274
284
282
281
285
290
292
285
284
281
280
276
281
276
270
277
275
268
278
276
284
294
277
284
279
271
267
278
287
285
295
301
298
283
293
292
299
290
294
295
294
288
289
278
287
278
285
277
281
279
277
275
280
295
295
290
290
301
286
280
265
274
277
275
279
281
281
274
273
263
269
269
282
279
277
267
270
275
277
286
293
289
285
287
287
285
282
280
271
270
276
264
261
271
275
262
267
268
274
285
280
289
286
284
282
282
280
277
266
266
273
276
278
273
279
286
286
289
289
292
294
294
292
271
266
274
278
284
288
284
285
285
282
286
286
294
290
290
286
296
294
283
285
283
290
291
292
298
289
294
275
267
268
269
270
265
259
271
270
274
278
268
279
279
277
271
281
275
279
278
282
273
271
274
277
278
294
298
290
296
296
303
297
293
293
289
287
291
281
298
295
293
284
290
298
297
296
295
303
305
309
312
304
297
304
305
300
296
291
288
280
283
284
280
283
273
294
290
294
283
290
293
290
290
296
296
303
308
299
285
293
292
284
281
277
286
289
282
285
284
280
274
277
278
276
277
276
272
280
285
283
282
283
276
297
286
289
285
276
278
281
276
279
279
277
276
271
277
275
283
281
281
279
270
272
275
269
277
289
287
285
287
292
290
294
298
302
296
292
288
278
283
284
275
283
280
286
281
284
281
281
275
270
265
264
288
285
284
285
299
288
284
288
291
291
287
284
285
297
288
295
293
297
289
286
284
286
273
280
288
286
288
284
280
283
278
282
293
295
296
296
295
294
294
294
285
286
286
286
286
300
297
298
299
295
298
290
292
290
285
296
296
304
297
302
303
303
300
286
292
283
294
291
290
292
284
286
296
294
289
290
286
294
280
285
285
287
292
295
298
304
291
293
295
296
301
295
295
302
300
300
295
299
294
290
288
291
291
285
281
282
275
273
268
269
270
275
261
274
276
271
279
284
277
285
273
283
288
294
290
287
281
287
284
285
292
283
290
292
294
291
298
291
287
291
290
291
288
289
274
279
278
269
266
267
270
268
260
262
269
268
267
272
275
284
281
272
281
276
281
283
283
264
261
264
264
267
262
265
260
262
265
268
269
277
287
288
282
291
285
280
276
284
274
273
278
283
284
291
281
279
274
287
266
275
277
273
279
277
274
273
285
285
274
279
278
280
278
281
276
296
286
287
287
287
288
283
275
287
286
281
289
288
289
279
280
281
284
291
281
277
273
271
281
278
275
284
276
272
276
282
286
276
279
283
275
279
284
293
288
293
288
289
279
282
278
287
290
291
289
276
281
275
279
283
286
290
286
287
293
293
285
285
279
277
280
280
276
263
282
288
272
280
277
287
287
301
289
296
293
288
296
292
296
298
303
297
293
291
297
296
302
300
295
284
281
283
292
274
277
268
260
258
259
264
266
260
262
256
267
267
275
282
276
277
283
281
281
276
272
275
288
284
287
283
293
283
280
282
277
280
276
281
276
272
279
279
279
283
283
274
282
285
283
287
294
296
296
296
292
294
299
296
304
299
295
298
304
300
305
299
303
298
284
294
291
295
300
296
306
307
306
303
315
306
300
302
294
292
292
303
297
297
294
297
298
301
295
296
286
277
283
291
281
281
275
282
279
283
281
291
292
294
296
298
286
288
283
290
292
301
300
309
306
299
297
293
299
295
297
295
300
299
301
295
305
286
298
303
307
302
298
299
295
285
297
294
296
298
288
292
299
291
292
297
281
293
302
293
297
300
307
307
313
311
300
296
290
298
295
295
285
294
292
295
291
292
302
290
293
291
286
278
289
283
286
284
275
280
270
273
271
276
293
291
278
275
284
279
282
283
296
283
287
289
283
291
288
279
281
276
283
284
273
290
278
267
273
274
275
272
281
269
275
279
283
288
296
302
298
299
294
291
284
278
284
291
293
299
296
298
294
285
293
293
289
295
291
285
284
278
291
291
291
289
287
286
273
274
289
288
287
291
290
291
294
284
276
276
273
281
281
285
307
298
303
300
296
295
294
289
297
295
287
290
294
290
295
294
300
295
291
287
277
