849
840
857
870
867
864
872
860
864
880
872
867
853
857
862
863
865
864
867
873
855
867
857
853
867
880
861
849
846
851
832
839
818
825
814
810
848
853
847
848
852
846
838
836
835
853
852
840
846
844
829
844
833
831
833
837
831
841
851
854
859
875
861
871
861
863
868
874
868
895
881
863
852
845
848
841
849
844
838
823
829
836
858
835
833
830
832
831
819
838
833
826
831
826
840
855
859
874
863
862
862
853
858
857
867
870
858
861
873
865
868
868
873
873
888
875
885
896
870
876
867
872
882
867
851
849
829
834
830
841
852
848
852
851
831
852
828
844
842
853
865
851
856
871
859
845
836
862
869
847
840
843
841
850
850
839
837
843
845
840
849
839
841
859
858
856
863
876
881
885
887
888
889
888
870
877
854
876
880
876
853
836
862
833
836
839
853
852
859
855
851
856
845
840
852
856
841
841
831
836
826
833
844
866
860
871
842
854
846
838
834
847
841
838
836
846
855
865
858
851
862
875
867
847
873
852
851
867
860
873
874
870
860
861
875
849
844
850
826
834
820
817
821
846
839
844
833
847
849
839
833
819
826
836
838
854
848
842
841
836
850
832
814
830
820
824
830
847
826
847
846
858
837
860
834
825
832
823
836
840
848
850
865
867
857
861
869
865
873
869
899
888
896
887
880
863
856
855
851
854
868
867
861
852
836
843
846
858
860
868
854
855
862
843
834
819
839
832
830
839
846
847
856
870
879
894
897
907
890
887
863
867
889
879
881
882
871
861
840
837
834
840
843
848
853
853
834
826
839
849
843
834
837
829
819
826
823
837
833
837
866
870
866
889
878
885
889
897
897
876
876
845
842
855
857
853
845
848
849
862
849
847
874
854
861
855
825
834
834
844
830
848
834
856
838
852
851
853
851
847
842
845
843
844
851
854
856
864
875
849
847
865
863
870
871
855
859
864
865
854
835
832
835
835
838
834
846
842
829
830
817
833
829
836
840
842
843
827
821
823
806
810
795
797
808
814
804
812
819
826
828
810
792
790
794
794
789
784
824
819
829
829
832
812
809
804
831
824
795
817
823
828
836
841
854
865
864
862
867
856
848
845
837
838
821
828
834
814
827
846
832
826
844
842
848
870
852
850
855
865
860
865
868
881
889
871
870
885
889
903
891
890
891
882
862
873
887
886
879
873
874
866
865
848
842
843
825
815
826
833
827
821
832
825
831
817
812
809
817
803
812
819
825
816
816
820
827
816
820
824
811
816
834
825
835
810
819
830
809
834
828
832
840
842
860
856
857
832
837
834
831
830
835
836
829
831
839
844
837
838
840
850
842
839
847
833
832
826
829
833
834
836
846
847
850
841
830
822
832
835
818
820
821
821
831
830
821
835
833
837
824
832
829
832
845
842
851
856
849
848
835
851
851
849
832
842
849
862
859
851
859
829
848
830
816
836
833
847
842
832
832
827
829
822
816
832
808
825
819
826
827
838
833
830
838
836
836
851
833
834
820
831
835
833
820
822
831
819
820
817
825
835
829
830
825
822
816
828
822
827
823
824
814
814
798
804
825
835
833
827
828
833
858
834
827
823
813
842
843
842
843
849
821
839
845
848
830
826
831
839
830
822
815
802
819
804
800
788
800
793
789
802
799
783
806
785
770
798
795
797
811
817
829
832
847
833
831
845
828
821
824
846
833
836
851
858
853
865
847
852
848
836
840
840
818
805
826
822
833
828
835
849
847
846
844
844
842
835
847
836
860
849
845
838
833
847
843
849
831
846
844
831
841
847
835
839
850
845
844
848
850
845
849
845
834
844
837
836
847
824
829
826
828
835
824
813
816
825
828
844
839
848
855
871
865
850
844
859
852
846
839
831
823
819
814
825
813
827
831
833
843
833
848
872
878
854
852
827
813
814
806
802
810
805
840
831
814
816
814
808
804
815
817
820
833
833
834
839
831
826
822
824
854
863
868
876
855
825
828
839
848
841
833
835
850
854
866
847
861
855
848
848
835
850
848
843
810
844
839
838
818
826
821
806
824
824
831
845
839
855
854
845
851
864
852
823
828
821
831
838
843
850
842
830
846
859
839
844
854
851
849
858
852
841
855
841
858
851
855
857
848
840
839
831
826
832
828
810
799
815
833
828
836
834
830
833
842
827
834
830
841
826
825
834
826
815
829
831
833
820
800
803
813
831
839
838
823
821
815
833
809
815
827
827
835
811
822
818
820
820
826
802
820
826
829
835
839
847
842
847
843
855
856
860
858
855
864
847
865
869
866
849
862
872
855
830
840
835
856
837
833
819
821
821
803
813
811
818
832
830
808
808
809
797
807
819
837
800
813
814
803
818
806
813
821
812
824
826
818
824
805
817
808
831
823
824
818
818
826
831
839
825
823
817
830
833
844
845
835
829
824
829
837
826
832
820
821
822
826
808
810
822
832
823
816
807
814
831
832
832
862
829
818
820
836
841
831
826
837
843
847
836
847
844
854
866
853
841
845
850
856
860
856
859
849
861
851
841
831
840
846
838
832
827
831
833
813
821
815
810
798
804
796
795
802
796
812
806
787
800
805
820
830
822
813
815
831
838
844
865
853
851
840
827
829
838
825
853
851
860
859
839
849
844
862
855
856
869
866
874
863
844
850
850
842
835
837
835
833
826
814
830
832
843
834
828
827
845
845
848
859
859
862
849
840
842
839
835
843
846
848
859
856
866
865
859
859
848
841
828
847
842
854
838
841
842
843
845
856
832
847
843
850
849
856
825
827
819
831
808
812
806
815
810
819
829
825
819
828
821
820
838
821
824
807
801
814
820
827
834
844
845
844
850
844
844
845
821
843
828
854
843
834
849
847
831
833
831
830
825
806
811
819
824
833
840
842
829
832
828
833
826
824
842
847
852
861
869
854
838
830
826
856
836
835
846
832
819
837
820
810
801
800
817
820
808
810
801
809
825
819
830
824
841
863
843
839
836
831
829
837
826
817
815
824
844
843
834
837
840
851
861
855
843
831
830
824
828
825
837
836
844
841
830
842
847
845
840
848
845
828
839
838
843
846
841
842
839
838
827
854
849
841
837
850
841
849
843
834
821
819
833
821
828
826
830
821
827
831
829
842
834
825
847
829
835
844
834
831
832
843
838
829
821
814
813
814
826
806
809
796
806
810
799
805
810
791
809
802
805
814
818
793
816
831
833
816
808
798
805
813
813
825
809
817
813
811
797
777
784
792
782
799
790
810
792
798
788
788
804
806
800
786
786
788
773
788
771
780
790
800
788
793
790
782
792
811
815
811
818
821
812
817
796
808
803
816
809
808
787
783
779
802
820
810
803
802
813
831
835
834
842
857
852
854
867
853
843
853
844
827
837
844
841
828
839
841
841
823
836
825
827
845
825
817
833
819
818
822
808
833
851
822
818
803
808
811
797
791
801
805
811
836
820
834
830
820
822
814
829
824
817
819
819
824
821
832
828
822
806
796
823
820
833
839
815
807
808
804
808
822
815
796
797
795
794
801
791
796
790
784
783
785
776
775
796
785
761
763
776
779
803
805
801
816
797
822
816
802
804
808
794
815
819
795
805
809
810
799
787
800
793
797
786
783
776
788
800
800
806
802
798
804
822
818
825
820
813
814
808
813
814
814
817
822
797
777
794
802
794
791
791
794
781
792
773
799
790
801
812
796
787
799
815
807
804
789
798
794
791
797
779
794
794
792
795
805
810
814
802
819
829
832
841
840
827
833
835
824
822
818
827
811
830
824
834
823
799
809
785
784
794
811
802
805
803
809
796
817
823
804
814
803
808
802
802
808
819
814
839
842
831
834
831
833
822
839
833
822
824
817
845
832
834
831
818
829
823
811
812
823
820
811
805
791
774
778
789
797
803
794
800
815
811
822
796
772
783
790
800
779
802
797
808
818
802
811
806
813
818
836
833
836
819
823
835
848
853
833
829
839
836
833
844
838
842
844
843
848
847
854
854
843
828
813
830
821
824
813
825
834
839
835
815
804
809
801
796
803
784
797
807
802
790
782
777
781
772
786
792
794
801
805
821
806
814
795
794
799
788
791
823
811
809
821
800
807
795
803
807
826
822
834
828
815
815
823
839
825
829
813
818
825
828
829
825
837
819
802
806
801
787
791
788
802
810
801
804
807
781
797
808
814
815
813
809
825
808
808
805
805
813
821
822
835
811
818
810
809
812
806
801
821
804
804
801
793
783
800
790
788
805
801
792
800
793
794
792
791
818
809
821
825
826
831
826
841
840
840
832
823
811
816
799
808
808
812
819
796
792
789
798
802
815
821
820
797
812
810
827
826
799
803
793
785
795
801
819
803
813
815
800
809
816
796
790
781
791
786
792
789
798
792
807
802
804
787
792
782
773
777
766
760
756
767
758
750
753
760
766
770
776
770
771
777
758
767
770
762
760
769
764
762
779
764
775
781
794
785
811
802
809
801
801
793
783
792
812
813
807
796
810
801
796
804
807
803
808
800
781
775
783
781
771
798
767
774
768
772
789
791
803
808
828
818
810
802
809
796
796
789
791
804
779
785
774
768
772
780
777
775
769
786
782
774
783
778
785
796
791
794
789
802
787
790
803
794
807
816
790
793
805
813
805
805
818
822
830
825
833
827
833
819
818
831
827
827
820
821
822
836
835
841
857
829
829
823
817
816
832
834
814
822
819
821
806
785
802
804
812
823
821
824
821
820
821
814
832
806
792
793
805
809
807
809
811
811
809
822
840
843
839
842
834
848
849
849
852
851
858
843
841
840
842
822
830
836
823
816
798
795
786
797
786
793
785
783
785
785
794
787
800
806
812
793
790
785
800
789
799
811
827
815
822
817
808
821
818
835
834
827
822
818
815
823
832
812
828
822
824
820
825
819
846
816
819
802
827
806
806
803
816
835
822
810
802
799
785
785
773
791
789
790
801
814
810
825
844
840
839
828
824
816
815
818
808
816
802
803
822
811
802
803
787
786
808
800
778
782
791
803
808
792
811
811
824
821
831
836
833
847
829
832
819
823
831
828
839
833
832
833
810
796
813
810
809
818
814
821
817
813
821
816
804
794
798
801
824
823
814
803
814
803
809
801
808
808
820
825
815
828
801
789
790
793
779
776
763
788
813
790
799
793
801
801
807
790
804
806
800
778
801
801
799
801
803
797
793
780
793
796
796
807
818
811
832
830
821
826
815
806
803
805
811
818
817
812
817
824
823
819
827
835
829
822
819
822
821
827
818
806
811
817
838
835
837
846
836
804
810
818
819
819
825
820
805
806
822
807
795
787
799
799
813
806
810
806
815
804
808
780
791
793
780
808
821
805
818
810
806
815
816
830
827
834
815
816
819
839
814
836
829
834
840
831
812
816
786
820
798
810
799
811
810
808
785
780
787
803
794
786
793
791
806
810
816
818
805
824
831
825
812
820
801
811
822
820
812
812
836
834
833
834
819
814
810
814
814
802
789
792
811
821
824
820
812
816
805
809
813
821
817
823
808
819
826
811
810
810
824
827
812
803
804
793
808
800
795
789
786
797
790
797
781
786
803
796
790
800
801
799
806
804
807
808
791
783
775
797
795
801
802
784
781
787
790
792
772
782
777
783
796
804
814
795
777
782
787
794
787
806
810
821
823
810
797
795
781
785
799
800
790
784
770
779
779
772
778
780
765
771
789
792
774
792
791
790
819
809
814
814
801
797
791
789
795
799
785
787
786
793
801
788
788
785
812
813
816
826
824
807
809
808
793
811
808
804
805
808
807
808
796
791
802
800
787
787
791
806
786
797
796
797
810
809
819
827
809
829
824
812
816
817
813
805
808
829
823
811
792
790
790
796
779
811
803
798
797
789
796
803
807
802
814
811
813
830
812
801
790
789
797
798
780
787
791
801
813
780
792
804
810
798
785
798
790
795
809
795
809
800
794
807
808
805
792
792
792
807
799
804
807
818
809
808
789
795
805
809
819
797
809
813
804
804
803
825
818
818
806
809
817
805
796
799
794
795
813
803
821
802
806
810
801
805
791
783
786
804
811
788
759
760
770
771
762
778
770
766
780
771
787
797
804
784
775
784
781
762
772
782
795
788
770
776
782
764
763
756
768
784
770
776
751
745
752
749
742
748
746
769
788
778
771
782
790
787
789
768
762
747
766
755
759
771
777
780
784
773
771
780
776
775
761
756
758
763
757
744
747
750
744
756
756
752
761
769
756
771
765
775
782
775
777
771
778
770
772
771
758
778
771
766
771
791
790
793
778
778
769
763
770
774
772
791
781
785
776
768
755
752
782
767
764
773
762
750
753
750
742
743
742
750
770
786
772
778
771
778
766
764
772
768
772
767
770
771
782
789
774
768
768
762
765
763
788
760
772
765
773
788
776
769
770
773
759
766
770
787
775
778
778
774
784
775
777
769
783
791
779
770
761
774
769
769
770
770
785
782
786
783
785
769
772
782
789
788
780
776
783
778
789
782
774
767
778
795
787
777
793
790
789
761
777
782
779
773
764
791
782
784
783
777
753
765
767
748
745
743
747
745
736
744
758
754
752
752
764
766
767
767
786
802
776
783
799
790
800
794
795
793
801
786
776
774
789
781
777
783
757
783
766
764
760
749
734
762
768
755
753
765
760
765
795
785
785
778
770
774
751
761
758
757
758
768
743
732
754
774
774
765
756
750
734
751
772
770
779
766
767
789
766
778
761
758
766
742
753
762
759
746
750
771
756
760
773
761
750
749
739
737
731
745
738
768
738
752
740
737
754
764
758
773
756
771
770
755
757
757
755
747
753
744
749
758
780
754
748
764
783
763
764
765
753
773
774
764
755
762
763
755
775
764
767
754
758
774
764
777
790
791
780
761
772
767
766
770
777
784
792
788
782
769
752
742
746
743
731
735
729
736
756
758
767
757
756
771
763
766
771
772
758
752
756
760
764
762
761
761
771
764
775
794
793
796
810
807
781
791
781
788
785
783
780
778
770
779
780
775
786
784
798
781
769
779
770
762
767
788
775
759
776
763
753
763
765
771
759
770
776
790
775
779
766
756
776
797
790
802
782
802
783
793
799
795
795
795
782
799
777
784
767
766
757
769
774
790
780
770
780
765
769
756
753
737
723
732
745
742
742
734
731
747
736
727
729
732
732
744
754
752
744
751
756
772
770
786
779
759
771
768
768
777
776
778
794
787
785
777
780
782
773
775
784
784
787
770
760
761
761
754
758
759
756
783
779
779
781
767
773
764
768
771
781
779
783
779
784
767
780
772
760
756
762
766
753
740
740
764
747
747
749
771
752
767
772
775
786
787
783
771
778
770
770
787
789
800
794
779
797
790
784
785
779
803
791
806
786
790
782
787
778
770
783
787
793
792
785
790
803
818
811
801
796
794
791
773
762
764
770
760
768
760
768
753
767
783
768
780
785
793
766
763
768
776
761
766
770
763
770
763
771
778
769
755
761
754
771
803
791
785
779
775
781
769
764
774
784
761
765
756
773
753
751
766
773
742
769
759
781
776
765
753
772
775
769
766
752
746
755
760
757
759
769
778
762
751
756
739
736
726
728
713
741
739
750
736
747
748
745
751
768
754
749
745
738
753
730
746
737
732
732
732
712
735
729
725
733
737
755
759
749
755
738
745
745
740
744
748
758
754
770
768
753
755
731
770
773
776
777
775
775
767
757
748
767
764
764
753
755
766
757
758
755
759
753
752
751
757
752
738
745
745
753
747
750
745
757
739
721
749
752
754
744
748
760
743
753
759
756
757
759
765
759
763
764
770
772
765
764
744
763
762
777
771
771
754
738
733
732
717
726
730
741
749
741
734
754
748
744
741
731
733
739
751
749
754
746
756
750
747
755
767
760
749
770
782
769
784
776
775
783
782
803
771
790
798
789
791
805
796
783
765
759
770
767
766
746
749
756
766
766
784
778
777
784
805
789
786
793
782
785
763
762
773
777
788
789
791
778
774
761
769
758
780
774
784
779
781
780
770
756
747
772
758
761
748
758
759
769
764
774
757
761
761
764
759
761
751
747
756
747
751
741
748
765
758
754
743
753
772
787
776
780
783
782
794
793
786
775
774
781
793
804
815
807
793
797
785
790
804
816
798
782
786
782
772
776
762
780
764
784
755
761
766
750
754
755
758
744
734
727
739
733
741
753
751
745
738
733
742
744
742
749
728
737
743
746
750
754
740
773
769
750
755
749
759
739
754
742
768
780
769
778
775
765
782
773
782
789
767
766
758
785
764
770
779
777
783
777
784
771
771
775
779
767
770
756
757
749
758
771
768
763
771
785
767
782
783
781
789
773
774
762
762
765
769
777
763
769
775
761
762
770
773
765
772
790
782
771
785
773
773
788
790
785
745
751
757
786
769
759
764
771
781
789
771
787
780
770
786
780
786
757
779
765
771
752
770
767
751
770
761
782
778
788
793
798
792
791
778
777
790
770
765
758
758
749
749
762
746
743
738
724
723
722
731
712
715
739
731
728
745
761
766
770
765
748
744
752
747
740
755
765
772
747
755
737
742
751
732
732
735
731
749
747
753
757
768
770
759
770
782
793
764
776
784
785
771
784
783
778
762
759
765
773
776
779
765
765
756
748
745
751
748
752
757
758
770
772
767
768
767
756
770
761
775
761
766
780
774
773
774
784
801
781
767
759
748
745
718
720
728
733
733
751
746
742
735
749
752
741
752
745
742
752
763
759
764
761
746
733
746
744
741
751
748
759
751
766
774
766
766
781
784
808
814
804
796
781
767
794
795
804
801
792
774
775
781
785
787
759
763
772
765
744
759
752
757
756
749
759
749
768
751
749
753
750
757
770
768
759
778
766
753
770
765
762
751
764
752
755
761
754
750
748
761
769
776
767
765
749
741
731
744
752
757
767
765
775
762
751
749
743
745
747
780
792
775
769
780
762
779
752
757
759
752
750
743
734
748
764
755
763
745
765
745
764
759
760
763
766
764
759
781
775
769
789
786
799
784
787
799
790
813
801
802
796
792
795
775
781
783
790
792
800
795
791
784
783
769
773
770
791
782
797
782
796
773
776
776
807
795
791
786
783
792
777
787
773
788
780
777
778
764
765
779
754
758
760
773
765
757
745
756
761
763
777
760
761
780
792
790
778
765
774
788
796
787
776
786
767
773
772
765
774
773
769
768
782
751
750
761
754
755
760
748
743
754
759
774
782
773
764
765
773
768
754
757
778
764
770
762
786
763
768
764
760
787
791
792
798
777
765
765
786
783
773
766
769
760
762
769
752
753
763
743
754
772
782
789
767
774
758
753
745
750
758
756
766
772
758
772
762
759
757
740
744
762
746
750
749
763
745
735
742
730
739
727
741
748
760
755
747
750
751
748
744
734
742
757
759
754
750
754
764
773
775
758
757
760
754
744
758
745
753
752
753
751
750
722
731
746
735
736
744
763
758
746
748
747
762
762
752
761
756
757
753
760
746
747
743
740
762
765
763
773
769
766
767
767
766
772
759
783
774
771
774
768
790
797
789
805
814
811
794
801
810
801
806
800
794
794
793
793
796
790
799
817
811
824
814
823
793
800
797
794
785
778
785
782
767
779
766
759
772
784
793
783
795
778
781
760
753
761
763
782
785
766
768
773
765
749
769
769
782
786
778
785
803
801
779
789
785
781
797
785
774
785
786
778
779
778
772
776
761
757
754
759
761
763
771
768
762
751
754
759
772
757
760
767
772
758
746
758
741
743
737
731
741
755
744
733
724
733
732
743
727
730
730
744
753
759
759
763
745
768
754
760
742
738
758
763
758
760
774
757
763
771
751
769
763
755
773
776
779
775
761
743
730
742
731
723
742
745
762
760
751
767
764
780
777
771
777
767
747
756
741
746
743
758
749
737
739
733
752
764
759
777
784
787
790
794
773
768
787
780
766
766
767
763
754
770
773
772
763
776
762
753
734
752
765
758
757
763
778
767
771
767
754
758
775
763
773
767
755
766
766
771
783
779
772
786
785
771
773
770
757
763
753
755
753
747
736
746
738
724
719
726
726
731
735
744
742
748
751
763
767
761
758
758
743
741
759
754
759
779
773
778
767
757
762
773
771
775
760
761
751
753
755
757
745
733
731
742
752
759
737
741
751
737
747
759
748
769
759
766
755
745
758
748
753
754
751
752
769
771
772
753
738
746
731
738
742
752
773
784
772
753
742
766
752
757
756
747
753
764
766
766
781
786
778
776
767
769
774
781
766
763
780
783
765
774
787
786
781
775
771
758
762
767
768
777
763
766
763
773
780
764
761
742
742
742
755
761
775
790
781
780
782
758
776
754
740
740
772
754
765
754
753
746
750
734
755
742
746
727
745
740
728
755
755
752
764
763
773
783
765
771
767
766
765
755
761
769
763
771
766
770
770
766
771
765
778
771
775
768
757
751
742
742
744
748
749
735
739
752
753
765
749
765
758
752
760
755
782
791
784
785
783
783
776
780
783
774
769
774
776
776
769
764
774
782
801
808
808
806
795
806
804
797
804
786
776
770
776
759
770
783
775
774
775
775
781
781
786
777
790
775
784
768
771
769
774
767
763
755
750
751
737
752
755
744
747
752
763
760
788
783
771
780
772
780
751
760
758
749
738
733
735
738
726
741
747
756
738
742
732
724
721
734
716
722
721
723
723
725
723
730
708
709
727
728
738
730
718
738
741
756
752
747
756
763
780
781
769
778
789
795
810
786
781
784
774
779
780
798
790
789
790
781
785
768
770
770
769
779
784
787
779
784
799
798
797
794
786
793
790
805
814
807
799
784
787
795
802
786
781
790
785
759
772
772
768
776
776
777
769
753
756
751
767
765
764
769
764
775
760
773
772
777
776
764
760
740
752
750
743
758
750
756
760
785
793
792
791
800
791
792
779
782
770
776
786
776
771
762
766
772
771
754
773
759
767
776
767
759
767
757
763
778
778
773
757
768
756
768
780
770
772
767
772
771
779
771
764
747
750
739
737
748
768
767
764
749
755
744
771
762
746
742
747
735
720
729
744
723
711
708
708
718
725
741
747
756
746
745
736
747
737
734
715
730
739
722
735
723
727
717
722
727
720
736
733
745
733
741
749
759
751
758
758
765
781
771
765
777
783
784
764
768
749
766
772
763
769
762
745
760
758
741
715
718
732
740
752
751
760
776
773
756
758
761
783
776
772
765
758
775
758
755
742
730
758
754
762
747
767
775
778
778
767
761
765
765
771
770
757
769
770
763
777
768
772
767
779
780
771
775
782
764
759
770
771
755
754
747
743
746
750
784
768
768
769
783
772
786
778
749
742
754
753
743
736
745
750
762
757
770
758
757
755
754
730
721
735
724
721
727
721
725
717
715
712
710
727
726
743
731
742
740
726
745
757
729
737
742
753
768
749
749
760
757
743
745
760
747
762
742
765
752
740
761
748
743
744
748
735
751
735
744
749
739
756
738
761
752
734
753
760
767
756
764
774
764
753
742
758
774
762
756
739
755
774
766
743
742
751
727
749
754
754
764
762
767
775
777
774
774
778
771
773
754
758
754
744
746
757
749
751
766
774
762
755
754
751
747
750
766
754
760
754
776
760
771
758
771
771
770
753
760
769
785
776
766
771
777
749
746
749
746
748
767
763
778
760
766
775
774
763
790
784
788
766
774
789
811
799
800
809
801
795
764
769
768
760
754
738
736
739
743
735
728
735
719
718
733
732
729
729
742
741
743
716
735
735
738
741
744
721
745
756
768
779
790
758
745
741
728
738
714
715
720
724
731
728
732
721
724
738
749
758
770
771
767
761
758
748
745
741
723
734
754
754
744
769
767
763
757
745
746
736
731
713
729
740
749
756
767
747
748
751
738
746
743
725
737
731
724
733
742
727
734
747
748
748
733
745
766
743
736
732
733
746
761
763
744
739
732
741
760
771
758
742
747
761
758
774
762
750
748
750
747
748
756
742
746
752
738
728
720
722
734
744
734
753
729
725
729
722
710
696
714
718
732
728
727
745
747
744
742
747
754
748
754
763
769
779
771
784
787
801
800
795
799
801
800
790
769
760
751
745
736
740
746
744
743
738
745
741
723
739
748
739
736
730
735
739
756
777
783
783
769
783
770
775
767
771
773
783
788
779
791
793
771
770
767
772
788
786
777
775
772
769
758
754
749
743
725
717
716
727
724
728
721
709
711
719
710
708
709
713
744
745
733
723
725
718
714
718
723
734
723
725
711
710
699
706
710
709
719
728
724
731
743
734
721
725
716
695
679
697
694
702
721
734
744
749
746
747
736
746
720
729
734
740
740
751
751
738
730
751
738
744
745
727
727
726
727
720
724
735
717
723
724
735
721
703
728
719
721
729
723
733
746
745
744
739
737
753
757
753
751
761
753
767
756
761
756
756
758
741
734
738
729
732
743
747
745
730
733
738
734
732
734
743
753
738
751
742
747
746
750
746
749
747
730
740
740
744
723
716
723
724
731
744
743
737
741
761
755
748
750
750
749
752
734
725
728
732
739
747
737
744
729
729
746
749
745
743
738
748
750
743
726
736
735
739
743
740
737
746
763
761
757
751
744
745
757
763
763
747
748
746
760
758
763
749
754
774
767
771
774
762
751
746
757
761
747
758
757
763
769
781
763
750
756
760
758
766
761
766
746
760
767
759
752
753
752
752
761
764
769
772
774
770
761
765
761
780
774
751
758
752
750
749
742
742
744
755
764
753
758
747
755
750
742
747
760
751
754
743
740
728
735
732
742
738
742
760
747
752
751
754
752
756
757
764
763
755
767
764
757
762
765
782
773
757
758
744
745
732
741
731
740
738
732
746
730
723
716
718
736
735
754
755
736
730
736
716
745
749
743
743
731
734
746
728
745
749
755
740
766
761
766
756
757
768
790
774
761
750
750
763
781
748
762
751
754
751
740
741
762
749
760
770
759
758
768
786
770
768
767
766
765
740
748
745
741
761
768
763
776
770
781
765
753
748
751
740
736
710
724
736
720
734
731
739
725
737
752
762
775
771
768
773
766
771
759
746
759
740
737
734
737
736
752
742
732
730
724
727
737
744
760
742
746
760
754
767
766
769
750
742
750
741
730
720
731
745
739
730
736
738
731
745
743
741
746
745
737
748
747
769
756
760
762
762
756
763
758
743
760
755
761
758
742
736
733
727
717
714
717
733
725
732
749
739
753
756
765
782
779
781
784
776
770
763
754
748
757
741
736
738
727
742
748
737
736
748
749
750
746
754
773
760
761
775
756
753
744
753
742
734
745
747
728
715
739
736
725
719
725
730
728
734
737
739
730
750
759
765
759
765
744
761
739
732
745
753
767
766
766
741
749
729
742
722
730
723
727
727
725
721
704
693
717
707
706
719
710
698
722
706
711
713
720
739
747
738
738
732
732
737
753
723
716
726
737
733
734
739
723
753
748
735
740
746
735
740
744
732
729
722
723
728
739
733
740
726
738
751
737
744
748
753
747
736
737
737
743
733
736
724
729
715
721
732
741
729
728
742
756
748
738
729
706
710
731
738
722
719
738
728
725
718
719
719
716
730
738
733
720
724
742
761
762
758
751
757
739
748
748
757
769
759
768
769
765
751
765
762
756
757
738
760
768
744
754
750
750
755
742
743
752
748
757
752
763
738
745
740
754
750
736
737
735
753
739
744
738
758
735
728
732
708
726
722
736
737
745
720
743
745
736
730
739
750
738
742
748
747
754
744
742
739
727
728
731
741
718
735
742
746
732
726
730
729
724
701
715
721
732
704
721
720
730
729
737
731
732
744
735
732
733
727
722
734
731
736
744
749
729
729
733
749
714
725
715
720
721
734
746
740
753
748
750
754
749
748
737
723
722
732
752
732
733
720
724
723
724
717
717
727
709
714
713
712
730
732
739
738
732
746
740
736
739
740
740
731
745
741
740
737
744
735
744
750
761
751
744
723
719
729
728
723
726
732
735
732
740
737
749
741
745
747
741
756
760
755
772
748
760
744
728
739
745
765
734
737
754
739
739
732
744
744
728
747
732
730
734
719
713
720
720
726
719
739
743
742
746
744
741
747
742
728
748
746
752
751
755
758
765
742
752
746
754
737
737
745
749
730
736
739
741
757
753
751
761
747
748
741
743
751
746
749
744
755
751
761
773
777
766
756
760
758
761
758
758
752
733
738
732
720
715
714
719
722
713
724
740
758
760
754
757
760
756
766
735
754
766
773
763
773
772
763
764
754
766
767
757
755
751
746
750
759
754
759
759
760
749
751
751
746
740
742
747
741
742
750
755
734
753
744
754
754
752
741
757
739
744
727
731
742
735
727
741
735
740
741
746
720
728
744
726
746
714
716
722
697
715
707
716
718
730
742
734
735
751
754
744
736
741
736
742
749
732
728
723
731
708
718
731
723
744
750
746
755
750
751
762
761
758
751
744
760
754
778
765
766
755
752
770
754
771
761
738
738
760
754
751
760
756
740
737
748
734
746
739
729
721
731
726
732
727
740
750
755
743
735
726
732
726
738
739
738
722
737
742
734
743
760
764
769
760
755
756
756
753
761
764
751
770
764
759
755
750
742
748
745
736
743
758
754
741
743
731
737
734
748
743
748
765
769
768
782
775
761
765
769
773
780
768
758
762
765
754
761
760
751
774
782
781
775
780
765
760
766
769
772
747
740
747
739
722
737
734
733
715
721
726
735
747
749
739
742
755
757
769
761
732
744
730
748
764
746
759
754
751
740
745
742
740
749
748
748
758
747
741
746
728
730
736
748
758
731
733
733
729
735
745
734
735
725
739
737
739
720
740
710
739
739
759
765
764
762
755
733
744
744
742
747
736
739
741
770
764
749
764
743
758
768
763
764
764
752
760
767
755
751
743
746
730
719
722
720
715
721
725
732
731
739
749
748
766
748
741
747
739
725
731
742
732
734
745
754
737
751
737
748
761
769
773
750
737
747
759
742
736
761
766
751
749
750
734
736
745
746
769
762
771
766
749
747
762
749
731
737
733
744
742
751
755
750
727
732
729
721
726
726
725
730
718
711
717
719
727
716
724
714
713
707
710
718
705
696
702
708
711
704
696
701
708
720
717
713
684
691
701
707
711
719
714
735
737
719
729
725
708
710
704
724
735
736
731
720
732
742
748
738
737
746
741
758
751
762
771
766
746
750
769
750
739
740
756
754
742
755
751
751
755
752
745
735
728
741
737
747
744
742
740
727
734
736
744
765
758
753
741
732
742
740
734
729
735
729
724
727
750
751
742
736
746
743
745
759
752
747
748
754
744
761
741
748
728
741
734
736
748
747
745
733
738
738
748
740
747
752
750
741
748
743
731
742
749
748
749
760
767
768
758
769
765
763
741
752
746
751
744
764
781
761
754
765
772
755
757
763
766
778
759
751
751
770
749
761
773
769
760
758
756
765
780
768
761
767
777
763
756
761
760
740
733
734
728
728
754
755
756
767
777
766
755
754
757
746
745
744
745
733
724
729
724
718
730
732
716
722
717
708
727
730
745
730
732
715
728
720
706
707
700
724
717
710
712
718
730
735
739
743
746
734
734
728
729
741
758
757
755
750
747
760
751
748
758
750
758
760
755
780
744
746
753
734
713
732
731
722
717
702
709
699
701
700
720
717
711
720
716
705
710
708
723
722
714
714
718
725
731
748
730
723
741
720
716
738
740
758
755
750
751
759
760
759
766
765
755
772
777
778
766
760
754
754
748
757
759
746
760
755
754
766
756
764
757
759
761
750
750
754
750
735
740
745
755
755
761
761
755
758
761
766
763
768
779
773
759
748
748
745
744
737
740
734
719
739
747
735
730
733
736
720
726
734
733
729
731
744
740
736
741
743
753
753
749
735
748
750
760
752
743
747
735
742
749
736
734
743
736
742
734
747
731
754
755
730
746
733
734
723
724
740
729
730
738
736
746
733
741
733
735
752
742
752
753
732
747
751
755
750
738
740
746
736
732
726
727
732
721
696
694
716
723
719
734
739
737
739
745
771
780
758
753
739
737
724
724
719
737
740
735
740
737
719
713
717
727
722
726
730
722
738
741
728
746
744
742
732
727
727
732
718
721
740
737
735
724
713
732
724
733
737
747
732
731
740
741
750
736
735
757
749
763
768
771
777
761
769
775
770
770
763
742
749
753
741
766
770
753
759
753
754
754
753
767
752
759
748
735
736
741
735
734
734
730
722
738
746
746
765
771
776
778
764
773
767
785
767
777
772
766
747
741
747
740
746
740
739
739
742
732
750
757
746
754
738
733
745
762
756
748
741
745
750
732
744
740
748
732
710
711
706
703
714
698
692
714
716
711
728
744
741
728
734
735
728
723
721
731
726
738
763
754
767
762
761
750
759
752
757
749
738
728
732
742
756
763
778
767
766
765
743
758
761
763
777
764
765
760
771
766
766
775
783
754
757
754
740
746
741
753
734
740
761
749
756
772
762
756
762
762
776
767
764
771
767
778
774
762
753
749
752
760
748
761
757
752
746
739
733
751
743
739
741
758
759
740
755
752
756
756
748
752
748
750
755
764
776
793
770
786
772
768
773
777
769
769
766
768
768
744
746
756
747
745
742
755
732
731
735
726
716
727
736
735
742
745
759
754
752
757
748
750
746
738
738
735
730
736
730
740
746
736
729
735
718
722
722
726
737
753
754
749
750
741
742
739
752
750
737
737
765
741
767
771
759
774
775
764
766
765
757
760
761
771
781
753
754
755
756
751
742
745
740
733
755
766
771
754
748
758
758
765
760
752
751
757
750
737
768
757
758
755
743
750
745
749
740
738
738
748
747
776
759
759
754
737
751
741
754
755
754
759
747
756
741
741
735
741
744
740
737
761
756
747
758
745
759
762
754
751
752
779
783
783
773
776
761
773
753
773
775
763
754
756
752
750
756
773
764
772
778
764
770
761
789
782
792
788
787
764
776
786
758
755
740
737
745
762
765
747
736
740
741
739
749
741
731
720
725
704
736
739
747
745
755
752
754
754
743
755
740
732
727
721
719
732
722
730
738
735
747
732
719
715
739
746
730
731
745
725
735
729
727
724
719
727
709
718
733
746
730
721
728
747
766
755
761
753
735
740
747
723
744
752
731
735
727
737
715
728
739
720
742
734
731
743
735
742
744
728
733
728
739
723
731
729
728
733
735
740
740
731
735
732
733
728
730
735
729
716
725
720
720
711
722
732
734
734
730
751
732
730
740
741
733
724
739
739
737
750
763
767
768
771
764
772
755
748
775
766
766
764
759
730
730
729
733
727
728
737
738
739
726
737
723
751
741
747
760
758
768
760
758
751
744
735
734
735
742
749
754
752
747
732
726
731
724
739
718
723
727
723
736
735
742
732
745
724
735
726
743
736
743
721
719
746
752
746
731
725
719
718
735
708
713
742
729
735
718
729
718
719
730
720
731
718
738
734
751
741
740
739
748
747
763
753
752
754
757
755
751
753
757
749
730
730
717
743
740
727
739
737
732
763
761
753
762
765
756
749
750
743
746
751
762
760
737
745
756
745
740
742
755
755
759
761
753
759
763
744
756
757
764
765
751
751
742
738
745
739
743
764
745
745
744
737
747
740
740
734
703
705
709
714
706
731
719
723
712
709
707
713
720
711
744
732
728
737
720
733
729
744
735
751
740
757
754
744
732
718
729
738
730
739
736
744
738
739
736
749
745
756
756
750
752
760
766
750
745
742
741
757
764
766
770
770
753
744
737
751
746
772
741
735
747
726
733
738
735
737
745
745
751
741
757
762
758
757
745
722
740
737
741
741
744
719
717
709
716
722
710
712
718
722
731
735
751
755
761
740
737
727
737
735
725
716
716
731
737
738
731
738
733
729
722
736
704
716
707
707
711
708
705
695
716
707
726
724
721
725
728
739
737
745
734
736
714
725
746
752
744
753
755
741
729
748
753
757
741
763
765
760
745
758
756
754
753
753
758
749
756
752
743
729
729
721
715
716
739
741
745
739
729
736
732
725
727
732
749
751
754
758
768
747
748
729
745
749
741
741
733
738
731
751
750
753
758
769
754
741
735
743
751
766
763
762
762
768
774
765
785
755
754
748
748
746
753
746
740
751
751
759
745
738
754
751
731
744
753
760
764
761
762
769
764
751
761
752
773
763
750
756
754
736
751
745
739
723
755
731
743
739
725
727
725
731
722
726
726
709
739
753
745
735
740
733
734
710
723
726
720
719
722
739
702
713
727
724
732
745
720
714
713
738
728
735
730
725
735
733
735
755
749
743
753
741
734
736
744
741
744
742
737
720
742
734
733
738
740
732
732
724
713
724
749
747
739
745
752
753
753
741
763
767
765
765
758
772
765
764
765
769
779
785
767
775
787
772
755
751
753
759
773
783
772
777
772
788
767
768
766
751
759
765
749
753
753
752
731
729
733
734
761
768
792
771
779
789
764
762
776
764
771
756
756
755
754
738
733
752
756
754
766
759
751
743
754
744
735
738
718
723
738
732
724
727
724
708
713
736
736
720
734
747
753
747
742
746
743
744
744
752
747
744
741
730
726
740
739
734
732
722
732
746
753
776
760
769
767
766
767
758
736
742
751
752
753
738
747
741
739
736
746
728
744
748
751
736
742
732
725
736
751
745
738
751
742
722
716
726
727
745
745
736
747
744
737
740
732
742
735
729
739
748
738
730
729
720
725
721
728
738
728
735
722
728
732
713
748
743
762
752
761
760
758
753
736
752
732
741
740
729
739
741
731
742
753
781
757
754
744
744
761
747
749
758
748
737
724
711
719
724
721
733
732
743
742
719
740
749
754
751
742
724
731
732
737
738
750
762
741
742
751
749
746
736
750
735
736
763
755
749
763
765
739
740
763
750
744
764
742
742
750
745
737
734
724
714
705
727
721
703
723
733
737
727
727
749
734
766
764
778
769
780
774
760
746
731
733
732
719
732
748
752
744
735
743
754
756
741
746
750
759
756
757
758
754
747
750
775
759
753
766
756
762
768
748
758
752
728
751
752
737
737
736
739
742
751
744
745
735
736
734
725
711
717
719
716
737
720
721
725
722
718
715
712
723
740
738
748
747
748
756
757
746
728
735
733
726
727
743
724
736
726
749
745
736
735
733
716
693
712
713
724
727
716
728
743
741
726
733
740
742
732
743
746
764
751
739
738
737
739
725
726
722
730
717
724
746
736
736
728
732
744
749
753
749
739
726
736
729
737
738
753
758
766
759
771
762
750
744
750
766
751
760
748
759
768
743
744
733
738
750
765
762
766
774
759
761
768
768
750
746
745
726
719
725
745
738
727
720
719
709
705
707
717
725
738
730
739
727
736
711
737
723
710
709
707
722
729
746
740
738
723
746
756
763
769
756
748
755
753
759
770
750
746
760
751
758
741
753
743
725
736
739
745
753
745
728
729
732
742
742
739
756
749
753
750
755
765
750
746
736
760
757
752
748
732
730
722
728
731
718
725
723
699
727
727
740
733
733
744
732
724
717
731
736
734
737
720
737
736
749
745
749
755
752
757
744
728
742
753
741
735
724
729
728
752
747
753
771
774
752
764
762
768
760
752
758
753
759
752
759
769
762
762
758
755
750
733
740
764
770
761
760
758
757
756
755
761
761
741
740
745
750
725
729
734
757
749
762
740
727
719
727
714
711
733
728
751
744
747
750
750
754
754
767
751
768
772
768
763
751
751
736
733
730
729
712
727
736
728
742
755
753
752
748
762
759
750
744
734
718
721
738
741
729
744
753
745
738
744
752
750
734
735
753
744
754
746
746
738
748
745
728
739
738
758
738
744
755
765
764
745
756
751
757
750
736
727
721
710
697
711
702
719
698
700
703
709
712
722
747
743
754
741
760
761
764
762
751
738
759
740
742
739
727
745
738
749
762
775
765
769
752
734
738
721
722
713
728
741
723
721
723
722
728
734
743
748
748
741
738
730
722
730
713
730
724
731
725
730
729
717
720
718
735
727
736
746
761
751
744
741
737
739
746
741
752
752
751
731
747
726
712
719
723
706
708
716
726
723
725
715
708
711
711
701
696
707
703
696
707
705
712
717
729
734
737
710
731
738
726
715
705
726
728
728
727
747
763
749
740
742
733
731
720
716
724
699
691
714
715
704
723
738
747
753
759
745
748
748
745
757
742
738
735
739
718
736
745
739
732
732
736
734
726
739
751
718
722
717
704
711
735
724
727
730
731
742
736
737
723
718
725
733
740
733
729
730
725
721
725
731
746
741
737
731
741
752
746
743
749
745
747
739
747
755
762
747
757
755
749
764
776
767
766
749
739
748
735
747
737
732
739
732
723
734
743
740
737
734
712
719
735
729
737
744
751
741
724
734
743
739
743
743
736
751
749
745
767
760
759
752
731
727
722
719
729
741
741
729
733
721
714
727
722
706
696
724
716
714
713
722
705
704
720
738
742
728
726
716
729
743
737
742
750
728
751
743
726
738
757
752
761
762
774
775
772
748
759
755
751
766
763
755
750
744
733
731
738
748
729
724
734
731
752
740
741
736
733
750
757
750
761
770
761
738
740
742
746
766
764
769
774
758
753
747
733
753
747
766
747
756
753
755
758
764
774
765
753
738
734
740
748
744
751
733
733
737
747
737
724
727
724
730
723
739
730
733
751
760
761
762
734
746
751
750
734
733
722
735
755
735
733
741
743
738
748
736
723
725
716
712
710
719
727
710
719
727
735
727
732
727
719
723
719
737
751
733
740
744
740
746
745
746
725
733
745
742
738
726
742
743
741
745
755
735
744
756
751
742
737
750
746
744
755
764
751
741
743
745
742
744
748
753
737
739
740
736
749
745
740
748
743
768
738
756
747
759
748
741
733
741
749
746
739
735
745
747
751
770
762
778
761
776
767
758
757
751
747
750
738
752
739
752
753
751
772
778
769
756
756
760
756
766
760
753
750
747
767
752
752
763
771
744
749
748
760
751
767
758
756
754
747
745
746
749
750
750
748
747
746
751
749
741
741
733
745
734
738
736
730
722
709
713
709
722
723
746
742
753
743
756
760
764
752
748
747
749
737
744
759
762
753
746
772
772
770
778
770
760
750
738
742
738
741
744
729
726
717
700
685
703
704
699
689
707
709
725
717
726
707
711
717
714
729
728
710
715
711
709
707
700
695
700
702
714
703
690
713
703
718
707
708
732
745
753
748
748
758
748
759
752
773
774
769
766
770
749
763
768
775
762
757
767
783
768
768
758
740
737
729
734
727
723
735
727
739
740
737
749
740
718
727
731
738
733
742
734
735
727
736
724
738
744
739
748
754
749
738
743
757
740
736
745
750
749
743
748
750
731
735
745
748
737
739
747
740
750
753
757
749
744
756
763
753
736
738
733
731
746
759
757
755
746
750
730
730
707
711
716
715
713
721
721
726
713
731
713
720
721
715
720
709
717
718
726
732
759
748
740
742
742
735
732
735
737
737
737
728
734
736
710
717
727
729
729
726
722
708
711
731
748
737
741
731
757
745
757
739
741
743
749
759
746
756
762
775
773
771
767
756
746
750
737
742
755
740
739
732
734
737
740
753
742
749
748
730
739
755
749
744
737
723
719
712
712
742
732
735
712
711
722
713
719
730
747
726
731
741
736
722
751
748
747
742
739
734
732
736
743
755
730
734
736
722
727
724
729
742
737
742
744
757
762
780
764
764
760
756
769
740
751
740
745
768
772
757
768
771
766
772
775
758
762
777
758
755
748
747
748
747
761
766
762
765
781
772
759
747
761
758
767
756
746
750
733
732
732
735
738
746
738
735
725
730
744
740
743
737
743
730
729
739
744
746
747
761
756
774
763
752
757
755
746
756
755
742
753
762
758
767
763
771
771
762
761
760
755
753
760
754
746
746
742
748
740
734
732
731
723
730
724
734
735
748
752
742
735
746
747
739
734
741
728
740
740
737
726
752
748
762
752
743
757
761
761
759
729
744
731
737
731
737
749
726
734
734
711
724
719
722
721
723
743
729
734
729
743
743
749
766
758
751
744
734
753
740
747
740
741
746
733
739
729
723
730
747
766
749
747
750
759
755
732
725
733
747
740
721
742
748
735
737
731
726
738
748
729
734
713
710
729
735
727
720
753
759
746
735
749
754
755
762
738
740
749
752
743
743
748
746
738
742
745
736
736
731
743
741
743
737
736
739
729
723
712
721
709
715
705
702
699
711
709
706
697
711
730
739
741
727
718
723
706
696
698
709
707
719
721
731
714
721
704
723
713
717
723
721
723
730
744
736
721
725
730
732
730
718
713
721
725
736
731
739
746
727
739
720
734
725
742
747
739
741
752
751
735
734
745
746
754
753
735
739
745
742
720
732
725
739
730
722
728
736
746
744
731
722
723
713
719
720
718
729
735
718
727
725
726
743
745
766
768
757
751
736
735
749
738
739
738
736
727
722
729
737
725
721
710
711
714
711
719
718
713
728
744
747
739
730
722
707
719
728
740
747
748
752
758
750
724
714
724
718
730
727
714
730
734
728
715
730
711
733
735
732
717
717
728
721
716
711
715
696
703
704
694
694
688
701
710
716
721
716
692
725
732
728
748
730
736
734
735
732
731
728
734
739
743
750
754
763
745
726
726
731
731
730
716
703
714
716
719
731
737
748
741
741
741
729
737
735
725
737
744
740
731
745
735
754
756
748
727
738
748
734
742
748
760
767
768
765
761
756
749
728
724
