751
753
745
771
761
776
762
771
774
779
780
768
758
760
766
756
768
766
768
763
757
761
756
750
765
767
763
764
748
773
772
762
773
778
766
773
769
762
773
763
756
762
751
753
753
745
739
762
756
754
754
752
761
764
758
763
775
765
766
779
761
759
766
765
756
765
772
761
770
763
768
767
779
782
780
793
781
764
769
761
767
786
780
782
782
757
765
771
781
778
769
766
767
770
774
772
774
776
766
775
760
775
772
762
771
776
772
767
765
755
757
764
743
766
780
766
770
776
758
767
753
758
750
749
764
766
755
760
747
765
758
765
758
759
763
761
760
772
781
774
778
767
765
770
767
767
756
748
754
749
753
758
756
756
760
776
768
770
772
767
767
764
754
769
769
756
763
747
756
754
744
758
777
781
785
783
790
786
762
773
772
772
775
764
754
738
744
753
763
768
763
763
766
758
765
758
760
752
775
774
774
773
775
761
755
750
762
769
770
756
741
757
758
750
756
758
760
749
753
767
771
762
775
781
775
781
770
769
752
754
768
783
780
761
755
751
748
758
747
758
753
749
747
761
760
761
764
766
750
757
752
753
753
750
756
762
742
757
754
755
761
747
758
760
747
765
760
756
784
768
789
788
760
784
783
770
751
745
743
756
770
774
778
764
771
776
775
762
774
777
789
781
783
773
781
794
770
764
763
764
759
768
757
760
751
755
749
766
762
746
746
742
746
740
729
743
747
767
751
757
763
758
769
740
747
754
753
766
760
761
765
769
754
758
763
770
777
778
764
772
758
760
742
771
771
754
753
764
761
772
761
758
763
761
757
770
764
759
753
752
749
755
762
772
768
784
777
772
772
776
774
773
783
767
755
757
746
755
766
759
750
775
760
767
747
751
757
771
774
766
760
765
773
773
770
753
769
762
764
765
767
768
764
759
767
761
770
752
749
756
746
761
763
761
759
769
763
757
751
743
752
746
733
740
735
748
741
755
746
750
757
771
755
753
759
762
763
760
768
771
780
779
765
778
776
778
768
762
762
773
777
777
773
761
774
765
775
763
752
760
761
761
759
745
754
750
758
775
764
759
774
761
775
771
783
773
779
777
774
763
762
771
766
764
775
761
771
753
770
750
754
751
756
753
754
757
751
766
767
764
751
745
747
745
737
756
766
755
749
754
763
754
757
760
764
759
757
757
747
760
752
746
762
760
770
749
756
766
775
778
778
773
760
751
750
768
761
753
755
754
770
776
764
759
755
742
741
738
756
757
758
772
751
755
756
755
749
760
741
745
731
722
718
714
726
732
720
715
708
720
726
726
732
713
723
732
720
737
737
742
751
729
725
725
730
727
721
715
712
702
723
716
714
725
711
717
725
716
731
744
728
720
733
743
752
751
738
739
739
731
719
733
734
712
733
736
740
732
727
732
735
732
737
727
732
732
744
744
761
739
752
728
737
735
734
731
739
742
764
741
756
757
739
728
740
739
750
759
745
759
738
734
740
758
731
731
743
747
742
737
739
736
736
731
730
729
725
733
752
733
750
754
745
761
743
729
739
741
744
755
754
749
735
751
737
729
724
727
745
741
755
731
746
738
737
729
731
717
721
728
725
723
716
719
742
745
737
733
721
719
719
727
723
741
738
735
745
727
732
737
747
733
731
734
723
736
739
718
745
743
755
742
745
744
748
738
740
734
737
751
734
730
734
728
726
728
735
725
723
720
731
746
723
727
727
735
741
740
737
730
736
727
741
750
736
722
724
734
735
737
748
752
750
740
748
748
743
736
741
750
740
734
732
741
723
718
710
718
735
746
750
760
759
759
744
761
740
748
754
750
730
735
717
724
727
716
739
742
738
733
735
733
726
739
743
731
727
724
730
745
731
722
714
708
700
691
697
706
722
714
710
725
735
734
729
737
733
732
727
731
739
738
743
741
751
743
738
737
751
738
745
743
748
741
747
746
731
739
741
754
752
743
739
726
733
719
728
722
729
732
734
728
748
737
749
749
745
748
747
742
732
737
717
735
730
726
736
737
736
727
729
721
721
719
717
725
734
744
742
735
739
741
743
757
749
743
744
733
741
724
731
737
735
728
728
746
733
732
736
737
747
750
734
734
730
741
744
751
749
750
731
732
731
742
738
748
747
756
753
749
743
742
737
733
734
729
716
713
704
719
720
725
696
731
711
714
733
734
739
736
730
734
726
728
748
734
733
731
730
746
745
735
742
738
744
741
717
713
720
723
724
730
739
734
728
719
721
733
728
733
736
760
756
752
742
736
751
750
757
755
750
750
748
742
753
753
740
736
733
759
741
735
746
743
732
741
738
740
740
736
738
734
745
727
738
747
745
737
742
744
736
727
735
729
748
744
748
734
742
747
737
735
749
731
733
722
739
737
743
742
742
743
742
724
728
727
728
725
721
727
735
735
746
753
738
749
755
752
756
758
750
761
753
740
741
730
732
739
747
740
747
735
752
751
752
743
739
742
745
748
740
721
732
730
743
747
722
724
734
751
745
732
734
732
738
747
748
756
748
753
760
755
756
737
739
717
714
715
719
716
717
726
719
729
734
735
730
737
743
738
754
743
757
739
753
752
743
740
747
735
758
744
747
727
735
743
732
741
734
740
737
734
737
752
742
753
738
725
725
745
741
746
744
726
726
725
725
741
742
728
731
741
721
718
725
709
724
716
721
737
732
727
713
721
724
727
727
727
723
725
732
737
740
736
744
727
735
738
730
746
741
740
735
729
720
723
733
741
753
752
748
738
746
740
741
745
732
730
734
735
740
741
728
733
737
735
728
720
734
734
724
724
728
728
727
724
732
740
750
746
741
733
736
724
722
726
734
735
726
749
738
746
740
747
744
739
728
726
730
741
737
736
730
754
731
739
730
741
716
736
729
723
719
734
726
714
728
734
722
732
711
727
736
744
733
743
740
741
738
736
736
728
729
738
739
746
740
738
741
738
745
733
724
718
720
736
722
730
725
731
736
727
736
730
733
721
734
726
736
736
753
734
733
751
745
741
743
742
729
739
742
746
739
741
751
755
752
747
752
762
747
741
744
752
740
748
753
742
721
714
734
722
742
741
738
737
735
750
729
734
721
720
711
727
728
733
744
746
731
731
744
731
743
747
742
739
741
736
728
726
740
736
740
727
747
754
748
760
755
741
758
752
749
765
758
742
744
747
745
745
759
739
755
762
746
733
740
745
736
739
740
743
747
753
735
740
740
726
749
739
717
727
714
719
721
721
699
719
727
719
721
727
730
737
734
724
722
723
712
709
719
718
719
719
717
720
725
728
733
730
742
742
732
745
741
738
738
728
739
732
737
743
737
739
732
726
719
714
719
723
718
731
721
723
737
745
738
746
726
740
742
745
717
738
742
736
742
749
739
743
739
741
750
754
761
756
748
733
750
750
741
738
732
735
731
726
717
732
739
742
723
726
733
739
729
727
733
733
736
725
716
724
709
729
714
709
715
715
719
728
732
720
710
721
731
724
719
713
723
717
694
716
729
727
729
715
716
736
727
743
738
740
746
758
746
752
738
741
742
746
732
742
743
747
746
744
755
752
739
741
748
745
740
738
717
718
726
718
730
729
733
736
734
714
725
727
730
723
736
729
736
731
733
726
722
714
719
725
730
721
740
759
746
736
743
726
715
726
716
735
735
742
729
747
740
761
751
740
743
764
750
742
745
747
744
735
730
725
709
703
718
708
721
732
730
735
739
727
743
747
753
750
751
747
745
748
747
755
759
748
744
759
756
752
749
739
750
759
744
731
712
733
724
727
729
728
731
738
735
727
737
735
753
748
741
739
709
714
722
712
716
726
736
719
729
714
730
728
729
737
735
737
745
732
735
727
729
715
712
714
720
726
727
714
723
742
734
736
729
717
710
722
721
728
731
736
724
730
725
730
728
733
729
735
746
743
735
724
709
705
731
727
750
737
723
726
735
730
743
728
730
719
730
730
722
733
733
726
727
719
720
732
732
723
730
729
734
733
723
731
739
743
735
733
738
753
750
741
747
740
751
740
748
740
754
762
755
747
742
741
733
754
749
757
752
740
741
731
743
744
756
754
729
723
737
740
732
740
733
732
722
725
716
743
736
731
732
748
748
741
755
743
746
748
746
739
753
752
758
750
747
744
753
749
750
750
757
748
741
743
741
724
732
738
724
724
708
716
740
727
733
724
728
724
723
735
726
729
731
724
737
736
731
752
744
735
739
743
746
755
750
730
724
729
744
731
738
729
743
729
736
734
748
743
746
755
745
738
748
754
741
760
748
741
753
731
732
746
742
740
739
724
727
738
726
729
727
726
730
724
720
722
719
725
742
739
745
737
736
735
735
738
729
722
729
731
741
735
723
701
708
732
724
734
749
739
728
738
728
718
729
720
740
729
729
735
746
735
738
727
726
727
724
710
730
723
742
739
737
730
725
728
727
734
744
744
727
739
747
737
736
737
712
724
712
698
705
731
736
738
762
757
760
746
749
755
758
751
730
730
729
724
709
721
724
719
728
751
740
741
751
746
753
744
735
724
735
734
740
725
724
722
720
723
752
728
734
736
732
724
722
724
731
731
722
728
725
714
720
720
724
713
714
718
724
730
721
742
751
746
744
730
746
731
748
756
746
737
739
748
735
747
752
737
736
735
729
735
748
751
761
741
752
743
728
729
730
729
726
722
739
729
746
742
739
734
754
740
751
744
745
751
744
738
739
746
734
733
732
748
736
728
729
733
733
732
723
736
730
735
741
730
732
738
744
754
748
747
737
740
748
746
734
740
735
740
738
745
738
752
766
746
747
743
734
732
728
743
744
739
743
758
731
730
739
739
745
744
733
742
735
743
747
748
734
731
737
729
736
733
730
728
718
724
734
739
749
756
743
754
747
743
731
734
731
731
722
726
732
723
725
735
738
732
729
729
752
746
741
754
752
733
759
752
738
746
744
744
746
756
762
752
762
736
747
744
751
739
743
744
735
729
730
734
726
729
720
712
726
729
734
750
736
743
724
740
738
734
738
755
755
758
754
757
752
739
727
734
743
743
722
734
740
723
711
709
715
728
736
731
722
738
748
735
748
725
735
739
737
734
715
725
718
743
734
725
737
735
725
725
724
724
722
732
732
712
727
725
726
720
717
728
740
747
731
718
728
736
739
741
731
741
755
756
760
752
750
747
739
721
744
737
737
724
724
712
705
710
725
725
711
711
713
724
716
727
743
741
723
723
726
723
732
744
749
736
746
741
753
720
726
731
736
724
736
729
737
737
739
726
748
734
725
732
738
734
726
739
737
732
754
749
737
735
754
747
741
744
746
746
749
741
752
749
755
757
748
741
735
735
746
754
735
726
726
740
731
727
734
746
744
740
711
744
733
733
740
737
740
748
757
761
751
758
738
736
741
752
736
752
747
753
757
741
748
733
741
739
738
743
718
716
708
720
716
729
722
722
726
736
736
732
733
740
738
716
731
717
739
744
731
712
717
727
721
717
716
717
710
724
728
715
711
719
713
702
712
713
722
712
724
724
722
720
717
711
718
719
723
723
723
728
725
714
710
708
704
715
730
728
727
733
726
740
736
734
730
736
737
733
715
725
737
734
725
711
705
713
723
705
712
712
717
710
706
723
711
718
715
727
722
722
719
721
707
714
706
704
713
708
712
714
712
711
725
714
725
710
724
707
710
707
705
712
704
722
731
721
731
737
733
736
733
715
733
733
725
732
731
729
722
734
728
726
717
721
716
717
719
716
723
708
713
704
709
706
711
721
724
712
719
716
708
716
710
708
705
724
706
714
700
707
698
700
700
717
699
709
685
689
685
680
691
683
691
687
699
711
701
705
698
693
705
691
688
691
679
689
691
693
697
690
690
696
693
686
696
704
703
714
704
706
711
700
699
696
700
692
698
700
692
677
704
701
720
714
714
716
714
709
711
715
704
704
707
722
703
703
692
696
694
712
688
698
699
693
699
691
691
697
705
706
705
694
692
694
672
666
664
670
684
685
686
678
682
691
675
686
699
708
709
689
699
696
691
699
700
697
694
699
681
681
699
696
685
685
687
674
678
678
683
680
689
681
687
681
685
686
697
689
696
698
706
708
709
696
695
698
708
703
710
701
711
710
703
690
699
696
702
704
693
680
686
688
688
715
698
685
685
677
663
689
691
677
677
688
678
677
678
699
709
715
711
718
714
712
699
693
704
702
695
689
683
671
678
683
694
701
690
696
695
685
707
706
703
690
699
699
699
710
694
699
701
680
664
665
679
682
681
676
694
676
682
669
675
681
695
697
692
694
707
699
710
696
703
694
684
678
695
680
686
699
687
679
681
690
694
680
700
688
688
685
701
680
675
677
685
688
686
690
695
695
697
711
709
706
700
697
701
709
705
689
690
691
690
689
696
702
703
702
700
706
694
697
697
695
677
679
684
683
676
677
684
692
681
671
677
689
698
696
703
703
697
702
695
700
699
710
711
701
709
711
706
699
697
703
695
701
705
700
698
713
707
698
688
697
695
701
713
689
702
709
704
705
701
698
699
682
683
677
675
689
701
713
701
696
708
702
706
719
712
697
708
708
708
699
703
701
707
698
702
695
708
703
705
684
687
684
679
684
672
686
688
687
693
695
684
689
688
691
693
684
686
678
691
684
663
672
680
673
682
674
686
693
693
692
698
696
700
706
687
688
699
704
701
701
715
694
683
687
672
685
679
676
690
688
679
682
684
702
712
705
702
690
687
694
695
685
678
694
701
700
711
702
697
692
703
695
692
696
695
677
683
679
666
682
697
692
710
709
699
712
703
699
714
708
698
710
713
699
701
683
687
695
694
693
698
707
689
670
683
686
691
689
703
687
686
678
703
719
708
688
704
692
693
679
677
675
678
681
678
687
686
686
683
683
689
681
678
675
661
675
686
676
664
677
677
676
683
682
683
660
678
702
697
689
693
682
682
692
694
699
697
693
696
688
690
693
676
688
679
689
687
693
686
693
699
690
690
687
672
674
680
668
662
673
675
680
678
686
670
689
686
669
667
673
666
669
659
670
674
674
685
683
680
689
676
670
675
678
680
673
677
681
666
677
675
687
688
684
690
679
686
680
675
676
666
655
657
670
677
673
692
687
686
690
681
675
674
675
681
685
674
679
683
678
697
694
674
668
663
659
663
673
682
679
672
658
667
658
664
660
678
674
672
675
676
664
675
674
670
674
666
676
667
665
663
670
666
667
677
664
663
672
692
682
684
691
670
690
679
687
680
679
685
681
682
673
669
679
691
701
672
651
674
675
661
667
676
686
674
681
678
680
690
691
676
670
673
674
681
668
674
683
679
694
680
683
680
666
674
665
660
660
662
672
662
677
684
677
677
676
680
680
661
665
660
659
666
662
668
678
671
650
668
671
665
676
653
658
654
653
669
663
671
670
663
669
672
676
665
680
677
672
683
687
686
661
665
684
671
670
686
677
689
676
668
665
662
673
669
680
672
671
679
671
674
660
647
650
656
664
660
683
665
676
670
666
669
663
671
653
656
675
671
656
668
673
673
663
653
674
665
668
659
658
649
659
651
670
666
683
671
669
660
676
662
654
666
657
641
656
666
667
675
671
672
663
658
675
674
674
687
685
681
685
681
672
687
683
680
673
676
661
660
657
671
673
661
668
674
666
659
656
654
670
666
660
669
676
664
666
673
662
663
659
665
673
683
677
669
668
690
679
681
678
672
662
683
680
673
677
681
669
672
690
693
689
695
676
681
664
677
663
687
686
680
686
682
683
680
682
679
677
674
678
678
666
668
674
674
671
688
672
694
686
676
698
673
673
661
660
670
669
663
670
654
666
671
667
677
673
666
671
683
675
669
668
682
676
680
684
689
675
670
682
680
674
673
676
680
673
663
668
676
678
674
662
668
672
660
658
672
660
669
682
669
671
658
661
675
675
677
661
673
673
683
681
675
685
671
676
676
683
685
681
668
669
672
660
669
666
663
658
671
666
660
664
669
666
681
677
675
661
658
662
673
664
663
667
689
679
668
674
685
675
673
675
674
684
675
675
671
674
670
669
689
683
687
685
667
675
680
674
681
676
682
673
666
663
681
673
678
667
671
666
669
665
662
669
657
670
657
660
668
675
677
677
685
686
692
692
689
692
701
686
684
676
687
691
692
690
685
685
682
680
661
685
666
681
687
673
679
670
666
674
673
659
651
671
671
667
676
680
675
664
661
668
672
668
658
663
681
671
655
665
649
656
653
649
656
678
669
672
675
665
663
690
702
697
687
686
674
685
666
663
652
660
655
660
650
668
669
661
656
648
645
648
636
629
632
649
649
654
664
653
661
657
655
645
655
658
659
654
661
658
666
663
674
651
642
650
663
656
649
657
669
667
650
656
646
657
662
669
657
667
667
661
642
641
634
646
639
636
637
643
644
653
667
660
660
659
664
660
665
659
673
670
670
680
681
683
676
681
676
684
657
656
658
654
668
664
656
651
648
651
653
649
653
667
663
651
673
675
658
649
657
634
657
657
638
649
655
667
650
652
659
651
658
648
651
643
638
629
629
615
626
627
656
638
654
648
644
655
654
654
651
656
652
653
647
650
653
658
647
653
657
641
648
642
645
645
645
647
644
655
652
662
678
675
672
669
668
673
669
663
669
681
671
674
667
659
672
663
661
661
665
659
658
651
637
648
645
652
663
663
663
669
673
685
677
686
680
670
679
672
671
662
664
660
658
656
655
658
656
656
652
664
635
653
656
648
653
659
660
671
677
678
669
667
676
666
666
663
664
650
658
665
676
649
651
652
661
651
659
658
650
649
665
656
673
665
672
660
653
665
658
664
654
667
652
658
665
667
654
658
660
661
657
658
650
665
656
648
641
633
649
629
640
648
632
639
646
655
660
641
636
635
636
625
625
621
634
635
648
647
631
645
642
643
632
623
633
638
646
642
638
653
636
633
648
654
653
653
646
646
666
654
654
663
657
664
655
671
662
649
647
637
651
641
654
657
656
645
643
653
667
663
651
648
655
650
652
658
652
645
646
648
642
639
645
645
648
648
650
668
661
663
659
653
645
632
655
648
656
649
650
631
642
654
635
646
635
631
645
641
644
646
639
637
646
639
640
652
642
639
641
626
630
648
641
649
640
647
642
640
649
641
643
649
658
648
644
644
645
649
641
654
649
644
651
651
664
669
661
648
633
637
638
630
639
633
648
654
649
648
628
636
627
645
643
643
653
661
651
646
646
650
638
648
660
659
661
665
668
669
673
661
650
635
661
656
658
654
651
625
650
641
640
644
661
655
634
636
632
640
643
633
645
634
629
628
626
633
636
644
651
649
636
646
653
645
649
650
651
664
652
655
658
655
644
640
647
643
643
644
650
654
653
647
652
642
660
676
642
646
646
645
656
654
649
650
635
632
634
634
627
641
647
651
630
636
654
663
654
650
650
656
658
659
637
640
636
643
633
638
649
651
639
653
648
649
664
658
657
649
646
652
647
644
641
651
654
654
654
644
641
662
654
655
659
656
657
660
667
648
644
647
655
652
650
631
649
660
659
667
666
682
678
680
656
665
653
654
641
635
648
649
644
639
646
642
643
660
657
640
655
641
650
674
669
662
646
659
660
654
654
661
652
660
677
668
659
651
667
654
655
652
654
653
657
643
647
658
667
666
659
659
661
652
644
645
651
654
654
655
661
641
644
648
637
658
650
643
633
641
637
641
650
632
614
625
630
642
635
634
632
621
636
653
631
634
648
647
648
622
635
630
622
626
616
610
615
623
635
618
638
623
609
607
609
625
624
629
616
604
608
612
618
608
629
633
636
640
632
637
637
628
634
639
626
635
626
635
632
637
630
623
624
628
643
634
639
642
637
628
633
634
645
638
638
645
647
628
629
643
643
646
644
630
627
642
630
625
634
621
628
633
623
636
623
625
629
625
645
630
631
642
638
629
639
619
619
626
626
623
638
640
631
634
634
633
622
621
623
627
632
635
634
637
639
630
632
639
631
627
625
633
647
639
634
636
650
638
643
650
622
633
637
639
662
644
636
629
641
624
631
629
637
630
618
622
644
636
643
643
624
640
627
624
636
630
635
635
630
634
623
636
632
631
637
646
637
623
630
642
641
650
649
642
634
631
630
639
630
629
632
630
615
618
619
613
619
618
625
621
633
622
629
628
631
618
618
618
633
622
631
624
629
631
626
633
629
614
636
624
610
623
628
626
620
614
627
614
604
624
615
617
617
621
619
609
613
610
615
636
630
635
622
618
628
615
614
615
616
613
615
624
613
613
621
609
607
617
622
616
619
629
611
626
609
608
625
627
614
620
640
624
632
634
623
623
634
622
639
641
631
634
637
639
629
640
630
623
615
621
631
621
623
631
625
623
632
611
620
608
604
592
600
612
604
591
602
606
604
611
615
615
615
598
608
606
605
603
597
607
618
619
605
615
602
605
615
616
626
628
625
626
627
629
618
610
606
610
607
608
613
611
631
629
610
625
613
619
620
600
612
615
609
603
596
600
607
606
618
632
629
621
624
627
627
623
607
613
607
621
600
603
620
620
631
628
622
621
638
634
635
616
620
620
629
624
624
624
620
632
634
635
630
638
621
624
611
631
619
627
627
628
610
628
623
627
631
638
629
620
634
616
628
627
622
618
625
620
615
619
605
604
602
604
611
604
607
600
598
611
606
619
626
607
619
619
610
604
597
600
603
596
595
596
607
616
614
623
618
616
607
611
606
617
623
630
624
635
640
644
639
632
636
623
644
630
628
625
627
621
623
608
599
603
611
601
606
613
601
597
607
620
603
613
625
632
614
628
637
638
628
631
616
627
628
613
622
619
631
627
618
619
636
640
630
625
637
644
632
632
631
626
635
625
626
636
632
615
611
615
618
602
594
608
614
624
617
627
617
631
626
613
612
619
624
634
636
624
630
602
618
621
624
634
631
625
631
639
633
627
620
610
607
608
620
612
615
609
608
611
614
612
619
626
628
621
622
632
641
633
631
644
620
640
632
614
619
626
616
631
622
618
617
605
630
622
635
622
619
619
622
636
619
616
635
636
627
631
629
637
627
624
632
630
619
620
612
630
612
618
627
629
631
623
645
624
644
630
638
638
647
643
644
639
625
640
639
632
632
626
620
620
618
637
629
623
630
636
635
647
645
631
641
636
625
628
634
619
618
603
611
627
618
624
617
617
603
598
619
616
615
618
616
592
603
611
622
617
604
617
634
629
627
637
629
631
626
616
625
635
631
622
618
615
623
624
632
646
650
653
639
636
637
623
614
630
626
620
624
627
616
617
638
625
620
606
605
603
605
623
613
617
608
611
621
614
622
619
624
612
617
617
619
635
631
631
624
625
630
634
634
638
626
629
633
637
641
628
628
623
623
619
630
622
621
625
614
634
628
625
638
626
631
634
629
623
619
594
605
602
613
602
603
588
601
608
614
605
614
618
616
625
624
612
637
632
631
630
630
624
624
625
626
637
640
631
630
620
623
639
646
635
627
626
627
630
631
619
626
615
623
606
609
613
609
611
606
610
625
616
626
640
612
616
625
626
606
627
631
625
622
623
637
633
634
626
612
604
609
610
615
610
627
617
622
621
618
631
627
630
629
629
626
631
620
634
636
627
622
631
627
634
631
635
626
617
612
612
618
630
622
622
617
622
629
632
618
625
640
633
634
624
634
635
641
640
636
629
635
624
636
633
635
636
643
646
635
632
628
616
610
614
621
627
626
635
627
616
625
630
623
632
625
621
615
633
620
632
638
638
629
632
626
619
629
626
623
610
616
621
626
612
608
620
616
605
610
620
616
612
620
612
635
621
622
614
626
632
625
624
630
627
617
621
637
629
631
620
619
621
614
613
616
614
624
602
622
623
624
612
626
622
631
618
613
614
615
613
616
631
615
620
614
619
629
619
614
628
629
634
623
625
615
623
626
628
633
623
617
620
630
632
613
610
608
616
598
605
624
636
641
637
631
629
636
626
627
632
633
644
654
650
636
633
640
643
638
624
632
634
635
630
628
630
634
623
635
619
624
617
627
626
627
607
606
608
612
601
605
621
621
627
626
639
640
644
641
642
624
639
616
620
616
632
626
619
630
624
611
606
596
588
603
614
613
619
612
613
607
617
609
605
627
616
629
614
620
629
619
619
625
624
629
623
613
631
617
639
644
650
642
637
631
641
641
627
631
639
627
618
617
632
625
611
622
622
611
618
608
623
625
622
625
628
612
623
622
612
618
623
618
630
615
631
617
616
635
641
634
623
637
617
611
609
612
615
630
634
623
612
614
620
621
603
608
617
613
610
598
613
605
609
599
604
600
616
627
618
619
612
612
613
600
612
616
618
603
611
610
616
603
618
624
624
622
616
610
606
613
612
609
626
621
622
627
630
625
626
630
626
618
625
632
626
628
633
634
629
626
632
621
632
642
637
636
649
630
626
633
627
627
626
630
629
619
639
636
626
608
606
603
616
609
628
614
614
629
624
616
621
632
630
617
606
607
600
602
612
630
621
612
618
614
627
630
626
636
637
641
637
641
639
643
643
642
648
632
622
629
642
643
633
626
614
629
631
617
613
620
614
622
618
614
628
636
613
641
637
641
637
637
630
615
616
629
638
625
628
626
633
634
623
623
636
626
631
623
617
640
624
617
628
625
630
630
621
627
622
634
633
614
635
633
629
613
613
604
592
616
622
622
630
644
635
626
625
611
615
602
612
612
614
612
621
623
623
629
635
636
624
622
632
626
629
624
615
613
610
615
606
612
609
615
621
613
607
619
623
632
635
630
629
620
612
608
594
603
610
605
616
633
623
637
629
634
625
642
642
645
644
621
624
610
613
623
630
619
627
611
617
617
615
613
623
614
621
622
620
617
624
615
614
620
613
605
627
625
620
622
624
615
620
613
638
635
634
618
634
635
637
632
621
616
620
618
618
615
615
613
627
622
612
604
602
615
616
610
610
620
620
629
613
614
620
632
617
619
617
626
627
638
625
626
622
617
624
618
622
619
636
624
628
630
639
638
630
615
627
625
637
624
612
612
626
625
628
619
616
627
636
623
627
627
630
629
629
617
606
615
612
595
590
596
605
602
612
608
611
608
618
606
614
609
613
617
618
643
636
633
636
628
625
637
622
617
619
620
614
616
625
623
617
615
622
616
603
597
613
597
596
577
588
588
596
600
601
586
601
588
592
599
596
584
584
589
591
591
593
591
583
576
589
599
581
591
583
589
594
599
608
613
604
605
613
616
611
618
608
595
614
618
614
611
604
594
593
602
594
606
606
598
606
606
595
607
615
606
610
610
615
614
623
623
610
618
607
610
603
598
610
611
617
618
601
586
604
596
606
614
626
624
630
618
623
630
618
613
605
603
608
617
616
611
604
601
601
610
600
605
605
602
605
617
614
597
603
607
607
609
612
605
603
601
605
599
588
588
600
610
616
606
599
605
609
607
611
604
602
607
611
601
594
597
588
592
595
589
591
605
589
603
593
590
589
591
591
585
591
594
595
602
604
593
593
589
598
595
597
597
599
605
612
610
600
616
617
618
624
627
613
603
619
619
624
609
613
612
613
632
607
602
587
583
610
616
626
614
623
625
611
603
608
603
612
593
593
593
594
591
590
593
596
597
604
612
607
601
599
610
609
599
591
594
593
599
611
598
602
589
598
601
613
602
590
596
600
607
618
615
609
617
612
602
615
622
618
622
615
620
613
622
603
593
612
607
596
603
613
602
602
601
603
607
614
600
597
598
612
597
608
602
608
599
625
607
591
599
608
607
604
612
619
619
616
612
619
617
608
616
614
616
625
617
606
624
617
618
624
621
615
604
611
627
622
620
618
624
617
631
627
616
622
610
611
607
595
603
604
600
618
621
615
614
615
612
620
613
609
618
610
612
610
595
600
612
607
607
599
603
611
597
598
611
604
609
607
626
619
624
627
603
612
621
631
613
607
609
614
609
617
622
609
613
595
614
612
617
618
615
620
629
623
607
621
611
598
606
611
624
614
607
597
601
606
595
583
598
609
608
603
614
621
610
598
590
606
603
594
596
600
597
603
612
618
607
614
613
604
596
594
614
623
624
612
611
613
606
607
598
602
599
609
600
613
603
598
616
600
610
615
611
610
606
601
589
601
615
605
602
601
610
615
619
605
608
610
606
598
627
617
613
602
608
607
600
591
597
594
598
595
604
613
605
618
620
612
614
604
620
609
607
599
605
607
615
615
615
616
621
616
603
610
606
611
607
600
599
614
602
589
610
622
613
611
617
609
617
603
618
632
630
634
612
597
584
591
607
604
617
619
610
628
614
617
610
612
601
612
607
604
607
598
593
587
588
575
579
568
586
582
600
602
587
601
605
600
603
603
596
600
602
601
607
596
600
594
604
606
615
601
604
608
605
608
609
605
618
618
612
603
602
604
607
614
618
607
614
615
607
616
618
606
602
605
612
602
602
611
613
611
614
611
596
615
612
593
620
622
621
623
621
614
625
624
619
611
608
628
617
617
623
629
632
624
617
623
630
615
622
630
626
617
622
611
614
610
612
603
604
588
592
604
607
600
607
615
607
611
612
613
617
619
617
607
602
594
612
596
624
609
608
605
613
610
618
616
619
615
609
610
620
616
601
613
601
603
603
611
615
617
625
616
617
608
600
595
590
586
580
592
606
598
590
602
600
585
592
579
599
609
598
603
613
598
601
611
619
621
616
627
634
630
616
619
615
618
618
619
625
605
619
616
615
617
618
622
616
619
624
625
625
622
614
600
604
602
595
592
603
604
589
600
597
586
588
592
609
590
582
579
590
593
581
592
589
588
591
602
596
602
609
606
602
606
594
593
607
614
616
613
613
617
617
615
609
614
611
611
612
608
605
598
609
611
612
603
601
616
604
609
611
595
621
632
621
621
629
623
608
609
602
601
597
599
587
589
598
598
584
582
586
596
591
581
584
597
623
598
595
594
623
620
602
606
599
603
602
590
588
594
587
581
602
601
611
610
595
610
611
620
598
596
597
596
599
597
591
599
601
588
597
592
584
583
587
581
589
598
613
599
600
596
599
622
615
608
611
613
607
612
616
600
597
610
603
610
616
601
608
606
609
617
605
615
614
618
608
605
601
609
612
610
614
611
625
624
610
608
601
608
619
607
595
595
596
601
599
605
607
624
625
624
619
621
627
622
625
618
624
625
615
606
600
613
602
600
593
610
612
604
604
609
585
617
600
601
596
597
606
596
595
592
597
603
595
591
590
590
591
573
572
594
593
594
592
599
592
602
623
624
612
602
605
615
620
603
598
600
607
602
599
608
601
598
589
594
601
598
601
603
588
593
600
599
614
600
600
604
597
603
608
610
608
614
608
615
614
612
601
598
587
595
610
615
603
604
602
621
613
605
616
608
616
596
615
611
607
590
600
607
609
611
602
593
597
597
613
612
600
612
604
600
602
604
616
618
623
614
622
620
633
627
619
623
616
615
618
612
604
623
601
615
607
596
606
612
606
624
614
617
621
617
609
612
601
594
591
601
586
598
579
583
583
601
599
598
598
609
618
614
592
594
612
611
604
607
609
612
619
618
633
632
615
626
634
613
615
609
613
610
621
622
611
612
620
626
610
605
613
608
606
618
608
606
584
589
590
600
615
621
615
611
595
606
598
599
595
598
596
608
607
605
593
614
616
615
618
601
603
586
591
598
606
597
601
595
603
602
596
603
614
613
622
620
617
616
622
595
621
616
618
619
616
602
614
613
611
600
603
608
607
605
592
587
586
588
593
601
588
601
604
603
599
610
612
611
608
608
595
614
604
619
613
600
604
617
608
617
598
617
604
598
609
608
600
605
615
605
612
610
592
583
607
597
602
593
605
606
617
617
619
612
616
615
617
621
608
614
603
610
607
612
601
595
589
595
606
594
596
602
597
599
603
585
589
586
581
597
595
596
606
598
604
596
598
598
600
589
580
584
589
585
581
597
601
611
600
598
610
611
593
589
591
578
589
586
573
594
602
606
605
617
605
608
606
613
610
595
601
602
597
591
577
586
583
574
557
548
560
565
582
570
572
563
573
575
575
578
574
576
584
596
598
597
589
602
591
589
582
577
580
596
582
592
590
598
604
605
591
595
594
596
602
612
594
597
591
597
601
597
593
604
591
591
600
597
587
587
575
585
584
583
601
598
590
613
605
597
608
611
594
595
591
590
613
585
594
603
607
607
613
620
609
619
619
624
613
606
603
594
589
586
581
573
573
575
574
573
574
582
583
574
587
591
590
581
597
594
573
591
582
598
601
587
572
590
582
578
582
597
593
606
593
591
581
593
600
592
597
592
595
599
587
587
589
597
594
596
590
597
595
587
587
579
592
566
581
583
596
587
583
586
584
587
580
577
600
590
594
592
599
603
606
614
597
597
599
587
578
583
582
587
571
608
604
612
595
595
599
604
601
599
596
605
584
597
588
586
586
588
598
607
601
594
591
588
597
582
583
591
590
580
589
601
589
603
615
600
597
586
588
580
565
582
587
583
573
590
596
594
591
595
590
596
600
602
598
599
588
598
598
601
596
603
579
597
595
590
589
592
592
599
599
594
595
609
602
606
607
608
608
611
594
591
598
603
590
590
586
600
593
591
596
595
585
592
572
599
591
586
579
576
594
594
604
595
605
595
600
599
600
604
600
603
596
607
617
610
611
599
604
600
599
584
596
608
597
591
584
584
583
595
614
605
615
607
599
602
593
582
585
595
579
578
573
584
584
576
588
574
582
594
594
586
586
564
568
574
573
569
574
577
584
571
578
565
565
580
566
576
590
584
581
579
579
593
600
586
607
605
611
603
600
605
610
599
606
604
606
613
618
612
591
580
593
599
609
608
608
601
601
589
607
607
595
594
606
608
596
612
608
600
601
609
602
585
597
597
609
606
605
600
609
610
602
589
598
594
593
600
589
600
587
598
606
608
602
588
593
582
587
598
593
604
598
584
580
580
595
593
592
587
586
597
595
593
591
582
590
594
570
570
576
573
582
569
574
586
589
587
568
575
586
594
589
575
589
595
592
587
585
590
585
587
593
587
578
585
601
592
604
589
603
584
569
581
583
586
593
590
601
598
594
607
605
613
601
592
591
586
596
603
605
599
598
597
591
588
582
576
580
589
598
600
580
591
590
579
581
565
576
586
581
596
594
606
584
593
576
590
594
596
593
597
598
573
584
579
585
586
583
576
571
580
577
586
571
581
570
575
570
576
583
587
585
586
589
595
587
584
576
578
571
578
559
565
573
571
589
589
565
570
580
572
575
569
579
564
568
573
584
584
584
572
578
591
584
576
579
587
594
579
571
586
580
594
592
584
596
597
587
582
592
585
585
587
591
602
585
591
604
588
594
594
601
593
579
584
575
584
584
582
588
592
594
577
587
565
572
588
588
592
599
581
592
571
583
574
569
572
569
574
565
562
584
582
591
574
599
593
581
584
587
587
590
580
574
567
576
573
575
576
578
567
577
586
579
576
563
578
587
595
589
595
604
606
585
587
579
574
562
563
557
564
562
556
568
575
573
573
549
569
579
577
557
566
575
572
577
578
586
580
582
590
591
588
587
579
589
583
588
580
582
576
571
577
568
578
576
575
565
555
554
556
561
571
558
558
565
575
589
572
563
559
570
575
574
555
563
570
570
577
564
572
571
565
574
575
584
576
584
593
587
596
604
593
602
594
591
601
594
588
586
577
584
579
593
586
566
580
579
583
581
582
574
571
576
578
578
552
560
560
569
574
571
578
573
570
569
569
567
580
577
582
573
574
574
579
577
567
558
562
562
547
584
567
563
561
558
573
561
570
573
561
577
558
571
568
573
573
572
580
580
583
581
584
582
569
569
576
566
587
585
587
571
565
554
546
560
564
579
570
567
562
577
576
578
571
583
588
579
582
587
593
600
599
595
590
611
601
601
603
591
596
585
588
590
603
603
599
597
602
600
594
592
593
594
591
595
575
588
586
595
601
596
592
598
598
593
594
584
584
575
584
585
581
593
584
584
587
592
579
570
581
575
588
588
581
574
579
586
586
581
579
581
583
563
575
579
568
587
596
577
567
582
579
584
574
575
576
583
577
574
574
568
573
579
581
585
576
580
578
565
571
558
550
557
547
568
558
563
567
563
559
554
560
558
562
558
555
555
549
571
566
562
560
577
571
566
570
573
574
578
574
560
571
580
579
577
563
558
566
557
557
552
567
561
568
568
576
580
566
573
583
578
583
578
592
591
598
598
602
593
600
594
597
604
574
582
586
592
584
613
600
580
593
597
590
580
576
589
583
579
575
570
564
583
582
576
582
580
588
587
588
595
593
577
581
584
591
588
586
584
586
593
581
582
585
584
594
591
595
591
575
573
580
587
586
583
579
581
574
576
571
577
583
582
588
587
592
586
586
566
564
552
572
570
574
577
576
576
598
600
587
576
578
584
580
581
560
573
567
585
576
575
569
585
571
581
579
577
593
570
563
575
556
580
579
570
580
572
572
581
577
573
577
555
544
559
569
561
563
574
576
583
577
570
572
569
585
588
582
566
574
565
577
568
569
567
574
573
576
590
587
585
589
576
588
586
578
583
590
588
591
591
590
593
590
583
592
588
583
565
585
597
600
607
612
621
611
611
607
597
612
601
603
608
606
605
601
604
604
601
605
605
605
618
617
614
611
615
620
619
603
618
609
590
593
598
586
596
595
570
586
577
582
583
590
606
591
595
592
582
588
589
589
588
595
592
597
612
598
593
593
584
592
599
595
573
593
593
589
583
566
592
594
603
611
602
593
608
599
599
584
603
593
588
579
592
596
588
600
602
599
593
607
606
602
604
605
600
600
588
591
586
580
583
600
600
591
580
580
594
591
583
588
590
591
586
593
600
587
596
606
617
615
604
602
593
591
585
596
591
587
591
601
590
606
606
595
604
594
607
607
585
600
603
603
597
602
587
588
589
585
585
586
593
598
604
591
600
598
590
598
597
591
586
593
588
586
588
592
590
571
566
562
580
578
591
599
595
591
611
600
605
616
614
608
602
595
597
589
603
606
595
592
600
593
597
606
598
586
591
596
593
595
587
584
596
600
594
595
593
612
599
615
602
601
601
598
582
600
587
578
593
569
593
594
591
595
583
581
585
585
578
579
581
586
587
597
567
565
559
582
593
585
585
587
593
599
584
580
584
573
581
590
583
571
571
582
576
592
573
583
567
570
586
570
583
577
577
572
566
563
590
596
602
601
584
582
581
579
561
573
581
585
589
573
584
586
582
583
568
575
577
587
577
581
585
580
580
568
568
574
577
572
586
575
588
588
575
592
585
574
582
590
598
597
591
611
606
596
601
586
599
603
602
612
612
602
610
613
618
623
613
612
616
623
605
599
597
591
589
592
583
566
585
591
590
595
588
582
589
598
589
598
593
601
596
595
594
594
599
573
594
604
597
592
612
597
584
601
598
593
599
579
588
592
594
585
588
577
590
597
591
587
592
602
598
589
599
600
595
607
607
596
598
603
612
604
603
608
598
599
589
601
600
592
599
592
601
609
610
602
603
601
612
605
609
608
596
595
592
587
575
582
576
567
566
567
571
578
584
590
578
580
575
569
577
587
581
579
584
595
606
595
594
580
588
602
602
593
584
584
591
621
598
607
601
603
583
593
597
594
602
606
592
584
590
578
574
584
586
584
574
563
574
576
572
576
589
580
574
573
575
584
593
572
584
581
581
590
590
585
587
597
588
595
603
598
581
581
592
594
589
607
617
616
597
616
607
598
599
615
597
596
592
589
596
593
598
603
596
583
590
587
582
584
572
566
574
569
564
567
576
575
584
596
609
615
600
599
599
600
588
588
605
598
606
604
588
599
585
597
600
599
599
594
601
596
593
592
595
577
584
587
579
584
594
585
581
601
591
583
601
604
602
584
592
596
574
568
578
582
592
592
577
581
588
584
590
592
599
601
602
605
600
601
596
582
578
593
593
607
600
592
593
583
593
594
591
595
595
596
593
595
597
605
587
562
572
578
568
573
583
584
583
577
587
584
600
578
607
595
594
578
577
607
592
597
598
600
608
593
604
591
587
586
570
586
581
585
586
593
594
594
598
598
604
596
597
608
592
595
588
596
592
595
600
602
597
592
606
605
597
601
599
602
613
604
602
594
590
594
593
596
603
592
606
592
587
586
576
576
574
583
581
587
594
592
598
596
597
596
593
585
586
604
593
586
591
592
588
591
588
597
596
594
594
600
598
594
600
595
586
586
586
587
595
582
578
573
581
586
585
574
592
596
609
595
595
600
600
593
601
604
594
595
605
589
587
591
602
618
605
599
612
601
596
585
591
600
606
605
604
595
589
600
583
579
570
568
575
578
588
583
578
586
571
576
601
593
591
595
587
594
592
594
584
586
580
594
586
603
592
589
603
587
587
591
594
597
595
577
563
589
593
592
583
591
580
565
580
576
577
565
575
587
594
596
603
591
593
589
590
596
600
586
584
585
580
592
600
589
586
588
583
584
580
577
586
576
562
562
562
568
560
569
567
561
572
574
571
573
578
576
591
592
590
587
570
581
593
596
599
586
583
584
573
567
564
560
569
582
575
583
574
576
579
565
566
557
553
560
559
572
576
585
575
580
567
563
560
557
579
573
580
578
578
575
583
580
581
595
579
591
597
568
585
596
588
578
583
588
581
583
583
581
578
590
591
592
589
581
572
580
575
567
574
573
570
569
595
584
582
582
588
592
569
573
571
567
570
568
566
570
564
559
570
558
558
560
578
570
562
570
579
578
588
569
576
579
590
578
577
576
583
560
561
569
580
585
583
589
600
594
593
601
581
575
584
582
579
570
570
573
569
577
578
587
580
576
594
585
596
599
583
575
578
585
584
579
586
592
587
587
580
576
562
577
577
576
558
578
570
575
567
579
569
581
583
587
588
593
595
590
580
582
582
581
583
574
587
595
593
592
589
584
584
587
598
592
581
583
578
568
573
574
580
571
576
581
594
606
595
591
593
586
575
595
580
585
572
581
583
563
575
578
581
579
591
594
587
583
582
576
582
577
560
558
563
559
559
565
580
582
586
581
588
581
577
583
571
568
567
564
570
571
570
582
582
575
571
568
573
573
569
566
565
567
557
564
577
574
591
589
589
604
588
584
585
581
590
593
583
585
576
579
582
591
575
573
579
581
591
588
592
584
590
578
589
586
576
579
572
579
572
575
577
575
580
573
570
578
590
591
581
587
576
586
583
582
589
587
587
575
568
575
582
592
595
591
569
568
582
581
580
590
569
581
590
584
581
586
586
578
574
576
576
585
590
588
588
580
583
575
594
591
591
596
589
596
591
588
580
582
590
588
597
592
598
587
586
590
605
588
594
591
575
566
586
583
588
593
588
596
597
582
580
578
574
583
595
590
577
567
578
563
552
569
569
576
570
586
576
575
561
563
567
564
572
561
568
573
575
575
580
575
575
569
581
569
561
559
552
585
579
578
573
588
584
576
570
581
593
586
586
590
584
593
599
594
595
605
602
593
596
587
581
582
574
572
566
579
583
586
591
588
586
591
593
585
586
584
585
586
576
584
589
575
581
578
584
581
578
574
577
569
557
566
560
571
574
594
584
576
572
568
571
559
576
575
588
599
588
590
577
573
579
589
579
580
573
588
583
595
581
579
591
582
576
578
585
565
569
580
570
569
571
576
581
597
588
598
607
604
585
576
576
577
578
576
565
555
558
565
565
566
568
575
569
568
578
579
581
573
572
568
559
573
566
577
586
576
570
572
558
569
564
566
566
591
583
590
579
577
587
590
598
601
592
581
578
590
588
589
593
596
583
590
585
591
582
577
575
564
557
557
569
567
558
563
561
565
577
585
581
592
589
592
576
585
565
560
554
548
556
564
543
558
564
574
571
554
578
570
577
592
592
584
572
598
585
586
574
567
577
586
578
588
585
577
574
597
587
585
578
572
577
572
568
563
576
576
587
594
593
585
585
575
579
573
581
575
583
570
567
567
564
565
570
574
560
554
560
558
550
568
565
553
547
546
549
547
537
545
553
552
562
561
558
558
561
567
572
571
577
542
551
563
565
574
563
558
564
566
569
556
554
553
567
573
568
585
587
576
572
572
572
575
578
587
581
573
578
580
583
585
583
569
573
569
583
586
574
573
574
578
579
571
560
559
543
558
562
572
567
570
561
573
558
573
574
566
570
556
569
573
566
561
579
579
573
575
565
574
582
578
572
577
566
570
564
551
549
556
556
563
563
567
559
564
574
565
548
549
545
555
548
567
563
554
564
556
561
560
556
565
572
580
580
585
585
576
578
573
563
573
564
570
567
580
577
569
565
584
563
560
568
561
565
571
566
572
575
584
586
574
579
580
571
576
571
570
579
578
581
553
563
574
572
573
570
568
573
573
569
574
575
576
581
581
578
581
573
564
567
568
574
573
565
568
563
575
569
571
562
564
556
570
564
573
564
562
561
579
573
561
565
558
548
548
562
574
589
578
572
567
558
548
552
561
555
547
539
534
544
560
569
571
570
575
591
582
570
567
553
552
550
556
550
561
563
570
566
576
571
565
558
570
568
559
560
563
564
568
571
588
586
584
568
568
568
564
558
556
552
548
556
556
560
563
560
552
567
565
566
570
581
581
577
580
576
577
576
581
590
582
579
575
581
569
577
571
566
