566
561
564
564
538
558
564
562
557
558
565
540
551
561
566
558
569
558
567
560
557
562
556
562
561
543
544
566
550
544
541
537
540
541
542
549
558
568
552
560
566
558
543
548
555
547
560
557
572
572
569
570
576
564
551
567
556
550
554
546
561
561
569
560
556
576
571
540
540
543
546
549
545
555
550
554
550
549
540
548
556
559
551
553
559
568
571
566
566
585
580
566
564
582
578
577
568
574
558
556
556
553
557
544
530
548
558
550
544
547
550
535
546
548
552
561
566
551
553
549
555
564
562
566
560
562
558
560
551
551
546
549
546
555
550
559
545
554
541
539
529
540
536
565
566
548
551
544
552
555
556
562
555
558
560
561
557
545
554
559
546
548
560
558
560
552
560
547
549
557
554
540
562
573
575
570
558
552
560
553
551
542
551
560
554
533
523
528
533
538
532
559
556
549
543
546
551
537
549
553
554
544
536
527
534
544
551
558
557
554
556
550
539
528
536
532
532
550
543
540
543
559
544
551
534
525
544
531
531
526
514
528
528
544
540
533
541
552
544
547
550
552
538
552
556
547
549
559
562
549
550
552
546
556
542
556
550
558
550
558
541
548
544
543
549
552
546
549
542
556
546
542
537
535
537
528
544
544
528
518
518
521
526
528
519
527
541
546
554
558
562
556
547
564
561
543
544
541
551
544
551
552
557
552
544
535
546
528
524
524
539
530
529
549
554
546
549
545
551
543
537
553
548
536
531
548
556
557
548
558
547
541
526
535
549
559
560
542
545
545
543
535
521
527
535
538
522
542
537
544
541
551
547
546
544
534
536
538
546
547
542
551
561
562
564
576
552
546
509
523
528
539
538
539
541
542
535
526
535
524
529
524
525
515
505
523
530
542
549
544
535
536
528
540
532
535
530
525
540
544
540
537
526
541
542
544
544
525
532
536
531
522
530
525
537
528
537
538
532
539
535
549
544
536
533
545
545
546
554
553
550
558
560
553
556
546
550
551
542
533
531
529
535
531
536
525
532
526
529
540
537
540
543
547
547
541
531
542
528
526
531
537
527
529
533
535
537
523
531
542
538
525
536
546
547
531
531
541
542
531
528
528
515
531
544
550
544
536
543
550
551
542
552
539
536
521
527
523
515
511
514
515
518
526
524
544
536
520
527
512
519
525
536
538
533
529
516
533
531
527
521
515
507
494
510
508
513
523
513
508
519
542
525
524
511
514
516
510
513
534
530
526
543
541
546
548
532
539
533
533
545
536
539
540
550
545
528
550
547
540
527
545
545
541
532
526
535
544
552
536
532
525
534
544
531
527
538
521
513
508
520
519
538
533
553
533
538
532
520
504
506
511
499
507
521
517
516
518
529
538
524
530
531
535
534
533
540
536
526
533
533
519
520
516
526
518
530
534
546
549
532
536
542
531
515
529
529
529
548
532
558
542
538
544
560
555
561
541
547
542
545
550
542
551
540
525
533
532
524
521
523
541
533
537
530
532
520
525
513
517
499
504
509
519
508
512
519
528
496
524
522
527
516
512
510
516
514
508
505
516
534
518
518
512
510
517
516
514
501
505
502
527
517
517
510
495
500
505
508
521
524
525
513
519
520
517
512
526
512
515
517
519
517
518
520
518
522
511
520
509
509
501
500
518
507
513
513
518
528
524
519
520
513
484
492
488
495
499
498
506
500
508
517
519
511
509
527
525
531
531
535
531
528
536
547
542
548
546
547
548
534
543
533
529
531
526
518
515
523
529
524
517
517
506
515
512
515
512
518
524
530
530
526
534
535
526
537
532
537
530
519
530
528
533
538
530
521
526
517
516
521
510
526
517
520
532
533
529
523
520
523
521
516
529
521
528
521
527
531
532
539
540
529
524
521
517
521
529
539
526
513
517
526
539
531
538
531
528
534
514
519
510
515
520
519
527
537
533
525
514
537
540
524
550
542
541
539
538
526
510
526
511
524
513
518
516
509
512
513
512
504
500
511
514
524
518
517
518
510
509
512
510
515
509
503
503
509
512
509
497
492
514
516
517
527
518
519
517
506
515
510
517
528
520
526
522
524
520
525
508
502
505
514
495
509
510
518
509
510
526
526
522
507
506
515
501
512
509
509
505
494
496
480
497
491
494
497
495
505
505
512
504
509
519
522
528
518
510
520
524
524
509
494
497
498
502
489
496
503
506
518
514
505
501
500
493
502
517
517
513
514
513
491
505
515
508
513
497
502
501
492
499
501
495
484
467
470
477
471
462
467
480
476
471
478
491
491
499
481
486
485
491
486
487
490
495
500
501
473
471
500
501
498
491
492
480
487
485
474
479
482
480
492
484
487
491
496
498
496
499
497
494
493
495
497
498
492
494
505
507
513
511
514
520
505
510
488
490
482
482
481
499
491
504
492
493
491
489
478
470
483
486
474
466
488
477
492
479
486
477
475
489
500
479
484
487
485
478
465
467
470
473
469
476
472
486
482
483
487
484
494
487
493
497
494
491
493
464
473
473
488
493
487
497
481
482
493
479
477
482
479
458
454
455
459
464
449
444
458
446
447
458
469
483
496
499
496
505
501
507
504
507
502
492
484
477
491
477
481
490
497
487
501
491
490
486
471
482
479
480
471
492
483
483
483
476
485
489
485
492
498
499
501
492
499
492
492
501
505
501
489
493
489
497
492
487
480
491
479
469
468
482
488
474
471
478
473
459
470
484
491
491
491
477
466
479
467
473
490
479
486
490
478
490
468
481
485
481
473
477
496
486
490
485
487
485
488
492
490
487
487
478
499
505
497
479
467
492
482
481
481
496
497
491
503
498
501
502
486
487
484
496
485
475
493
483
474
483
482
485
479
488
477
462
467
466
485
479
488
484
493
491
493
490
487
495
493
496
476
460
469
479
484
480
483
481
475
472
491
487
476
473
467
481
479
479
466
469
479
483
486
494
488
490
485
476
488
487
496
491
495
495
498
487
486
481
475
477
486
479
471
476
485
476
467
451
457
471
473
468
462
451
448
456
452
451
455
460
465
476
465
476
470
476
480
469
463
463
471
478
480
489
486
487
489
478
475
483
480
470
482
469
469
476
472
469
478
482
478
484
491
485
486
493
492
486
483
481
468
469
493
483
487
477
485
481
476
492
500
490
493
491
489
493
484
477
471
481
488
480
483
490
490
484
482
489
487
488
487
486
488
471
471
463
475
494
495
487
482
487
478
494
483
487
501
491
487
477
462
475
486
479
480
483
466
467
468
481
489
487
480
486
482
475
487
493
470
458
472
487
481
482
483
488
497
493
482
482
467
465
457
463
465
454
476
473
482
474
467
486
479
484
478
475
466
484
488
483
472
476
497
486
480
470
474
473
461
466
473
480
482
474
476
466
479
464
455
467
469
473
471
474
461
467
489
479
486
470
458
468
462
454
464
469
470
473
464
474
468
471
477
458
469
471
472
475
466
465
484
488
466
464
471
480
457
482
481
497
501
495
491
479
493
489
486
472
471
466
473
479
483
475
486
483
480
486
500
488
475
492
491
493
491
504
502
472
467
498
488
484
474
475
490
491
483
490
492
464
477
492
475
474
471
486
482
479
485
482
487
484
482
471
470
474
480
471
485
474
477
484
483
478
479
472
475
471
478
467
465
455
459
468
466
470
466
467
475
463
473
474
475
472
449
464
473
463
458
459
479
491
467
467
463
466
489
474
479
480
466
468
464
468
453
467
457
467
460
468
472
459
467
457
458
456
461
470
471
474
472
475
476
471
471
465
470
476
471
464
464
461
479
476
478
485
475
468
465
472
475
467
474
467
488
491
489
493
488
470
482
483
476
469
465
459
486
485
473
479
479
477
475
479
466
457
453
454
457
474
465
464
460
461
460
451
466
461
460
460
457
469
456
464
456
458
457
447
446
453
457
467
459
460
449
454
461
450
457
476
460
447
449
472
459
450
461
467
471
462
455
461
468
462
468
466
475
473
459
465
478
470
471
475
467
468
478
471
477
474
480
469
485
487
485
490
469
477
483
482
477
461
481
477
479
474
473
476
460
473
474
474
456
460
462
454
446
425
443
438
455
450
433
451
437
438
437
449
443
455
457
448
452
446
445
447
440
434
445
455
446
452
458
452
445
459
466
452
446
453
454
462
449
462
441
461
459
454
466
464
450
455
450
451
442
435
440
446
454
455
457
458
472
466
461
464
448
435
437
440
440
455
452
448
440
450
445
465
459
449
440
447
462
454
467
478
454
448
460
462
460
440
454
453
455
459
462
465
452
447
458
451
443
457
457
456
447
447
452
452
471
449
445
446
443
451
455
455
448
434
447
428
431
432
431
436
447
442
444
447
442
467
463
459
456
451
459
469
458
450
445
445
451
446
437
436
443
439
439
444
436
435
445
440
451
448
443
448
453
449
456
452
455
460
465
459
461
452
455
458
461
467
464
470
470
470
467
476
477
461
472
460
462
459
460
451
433
457
472
477
477
474
472
464
464
463
461
443
451
449
458
453
448
455
447
448
449
443
458
435
444
438
440
445
455
441
442
453
451
446
448
459
457
456
447
449
448
443
443
441
446
444
445
440
446
449
441
448
454
451
448
447
446
445
446
455
441
436
432
437
424
432
447
432
434
450
444
448
447
445
431
438
463
437
431
439
448
453
451
441
452
451
450
449
452
447
456
450
454
451
449
439
447
442
446
444
443
437
440
437
433
429
438
438
431
431
430
423
436
436
434
430
426
438
433
431
444
423
437
444
438
455
436
443
445
438
446
448
461
454
449
440
448
450
444
437
444
446
454
444
447
457
457
446
448
461
459
454
445
441
446
451
456
455
439
451
453
463
449
464
451
459
459
457
456
441
453
451
458
448
457
455
454
445
439
440
440
443
439
438
445
438
430
435
443
434
438
435
446
447
440
436
437
442
448
437
445
457
461
435
440
451
448
446
441
442
455
446
447
446
433
438
450
438
455
456
445
454
447
447
449
456
471
466
447
456
453
467
461
461
458
454
435
452
446
437
452
450
459
449
449
453
453
463
454
454
458
445
448
443
438
430
431
428
442
425
436
446
450
433
450
448
442
451
454
453
456
446
438
445
434
429
433
433
422
438
438
455
441
446
449
439
442
445
442
445
442
441
435
427
431
422
421
413
421
425
434
439
444
462
440
448
447
448
451
447
444
435
429
434
446
451
460
466
453
458
465
455
448
460
460
470
464
465
458
452
452
453
447
457
450
457
455
464
463
467
460
452
461
463
447
443
450
458
443
442
433
439
447
458
457
450
452
441
443
432
446
433
408
417
418
416
411
416
415
423
435
438
436
442
441
441
438
439
446
450
446
440
438
447
451
445
451
448
459
442
444
442
449
449
446
439
450
440
445
447
444
458
436
443
444
446
449
447
448
449
435
444
432
433
432
444
454
448
439
441
448
435
445
445
436
442
440
439
439
450
458
445
439
434
431
448
438
449
441
435
447
453
444
446
466
453
440
433
439
431
432
441
442
430
439
450
438
445
441
446
440
440
443
439
436
441
447
449
452
449
443
441
441
446
439
443
441
450
461
453
461
455
450
440
434
440
434
445
440
450
449
454
448
447
453
444
456
457
449
437
444
440
441
434
439
441
444
450
449
442
461
466
449
447
460
440
449
451
433
443
441
436
433
446
446
455
458
450
453
444
448
442
454
448
451
457
446
449
457
442
442
438
447
445
438
433
426
440
437
411
419
430
430
440
439
444
441
441
432
454
452
455
430
453
449
454
440
461
459
456
455
465
451
450
450
451
455
453
451
452
445
443
446
450
431
447
443
445
440
458
463
448
443
454
457
460
452
457
454
454
458
454
459
436
439
444
446
437
444
430
435
447
430
421
429
427
420
431
432
443
445
428
438
443
441
435
444
441
448
436
429
433
428
432
434
441
432
443
435
462
453
461
436
441
439
458
453
437
432
438
452
448
461
465
462
449
458
447
446
455
436
458
456
454
434
448
458
452
454
440
452
450
452
439
443
450
452
447
457
453
461
457
445
447
446
455
457
456
452
455
453
465
465
468
471
451
458
448
441
436
438
439
442
443
444
455
435
435
430
435
432
427
423
426
422
413
426
424
426
427
420
417
422
401
417
415
413
409
419
427
433
426
443
437
449
444
444
446
449
452
457
454
448
454
446
440
449
450
441
438
447
453
445
452
442
436
436
450
444
430
433
432
428
428
446
442
447
439
441
440
444
443
438
432
448
458
450
443
434
436
423
423
420
421
428
423
428
435
436
432
440
449
443
457
455
457
441
444
449
451
454
455
458
460
451
457
465
452
462
454
462
464
471
461
463
460
449
455
448
450
450
442
451
455
458
462
455
452
454
446
440
444
450
442
432
439
439
432
431
422
424
424
439
435
441
420
401
406
421
406
414
410
405
413
404
413
419
410
409
400
396
413
416
435
419
406
419
426
428
431
432
422
423
430
432
438
439
439
435
431
425
437
431
419
423
417
416
428
423
412
418
428
417
425
427
429
415
421
421
436
430
449
430
429
416
421
414
418
421
429
435
418
428
430
428
436
429
426
428
435
431
425
432
435
432
429
418
415
415
426
435
427
434
429
431
433
428
434
439
431
430
433
421
420
429
440
435
431
426
421
439
427
433
426
436
431
453
436
421
432
435
425
426
434
432
433
432
436
440
430
416
426
420
416
406
422
434
435
433
441
446
438
437
424
436
436
436
428
434
424
423
433
436
438
430
429
439
424
429
437
430
427
434
426
419
422
424
434
436
443
435
430
429
433
435
438
428
438
431
449
446
440
432
433
433
426
432
437
434
430
434
437
421
426
435
434
442
433
437
446
439
450
438
422
429
432
416
417
429
427
420
431
424
429
418
422
416
412
421
410
418
416
422
414
411
410
420
427
419
423
428
442
447
443
434
437
443
437
437
433
422
421
408
413
416
419
423
422
425
431
430
433
431
434
419
422
439
440
447
445
438
433
440
453
447
446
440
445
451
459
445
456
453
454
445
436
437
438
434
424
431
414
435
432
439
434
443
422
420
426
430
427
429
436
425
427
427
437
447
444
439
435
440
430
437
431
441
435
434
434
428
425
431
432
432
444
443
436
431
441
446
436
433
431
436
437
443
457
445
443
429
430
424
422
431
426
434
428
436
425
437
415
433
431
420
425
434
438
428
435
440
441
439
431
426
424
426
434
432
420
433
430
434
422
426
429
427
436
435
444
443
450
440
446
449
444
445
427
437
424
432
436
431
445
443
444
449
444
439
433
431
425
419
425
421
433
430
429
418
424
434
436
439
449
453
445
444
452
433
446
438
446
444
426
426
428
412
413
414
425
426
422
420
427
430
420
420
427
439
435
437
439
439
438
431
449
441
440
439
433
438
436
437
434
424
429
435
440
452
446
443
443
430
435
443
426
430
425
436
442
429
431
434
416
413
406
413
418
422
417
417
426
428
423
417
434
434
434
426
430
438
443
436
422
416
430
427
424
432
442
438
433
424
435
435
441
443
430
436
432
438
431
428
430
443
446
442
440
455
460
454
438
446
445
442
433
420
403
406
407
414
429
415
431
431
420
433
427
411
420
423
420
407
409
416
424
423
418
414
418
426
411
402
400
408
399
401
402
410
405
417
430
423
443
440
437
433
429
434
428
423
422
436
426
427
448
426
427
418
420
421
407
417
418
419
415
418
427
422
407
412
411
423
436
426
432
425
428
421
428
431
424
416
426
419
433
427
424
418
428
430
427
437
424
434
425
429
428
436
433
437
439
443
444
458
460
453
459
444
439
437
440
455
444
435
438
436
430
429
430
435
432
440
444
443
435
444
442
439
437
437
432
425
427
436
435
443
436
416
407
422
430
433
436
434
435
427
424
434
421
428
419
417
416
415
414
413
415
415
408
430
430
433
421
431
434
428
428
425
421
429
423
417
415
416
432
430
417
406
412
415
424
419
430
413
425
421
402
386
394
398
400
414
396
412
416
420
419
408
423
425
432
426
441
437
424
434
429
426
434
423
419
419
401
418
415
440
440
434
429
430
442
439
437
445
446
431
436
433
431
442
437
431
432
425
426
434
430
424
410
412
401
414
414
420
411
413
412
420
415
427
420
426
409
419
422
425
428
436
434
437
441
425
418
435
433
442
438
431
427
438
429
439
449
431
437
422
425
434
434
435
437
419
437
443
443
441
442
429
431
432
432
439
435
443
430
423
420
422
424
403
419
422
427
417
419
411
422
408
410
410
408
411
414
413
431
420
423
404
410
422
414
411
424
408
406
419
408
399
410
417
419
431
429
424
427
417
422
422
412
416
413
420
429
429
422
415
419
413
429
422
419
414
409
411
408
411
415
421
424
420
421
425
434
425
422
439
433
426
422
423
410
403
420
408
406
402
424
421
417
422
427
426
418
409
402
409
405
393
397
413
399
409
406
410
396
394
399
401
410
403
401
413
404
400
401
376
385
394
397
404
400
400
407
408
408
400
409
409
405
406
400
407
405
422
427
435
419
410
410
419
417
419
424
429
421
419
419
426
427
422
422
415
428
413
414
414
425
426
421
428
427
422
420
434
427
419
432
431
421
419
418
409
408
406
410
420
422
425
425
430
424
416
425
420
411
419
427
421
424
425
431
418
422
418
426
422
423
423
413
404
407
417
414
411
424
401
398
418
416
416
425
425
415
414
416
424
434
414
415
417
412
426
424
420
410
404
409
406
416
410
416
417
408
402
396
412
414
415
425
419
414
416
410
392
406
411
407
401
389
407
395
406
402
412
410
419
416
423
427
418
419
414
397
407
399
411
406
407
402
410
412
405
403
402
410
410
415
423
412
419
416
416
417
413
402
400
403
399
398
399
394
404
405
404
417
404
421
409
416
417
421
415
416
418
419
420
418
431
421
431
420
423
415
416
411
414
408
405
418
416
414
420
418
403
416
411
415
416
416
427
425
423
427
426
428
417
417
425
428
432
426
427
429
425
446
432
423
426
416
420
413
410
423
422
414
420
420
425
421
421
407
403
407
420
417
430
428
432
426
429
430
436
433
428
424
439
427
436
422
423
422
412
417
425
415
415
413
423
421
433
427
423
403
408
419
409
410
411
404
417
419
414
425
428
415
404
411
398
402
413
419
411
408
404
416
409
394
404
407
404
412
416
409
427
427
421
430
430
424
418
412
412
406
411
409
407
405
405
409
402
407
392
417
428
421
417
418
428
426
431
424
408
412
425
416
410
415
422
429
428
423
399
404
416
428
415
414
417
413
421
417
408
412
415
416
419
408
417
417
415
419
407
412
422
423
419
417
418
413
408
413
413
420
418
422
414
426
425
430
418
427
408
412
404
411
410
411
413
404
399
404
408
405
413
415
412
406
415
398
397
418
411
408
405
404
399
389
395
395
393
401
404
415
416
402
418
413
404
407
407
392
405
402
405
396
393
403
405
413
411
420
420
415
418
422
403
415
408
401
419
416
412
415
408
408
407
418
400
398
405
405
410
407
404
399
407
412
409
422
418
423
420
413
425
422
419
416
413
413
412
402
410
393
404
388
398
390
400
404
411
408
415
413
409
416
422
414
400
407
407
403
407
403
427
421
422
419
412
410
428
422
417
416
423
424
426
427
427
419
418
419
408
417
416
420
421
409
413
405
416
429
428
417
420
417
419
421
416
407
403
405
402
419
420
412
422
435
423
434
428
431
434
415
424
408
418
420
410
409
412
418
421
423
420
409
414
418
418
430
419
415
426
411
421
420
418
437
433
429
424
417
414
420
412
404
416
410
404
407
407
425
428
417
422
425
428
424
432
423
419
431
422
420
419
423
425
421
422
404
410
414
410
410
411
414
416
426
418
420
432
422
420
417
422
414
409
409
404
415
416
421
408
413
424
417
408
419
419
410
406
411
407
403
401
391
405
406
404
416
427
421
418
406
408
405
394
402
393
390
404
396
400
405
397
413
395
405
407
397
414
413
404
409
400
396
393
410
404
388
410
399
391
398
414
404
426
414
419
408
400
403
404
404
394
400
396
397
400
407
406
416
397
405
397
383
382
389
398
395
396
401
411
408
409
416
411
417
408
417
419
406
425
417
416
410
398
392
389
394
405
405
413
403
423
420
416
418
414
404
409
422
418
404
395
408
405
408
416
401
412
406
390
377
383
385
383
375
379
372
373
383
393
400
397
390
379
381
387
377
385
389
372
372
375
370
382
382
374
377
388
382
372
369
373
382
388
389
390
392
396
399
397
402
401
405
401
390
393
382
382
390
390
385
391
386
385
381
384
387
385
381
358
369
364
367
375
386
375
375
396
398
395
384
389
386
393
385
379
378
377
381
385
384
385
386
388
395
387
402
410
411
384
380
375
387
381
383
383
382
388
392
394
401
391
379
383
398
388
393
382
389
388
388
382
382
388
396
402
403
411
397
397
391
389
397
383
390
393
384
391
400
405
395
387
393
394
392
397
412
412
402
405
402
396
390
395
393
400
392
399
391
406
403
413
406
405
412
407
398
409
400
400
406
399
400
386
382
382
376
389
397
396
401
403
391
395
408
400
419
395
396
396
394
405
408
405
413
408
403
410
410
406
411
409
396
406
395
417
414
415
408
403
409
408
408
389
401
384
402
395
389
385
399
401
394
400
395
383
385
397
389
389
384
390
382
374
376
373
377
375
382
381
381
382
387
399
408
392
388
397
395
383
388
400
403
415
401
415
400
397
396
397
402
387
385
402
398
387
380
377
381
390
391
403
394
407
415
410
424
406
410
407
411
400
402
394
392
404
400
398
408
395
390
398
396
392
404
400
399
400
402
407
404
400
394
392
392
392
401
397
390
405
407
394
405
403
417
394
395
410
398
402
412
396
393
397
400
398
396
390
395
391
394
400
387
398
406
407
401
406
408
403
405
404
400
389
389
391
394
382
373
382
392
397
388
391
387
389
392
384
385
385
394
399
401
390
399
393
409
403
399
388
399
403
395
398
398
386
385
385
394
392
383
393
391
393
395
397
391
394
396
398
394
399
403
408
387
407
402
399
399
399
392
390
404
400
414
413
400
398
404
409
409
409
414
396
392
392
391
409
399
401
408
408
417
422
423
404
394
398
406
409
410
422
418
423
426
429
411
423
421
429
426
426
417
415
413
418
416
408
394
379
383
388
386
392
402
384
393
392
401
412
399
407
392
389
395
378
377
389
395
402
400
398
386
392
411
394
392
378
385
402
394
391
403
390
384
386
386
399
403
408
407
406
402
398
415
406
412
399
405
405
406
402
394
405
394
390
389
388
393
387
394
402
392
396
395
403
403
403
394
395
408
403
403
398
394
385
395
383
384
389
389
385
390
391
393
388
396
393
411
402
398
397
411
394
398
400
410
409
400
409
403
395
404
405
415
409
411
410
405
411
411
411
405
405
397
389
383
395
409
405
401
403
407
401
399
400
389
393
395
394
393
377
380
394
384
384
387
377
374
386
387
387
382
382
381
389
400
397
399
409
407
408
419
414
420
405
407
405
405
394
399
404
402
394
391
392
395
387
400
394
385
393
396
400
405
392
401
398
406
404
407
400
406
402
398
396
391
388
389
372
383
371
377
390
382
388
393
389
377
377
379
382
386
384
390
387
395
397
381
388
382
389
398
401
407
397
403
389
403
399
397
402
401
407
403
396
399
408
394
391
386
391
396
399
391
387
382
380
383
378
381
385
386
381
373
370
382
374
372
388
388
390
395
378
372
384
374
379
396
389
395
386
375
381
371
381
382
366
377
380
374
367
376
371
372
392
392
397
399
396
381
387
384
373
397
389
386
388
390
382
375
375
382
390
398
399
394
392
404
406
406
397
387
394
390
387
387
379
387
386
387
381
373
383
387
389
392
400
408
410
391
395
386
391
395
391
394
383
386
397
389
382
375
397
386
384
390
394
382
384
394
391
384
393
396
408
406
396
394
402
391
400
405
393
401
399
403
404
404
405
401
401
410
406
397
385
393
402
401
404
398
396
385
390
386
387
382
386
402
390
396
389
382
381
372
389
387
382
403
403
400
397
402
403
397
394
398
400
397
403
397
391
393
394
398
405
401
400
410
398
398
394
405
410
415
393
393
390
398
399
397
411
410
416
406
418
399
396
404
401
400
399
390
399
390
399
403
399
385
382
395
389
390
400
410
402
402
399
393
408
410
408
406
390
392
412
407
401
393
390
400
390
400
403
402
393
394
400
395
397
386
384
385
397
391
400
394
388
391
397
404
409
399
392
389
395
400
389
383
393
390
390
387
380
386
390
384
396
402
388
391
385
386
385
384
387
389
379
378
388
390
397
396
395
385
394
393
389
393
390
385
394
389
398
385
390
385
380
389
390
388
383
389
392
380
395
393
391
403
408
397
385
378
391
387
385
386
390
383
391
387
402
390
397
394
397
395
386
393
375
389
394
390
390
373
385
386
398
401
404
389
383
376
385
387
376
373
388
399
391
393
390
387
390
390
403
394
387
386
387
379
382
383
391
381
386
392
388
393
395
397
392
397
400
403
403
403
405
402
419
414
398
397
406
403
402
389
385
390
395
393
387
397
393
393
383
387
394
388
381
400
401
403
396
401
382
387
379
392
397
392
396
400
398
404
390
395
395
381
404
398
389
393
393
393
396
404
397
386
386
392
386
391
384
393
378
381
389
386
380
391
384
376
378
377
380
373
373
373
369
375
375
374
382
367
374
385
381
377
385
381
392
391
390
386
393
387
383
380
388
394
399
388
393
403
390
390
395
392
385
387
399
391
385
374
391
392
371
383
388
397
386
392
388
380
397
387
392
397
387
389
389
379
380
381
384
386
386
402
393
398
395
388
392
381
395
376
375
382
384
392
398
389
389
390
385
378
372
382
368
363
379
364
364
369
375
391
390
393
393
402
402
411
402
387
386
387
398
401
412
406
412
398
395
403
409
419
400
405
401
403
413
408
401
408
411
408
407
411
404
388
395
388
383
390
395
387
395
396
392
395
392
393
381
393
388
401
382
393
390
383
378
386
380
397
396
406
400
397
399
407
419
404
406
405
403
402
403
402
388
378
382
381
381
373
376
365
378
394
411
381
383
387
400
398
387
391
392
385
398
385
392
390
394
390
389
384
378
381
388
387
382
376
385
377
382
391
392
394
399
395
396
394
392
399
398
390
387
386
388
382
379
380
376
388
385
386
383
382
400
396
409
406
407
420
413
408
407
394
406
395
384
384
382
389
400
378
381
383
386
386
389
384
382
381
361
368
366
366
381
374
378
386
379
375
369
376
380
376
370
362
378
365
364
375
385
398
401
397
395
385
390
400
401
400
386
376
390
383
396
391
398
402
400
399
409
399
398
393
390
388
386
390
378
385
383
371
366
376
388
384
368
376
377
379
396
385
388
384
386
377
382
379
394
385
375
368
385
378
384
380
388
399
390
379
381
371
372
366
369
376
382
379
372
368
377
385
392
394
389
397
385
389
397
404
400
385
396
391
405
397
395
398
412
405
394
391
400
388
387
379
401
410
408
404
406
401
402
402
398
413
403
408
407
400
395
390
396
397
392
401
390
386
385
400
385
393
400
408
414
406
404
392
399
402
392
390
399
400
396
394
389
393
394
398
397
398
407
392
395
403
383
379
379
374
377
368
377
379
373
373
386
382
380
382
365
376
377
375
369
379
387
389
387
377
370
362
367
369
377
369
378
366
364
367
368
385
382
381
393
387
382
386
378
384
387
395
388
394
383
380
375
376
385
403
398
398
405
398
397
390
375
375
379
382
378
382
387
380
385
390
393
384
375
383
367
381
376
370
375
373
387
379
389
385
377
379
372
381
380
381
382
365
375
377
382
374
378
373
362
357
373
368
359
351
370
383
373
379
371
363
364
373
375
384
388
376
377
374
365
372
367
363
359
360
366
371
378
378
381
371
380
377
370
377
385
380
379
381
381
384
395
391
389
393
385
388
391
381
382
390
384
382
376
368
373
366
371
378
381
380
367
364
369
371
387
386
374
369
378
383
383
378
375
377
375
375
367
370
371
376
380
382
384
383
377
385
385
379
378
384
387
379
388
378
381
377
385
373
379
387
387
396
398
401
403
398
398
400
405
396
391
393
402
386
391
386
381
390
391
391
400
396
400
388
390
380
382
379
384
383
381
374
366
373
371
374
373
388
378
377
362
357
372
362
368
356
351
357
369
365
366
371
384
375
379
380
376
373
358
353
355
359
361
365
373
374
391
388
391
389
381
385
366
384
381
385
381
390
387
386
381
384
384
387
391
386
385
386
378
380
391
379
387
384
377
375
368
371
377
382
378
379
380
380
381
375
372
360
377
371
370
377
373
370
377
392
382
382
382
374
377
377
372
359
356
355
362
366
359
355
343
352
357
362
366
362
356
344
349
355
352
347
358
360
365
358
348
359
359
359
354
355
363
370
365
368
367
370
376
379
376
373
361
349
368
362
358
360
360
362
362
357
358
357
358
359
363
363
376
374
374
371
372
363
370
366
364
362
357
369
374
366
360
365
368
380
373
378
382
377
372
374
362
362
356
361
363
362
365
371
376
373
380
377
368
360
365
370
364
354
356
359
360
369
362
370
375
370
374
374
366
358
371
366
366
371
362
365
368
372
373
361
365
371
370
382
387
373
373
360
377
382
379
376
388
378
380
374
370
366
378
376
364
370
358
353
359
366
362
363
363
354
359
357
368
365
376
371
354
349
345
348
366
358
355
357
359
367
367
370
366
387
380
389
388
389
382
388
385
380
378
378
385
383
376
374
379
383
380
377
382
375
380
383
374
372
381
378
372
378
374
384
383
365
373
382
372
358
358
358
356
353
349
352
363
354
363
372
371
371
371
381
380
368
364
365
369
369
375
354
356
347
356
364
364
360
356
351
347
352
352
355
358
355
355
357
359
357
346
350
355
356
339
342
348
350
352
352
362
356
370
358
359
346
352
355
361
369
372
369
373
372
383
383
375
377
378
382
368
379
364
355
360
355
358
364
365
353
362
366
372
368
356
360
353
377
378
379
387
384
388
392
382
389
383
380
377
369
362
370
370
370
365
357
364
354
368
368
359
372
362
368
366
377
378
371
372
362
372
379
369
369
365
362
366
362
345
355
350
355
357
344
348
354
365
369
388
378
376
372
367
364
373
376
366
376
371
362
359
357
362
364
353
360
360
348
351
331
343
350
358
365
362
363
353
365
354
355
362
359
359
358
366
366
369
369
367
381
375
381
381
383
374
378
372
369
367
367
366
373
359
360
364
360
365
361
360
364
363
359
370
377
364
374
384
383
382
376
370
361
359
355
356
355
355
360
360
357
359
354
359
363
367
360
361
359
364
363
369
359
354
366
361
364
378
371
378
356
355
365
365
361
345
354
376
376
377
374
383
367
380
362
368
367
365
377
378
372
367
386
375
381
371
379
367
376
367
373
374
360
359
372
370
369
376
379
376
380
371
376
374
371
377
374
373
383
385
379
388
392
381
380
382
386
390
386
386
392
383
389
388
376
374
386
365
370
378
375
364
363
359
365
367
372
365
375
368
386
381
382
382
385
380
364
363
364
349
344
351
363
362
353
358
361
348
349
357
363
365
373
377
378
392
384
381
363
368
360
375
367
365
368
372
361
356
358
361
347
350
352
363
362
356
350
362
357
374
381
373
374
367
374
366
371
363
366
373
380
372
369
368
376
375
372
378
375
379
385
381
383
382
368
362
369
360
367
370
365
367
368
375
376
380
363
376
373
371
361
365
362
365
363
355
363
364
362
351
349
354
364
371
367
380
384
372
363
367
378
374
378
379
381
382
375
383
392
390
388
383
371
371
362
361
364
360
375
374
368
375
364
354
372
374
384
373
375
363
375
360
373
371
370
370
385
379
378
381
377
380
373
376
371
383
378
379
368
377
370
366
369
376
365
353
364
355
358
358
361
363
371
366
371
373
376
372
372
380
373
375
372
371
376
362
365
369
377
379
373
379
380
373
383
386
381
375
386
377
382
387
383
375
375
382
379
383
378
370
364
359
355
365
357
363
378
373
374
375
371
378
369
364
372
365
377
366
386
378
388
381
379
370
387
378
371
374
375
373
365
369
371
379
380
373
362
369
366
365
373
377
375
367
379
373
365
375
383
375
368
372
364
367
366
371
364
352
353
360
352
358
362
361
357
364
364
365
364
363
374
364
371
364
359
375
370
378
371
367
364
370
376
372
373
377
372
372
383
380
383
386
382
379
389
376
375
378
372
371
368
367
363
364
364
355
359
360
362
365
360
367
368
372
364
372
372
371
370
362
363
364
358
361
348
357
367
357
378
371
370
374
378
380
372
365
381
374
381
384
381
375
364
380
380
390
384
371
376
383
377
381
379
372
389
382
374
377
384
373
376
381
397
386
388
376
371
388
384
382
379
375
364
375
364
377
382
371
371
375
388
386
384
378
368
374
368
372
377
381
377
369
365
373
379
374
377
373
379
379
374
367
367
372
380
373
367
366
358
365
367
368
372
380
367
363
361
371
369
364
375
373
377
381
382
384
370
374
363
366
364
368
366
363
361
367
358
360
354
356
363
374
381
386
387
383
388
388
386
389
388
381
393
384
367
372
369
370
362
369
361
363
377
378
374
377
359
371
367
356
366
361
375
368
370
368
366
365
367
365
359
365
359
355
371
366
368
376
371
368
363
361
363
377
362
378
373
368
382
375
373
372
378
382
368
359
381
379
386
387
386
387
372
373
374
375
377
370
384
388
383
371
359
368
361
375
379
378
373
385
382
376
371
365
359
362
359
347
355
345
347
345
352
346
358
355
361
351
356
366
362
361
368
374
371
374
378
369
373
374
375
365
365
366
354
353
350
348
357
370
370
365
359
354
359
367
354
367
366
363
364
353
353
354
379
366
375
369
373
381
378
376
367
372
377
377
370
378
376
372
376
368
369
353
353
378
379
378
370
373
375
381
388
392
384
399
385
387
391
377
383
385
393
387
383
377
390
391
390
392
393
394
395
379
387
391
396
384
383
370
360
374
379
374
373
367
365
368
356
344
345
359
353
343
360
334
336
350
350
351
345
355
362
358
368
361
354
363
361
364
361
368
375
368
364
369
360
366
367
392
386
373
386
376
376
371
366
375
368
364
368
370
367
369
372
375
373
364
375
386
381
373
368
372
382
379
376
349
353
361
366
365
383
382
377
375
375
383
388
392
398
387
374
370
377
382
366
373
370
370
367
365
372
367
371
368
357
361
356
368
364
365
363
365
362
373
369
365
361
364
367
358
347
349
346
346
362
355
350
350
352
362
366
361
363
369
374
372
373
359
357
362
361
357
363
361
371
366
374
379
381
370
374
373
376
384
373
378
374
360
368
366
364
364
361
357
347
351
365
370
387
379
373
382
372
381
370
372
383
380
373
378
374
370
377
379
376
378
376
371
376
391
381
370
368
362
363
369
370
368
368
369
376
374
362
366
365
380
374
374
378
374
358
373
357
368
363
363
356
360
366
362
364
373
364
360
360
369
350
355
365
367
378
381
386
391
386
379
380
372
371
373
376
376
374
367
372
371
364
369
374
363
380
367
360
367
357
366
356
359
362
371
366
365
361
362
361
364
364
368
361
377
390
381
378
367
370
373
370
374
365
366
376
384
376
373
374
372
360
352
349
349
343
366
357
364
364
367
368
357
357
365
364
359
371
359
361
354
373
357
351
368
363
368
368
371
364
370
365
353
350
344
335
343
348
344
354
359
367
378
359
358
352
363
358
346
355
358
362
367
377
381
377
375
381
371
376
373
383
371
361
368
359
363
364
351
359
354
350
353
365
371
380
378
378
379
379
389
394
391
384
381
385
373
373
376
382
382
379
377
370
375
373
368
371
365
371
364
361
347
351
352
357
363
361
356
357
372
378
392
382
395
379
373
377
380
383
374
367
367
367
371
383
386
391
369
374
368
372
374
375
367
373
367
378
366
376
376
380
382
375
370
362
374
368
369
380
368
367
355
355
358
363
360
361
362
366
366
359
363
363
358
376
376
375
372
364
361
350
354
366
362
371
368
361
366
374
355
365
361
369
357
359
351
353
357
368
371
362
378
375
375
378
375
365
367
369
378
365
362
359
370
369
376
362
354
344
353
362
374
368
372
375
377
370
368
360
365
377
369
376
384
375
386
368
367
373
370
364
359
366
353
362
367
369
369
370
374
374
373
374
376
384
382
382
368
367
380
371
369
352
365
371
375
380
377
359
377
377
383
375
360
356
372
373
372
356
362
360
358
349
354
352
343
352
366
365
364
374
368
364
371
368
373
380
380
373
374
377
386
383
376
372
365
366
371
371
372
372
369
377
393
381
383
372
379
369
355
361
353
354
359
369
366
377
377
378
372
377
379
369
369
373
369
358
367
359
348
358
362
367
366
368
358
362
373
371
375
366
366
370
372
380
370
375
376
383
385
387
384
386
385
373
379
367
362
355
367
377
365
362
374
379
382
372
368
368
369
374
367
371
375
375
376
382
377
377
363
361
359
355
360
358
357
361
369
363
368
376
376
388
387
379
364
359
355
374
377
383
378
375
369
379
372
368
376
367
367
360
357
371
372
365
373
377
361
364
364
361
353
358
354
354
359
366
366
372
369
363
362
359
359
362
356
376
377
383
388
379
382
376
372
377
381
384
376
386
366
374
375
366
367
374
382
381
389
374
375
373
382
375
374
376
387
381
374
379
377
362
365
377
373
363
364
374
370
362
372
364
365
370
383
368
376
376
384
384
381
378
374
390
377
378
383
368
362
361
349
357
356
361
366
362
372
372
368
371
367
369
366
368
365
366
358
369
366
368
363
376
371
380
363
369
358
379
374
370
373
370
360
361
370
361
374
382
384
387
363
364
370
368
364
367
370
375
377
367
360
368
359
366
366
362
365
371
367
375
371
369
377
381
378
381
374
370
366
371
377
366
374
376
382
378
379
384
383
396
388
388
376
376
373
365
374
379
377
376
373
373
366
353
374
370
369
362
358
355
365
362
370
352
356
358
343
354
340
351
353
364
366
364
359
353
370
371
377
365
368
373
376
374
380
372
376
379
379
390
390
372
377
381
384
384
380
372
370
371
379
374
359
368
371
375
377
381
377
375
370
364
363
360
353
352
355
344
336
342
338
341
347
345
358
354
359
363
354
347
352
358
361
361
365
357
352
351
351
358
362
369
371
382
376
367
358
365
376
381
374
375
373
364
360
361
371
357
366
372
374
370
351
361
366
361
364
359
366
372
379
379
371
375
376
378
388
385
388
383
372
368
379
373
368
376
368
375
364
370
364
375
369
367
364
370
374
366
360
361
367
374
376
388
381
385
380
379
370
365
383
389
384
392
395
385
387
375
368
378
372
379
377
367
365
359
365
368
369
368
371
366
370
366
371
375
370
360
364
358
361
368
367
363
362
363
367
376
365
374
365
377
373
367
376
375
377
372
370
361
365
355
356
353
366
367
372
364
366
367
369
377
371
376
370
370
366
355
365
364
368
367
383
366
368
360
365
358
350
352
356
356
360
352
352
361
362
361
373
366
360
364
349
352
341
353
344
341
343
339
345
350
354
361
366
364
363
379
372
371
354
351
366
372
380
370
367
368
375
372
368
364
357
362
367
361
357
358
353
343
351
351
357
364
367
370
374
380
373
375
381
373
365
370
375
371
364
376
370
367
358
375
367
371
376
382
375
378
389
382
379
374
367
370
369
373
366
369
368
368
358
361
358
371
368
369
371
375
367
363
375
360
353
365
359
360
353
351
366
361
353
355
353
349
353
351
357
366
369
365
371
369
364
364
362
369
361
366
366
365
363
358
354
346
347
361
360
351
363
353
368
356
357
351
352
356
363
365
373
378
373
384
375
371
373
364
365
369
361
347
346
350
363
361
354
355
355
356
352
362
345
348
346
344
356
356
353
353
361
359
360
360
357
378
364
369
372
377
365
360
365
361
370
353
352
360
351
348
348
355
369
369
366
371
371
367
373
375
370
368
366
382
381
379
374
370
370
364
368
366
385
367
364
361
355
362
380
363
361
354
355
363
372
376
375
379
379
384
376
375
376
382
376
375
376
378
372
374
381
377
374
366
378
386
375
354
357
366
360
358
357
372
362
360
356
349
353
369
363
352
369
369
379
376
375
373
377
385
395
380
383
385
380
380
376
380
375
378
380
367
362
362
372
360
377
361
371
370
364
358
358
365
381
375
373
385
384
390
389
388
393
378
382
375
369
369
378
375
358
365
372
362
376
371
369
376
366
371
363
358
350
345
354
356
356
364
366
368
356
367
382
373
372
377
382
372
377
373
376
375
375
382
380
363
373
362
372
376
379
367
368
372
374
370
377
382
387
388
383
374
375
368
376
375
379
384
381
365
376
375
385
383
376
391
376
373
392
389
381
384
382
387
393
384
386
374
375
365
376
380
387
377
373
377
364
371
379
370
379
381
372
379
376
381
384
372
385
370
360
372
354
355
364
368
359
363
367
371
364
373
368
382
387
387
385
376
375
367
364
353
359
354
363
365
371
372
367
368
369
363
356
357
360
367
370
350
352
356
345
342
353
350
344
349
340
345
351
364
369
364
361
364
354
357
361
353
364
363
373
375
373
365
374
373
381
379
380
371
371
381
363
380
374
380
374
384
379
376
385
377
373
378
367
369
366
371
373
380
377
369
371
381
373
368
376
385
372
371
374
372
377
382
377
374
383
382
369
372
368
370
363
364
355
354
346
366
363
356
364
362
361
347
348
349
347
346
366
371
358
361
351
357
359
368
375
373
371
383
385
388
388
380
381
378
378
378
381
372
373
383
372
361
371
364
359
365
360
364
360
364
361
356
368
378
375
368
367
367
367
365
387
385
374
363
375
366
366
368
377
377
381
362
365
372
366
359
361
372
377
380
372
368
366
380
389
392
396
384
393
403
398
401
399
382
388
393
399
394
386
381
390
377
383
383
384
367
372
374
367
378
380
367
373
370
369
359
370
360
366
360
357
355
362
357
360
355
355
367
362
357
358
350
354
357
363
354
351
347
332
336
349
351
357
349
351
361
375
371
378
372
368
361
371
364
369
362
368
363
380
378
371
368
379
380
383
388
390
382
389
392
392
396
396
390
395
391
391
394
382
379
367
372
380
367
366
365
364
364
358
366
365
379
378
375
372
365
380
378
381
371
376
381
390
395
395
394
387
382
382
377
383
374
367
349
367
364
382
383
373
381
387
380
377
378
376
371
388
360
388
387
382
389
373
369
371
366
358
363
363
358
359
367
362
360
356
345
349
348
350
343
334
344
348
342
343
351
359
356
360
358
361
362
365
365
364
359
358
360
362
361
369
364
371
367
371
373
367
362
365
373
372
374
377
381
387
389
391
385
382
386
382
375
377
374
366
367
364
370
368
376
356
353
367
371
367
373
354
354
371
366
368
379
368
379
385
384
380
391
372
371
367
369
366
367
362
369
358
359
358
367
366
373
373
373
367
371
373
367
355
371
369
361
371
375
373
360
363
356
368
370
351
357
352
356
358
356
354
368
369
366
358
359
367
355
369
369
378
370
379
377
385
382
379
379
384
371
373
382
373
363
355
361
361
365
362
362
366
371
382
373
369
369
354
358
358
363
366
374
376
357
364
364
367
364
371
359
363
371
367
364
351
358
371
378
366
358
361
361
364
367
362
368
376
370
381
373
386
375
383
379
378
369
368
372
367
371
377
368
355
376
380
368
377
369
370
363
360
356
375
360
365
352
355
345
351
366
356
346
344
355
357
359
348
359
362
369
367
379
376
371
365
367
366
359
366
351
363
364
370
370
368
368
368
363
368
363
363
368
359
381
381
373
377
377
386
371
373
361
364
362
369
364
366
372
361
351
351
366
357
359
352
355
355
358
348
363
360
360
355
359
349
338
349
352
351
355
351
356
352
350
362
359
367
367
365
361
370
361
364
364
372
366
367
365
377
375
370
365
366
371
376
372
368
364
365
355
360
370
360
345
347
342
347
358
358
362
354
365
355
359
363
365
365
374
368
373
367
358
366
367
362
364
363
368
369
363
357
363
357
353
344
332
342
350
358
354
337
357
360
356
355
352
348
370
364
368
381
384
374
375
370
373
370
374
362
351
360
357
351
337
345
356
357
355
369
361
357
362
359
368
363
349
355
351
364
370
366
362
369
373
367
370
369
378
369
382
372
376
369
383
375
378
380
385
384
376
375
368
370
367
371
367
366
369
367
365
369
365
361
386
372
373
361
368
377
378
374
379
372
360
364
355
364
375
365
364
365
368
374
368
369
352
363
366
363
355
368
370
366
378
371
375
369
375
373
370
377
374
376
376
383
387
376
379
376
375
368
370
373
366
379
362
369
361
359
354
355
357
371
372
375
379
376
372
380
372
366
370
366
382
360
354
363
371
357
363
370
365
365
364
365
362
357
367
353
354
360
347
361
363
369
372
378
372
378
375
379
380
377
378
373
369
373
362
368
367
365
367
374
354
370
359
366
373
372
378
379
363
369
376
376
382
380
379
380
380
393
385
385
383
378
367
372
359
355
361
361
353
354
361
351
359
363
366
368
369
381
368
375
368
366
369
362
356
371
361
366
365
356
361
356
361
354
350
360
352
367
361
362
365
362
355
359
369
361
359
356
356
369
374
374
369
371
357
363
376
368
368
370
364
367
359
359
360
356
343
343
339
344
