770
769
770
782
774
743
728
736
735
751
753
730
727
746
731
715
733
716
710
707
717
724
734
741
737
724
721
724
729
719
722
737
726
731
739
744
737
753
749
760
741
726
732
729
713
732
721
741
735
734
728
721
736
721
740
734
728
732
727
735
739
724
719
727
713
738
754
750
763
756
758
765
745
738
730
733
739
742
743
756
745
774
755
756
756
755
756
761
771
761
770
757
757
743
745
741
759
772
774
753
759
767
751
756
751
766
780
773
766
778
759
751
756
760
760
740
737
750
745
758
756
773
775
770
769
773
743
762
741
746
744
722
724
712
725
722
736
724
734
742
720
737
742
753
752
741
742
753
753
746
733
741
756
756
741
750
735
726
726
732
725
713
726
726
723
724
717
718
716
716
729
705
722
724
710
728
732
739
745
757
762
741
758
755
740
725
718
725
708
720
720
738
750
747
735
741
743
743
744
755
733
730
745
737
731
746
764
751
772
767
774
763
743
743
755
754
761
768
788
771
783
794
780
782
766
736
753
749
753
756
749
754
763
763
757
760
763
757
770
760
776
772
762
753
762
742
740
740
725
715
718
724
714
724
720
728
737
755
742
762
747
750
760
755
756
770
760
753
754
750
757
766
754
750
730
734
748
743
751
745
732
740
741
740
747
748
756
751
747
752
756
747
753
743
738
751
753
733
729
721
715
727
731
752
741
752
763
765
758
745
752
762
761
760
774
753
740
756
755
752
760
749
746
739
743
733
731
744
743
732
732
733
719
731
726
725
709
721
726
714
744
728
727
729
722
745
741
721
725
734
734
732
741
764
745
750
755
758
761
748
765
743
754
758
750
751
754
743
751
767
753
779
769
755
739
743
734
735
734
736
728
732
728
735
763
753
743
749
748
738
740
744
735
729
726
735
729
741
727
737
736
744
742
746
746
739
740
733
730
721
718
722
710
713
708
723
715
727
749
759
757
755
748
757
761
769
761
756
758
757
748
770
757
760
765
752
744
751
750
770
751
763
763
769
759
742
737
738
737
729
746
743
740
744
745
736
728
738
740
746
766
753
747
731
748
751
730
729
733
752
758
737
744
727
734
726
733
732
724
721
723
720
723
731
734
737
732
729
723
735
748
757
750
756
750
739
734
718
738
731
758
758
745
749
742
753
746
751
733
744
740
755
717
711
727
742
721
731
750
765
767
763
758
761
766
764
752
748
748
746
739
736
737
741
737
725
727
719
737
739
721
710
727
716
736
739
725
742
745
744
747
755
748
744
732
737
724
730
732
744
750
747
730
746
743
756
743
753
748
756
760
763
774
764
760
767
753
743
736
736
723
737
747
745
741
732
725
751
749
742
746
749
750
743
748
750
745
761
754
757
765
760
754
754
756
764
770
755
755
744
740
728
732
712
735
733
750
761
743
727
751
748
737
745
736
725
725
724
730
709
709
723
722
722
742
735
730
748
760
763
745
751
725
743
718
737
730
738
736
716
726
706
704
685
700
707
709
688
703
719
715
721
726
745
740
750
772
760
767
765
739
732
751
738
740
738
745
722
738
734
735
748
736
732
721
712
713
712
729
735
720
731
738
732
747
753
745
747
741
760
747
743
732
734
733
742
743
741
753
740
727
724
728
729
737
721
706
725
745
734
739
741
748
742
733
746
749
752
742
749
739
728
745
745
750
754
753
758
748
747
727
720
709
732
735
740
735
726
728
738
740
737
734
744
749
743
747
742
733
737
725
730
714
733
727
731
729
744
746
740
749
753
755
737
753
757
755
734
755
748
750
748
731
715
715
719
727
723
723
711
730
748
745
760
724
738
737
751
760
748
749
754
750
729
736
730
708
719
733
727
722
731
726
724
743
738
736
724
706
715
727
727
741
724
729
729
720
715
710
715
724
709
715
717
712
708
706
684
704
721
742
741
738
737
727
722
710
722
738
746
721
737
725
733
731
739
733
720
721
744
736
741
738
739
748
769
765
751
766
767
752
749
761
743
730
722
733
729
736
725
730
730
715
706
677
686
692
688
718
719
709
705
698
702
715
717
708
706
721
732
735
728
734
723
699
703
684
686
697
696
704
702
700
692
702
709
704
716
714
722
709
711
717
707
704
706
701
711
716
724
711
680
687
697
694
694
704
703
705
705
690
704
696
699
707
707
694
719
726
717
721
707
694
700
691
689
707
711
715
704
710
706
704
727
730
719
716
717
732
730
728
739
732
735
740
743
734
708
706
699
706
706
696
709
691
705
706
703
704
700
715
730
720
717
706
718
713
719
713
717
709
729
726
724
724
723
710
701
705
722
719
729
712
717
721
723
710
732
725
728
737
742
741
732
748
742
738
741
735
733
714
689
695
695
705
714
716
719
718
701
717
738
718
719
723
736
728
723
720
701
706
711
695
714
715
716
717
721
714
718
708
719
708
699
705
703
703
715
718
727
729
729
727
718
705
706
705
708
699
699
698
701
709
703
710
702
705
717
718
714
734
740
733
718
728
718
724
737
741
739
728
731
726
727
715
723
711
697
687
684
690
690
690
702
705
717
714
710
700
695
700
708
713
706
703
708
707
717
717
715
702
692
702
704
701
697
696
713
714
712
734
733
726
713
730
720
711
718
716
720
697
689
699
694
690
694
699
702
711
704
718
716
733
717
718
738
721
725
721
738
723
730
736
748
753
750
731
737
744
747
743
739
741
727
728
722
739
731
719
727
718
711
694
691
680
692
708
708
725
742
743
750
747
743
740
741
727
704
714
707
702
707
713
709
715
720
714
727
714
708
684
690
711
719
731
721
720
737
742
749
754
745
766
751
750
738
761
749
747
755
753
745
740
725
726
722
711
719
712
717
709
716
724
723
720
714
698
702
698
696
705
723
731
714
722
715
707
698
699
694
691
699
699
708
713
713
699
712
724
724
706
704
697
721
716
699
705
710
714
720
724
727
717
743
744
751
731
716
715
718
707
721
721
718
728
734
708
720
710
704
712
703
702
713
710
717
728
714
709
706
712
717
707
701
686
694
699
715
713
722
712
710
706
714
716
734
722
725
739
753
742
741
737
734
726
718
712
721
722
717
721
720
705
736
727
716
718
724
718
709
709
704
708
702
719
732
715
720
719
729
728
723
736
726
731
731
725
728
725
738
723
712
703
708
695
717
708
712
709
704
704
689
707
694
706
706
709
722
723
714
711
711
701
709
708
703
704
700
711
706
691
698
691
686
677
696
694
727
736
718
718
702
702
714
716
723
712
728
723
724
722
715
718
728
712
710
709
713
727
745
739
732
728
740
729
713
704
718
702
698
688
680
683
680
711
702
710
705
702
722
718
749
739
736
729
728
710
712
708
706
707
703
704
719
745
749
741
737
725
707
717
718
721
716
706
722
723
719
732
730
724
742
745
749
745
734
727
748
754
776
749
769
748
736
742
755
743
729
730
736
734
752
754
739
728
730
741
724
728
731
740
737
741
747
728
729
724
731
726
725
718
736
722
730
729
738
745
745
736
730
733
739
728
733
725
714
713
725
711
719
714
701
697
693
706
704
704
703
713
704
721
725
729
724
720
711
720
714
712
711
730
729
726
718
710
705
710
717
716
722
734
738
736
731
724
711
711
711
694
685
687
693
704
709
732
707
707
710
717
723
725
722
717
738
737
728
724
733
739
717
727
704
725
716
719
724
726
717
711
713
713
714
726
713
703
720
705
704
697
691
699
699
703
701
720
716
714
715
710
718
720
711
721
708
715
718
714
709
702
702
696
694
689
707
693
693
695
678
699
700
717
708
703
711
696
707
702
700
698
710
713
706
714
711
716
718
712
719
724
722
731
725
720
732
728
747
741
744
753
740
728
719
719
717
724
729
699
695
695
703
692
701
709
713
711
716
721
722
717
686
693
683
687
685
687
694
709
712
705
710
713
712
707
709
720
721
709
690
702
712
712
705
698
709
694
687
692
700
695
695
705
707
701
711
717
715
719
727
745
746
730
726
726
732
725
706
714
698
708
710
712
721
715
715
711
695
700
708
715
730
733
731
726
743
728
724
723
726
706
711
706
714
695
700
717
703
686
689
694
691
662
665
654
668
680
682
696
700
693
674
668
681
684
686
694
686
679
673
682
684
693
707
705
695
702
696
678
684
660
694
688
696
681
679
680
676
669
679
682
673
681
690
686
677
683
668
677
695
695
689
691
680
688
684
690
704
690
691
688
698
688
715
715
711
704
701
730
721
719
711
710
698
713
727
704
698
690
674
676
673
660
670
657
660
651
637
639
627
650
633
652
647
670
679
691
692
712
708
695
691
687
680
692
673
674
682
680
681
673
666
677
686
685
679
670
669
661
687
684
679
683
688
674
682
679
695
685
685
671
677
684
683
672
677
666
647
646
637
645
658
656
677
686
665
675
678
668
667
655
648
649
673
677
666
670
665
680
664
667
673
678
684
692
680
666
672
668
678
666
672
683
689
677
680
700
684
673
676
699
688
700
697
676
685
675
675
674
680
674
666
667
659
654
650
653
653
659
670
670
672
642
643
653
666
656
685
693
682
689
683
688
688
681
671
673
667
659
653
661
660
663
672
656
652
662
674
662
684
665
661
668
672
663
661
649
641
633
648
637
633
629
639
631
632
624
618
624
622
633
645
627
609
622
618
623
622
630
648
646
646
641
653
661
648
651
644
636
661
664
647
644
646
640
644
646
643
623
647
652
646
655
661
681
661
640
642
660
650
662
665
672
679
686
688
676
667
673
659
662
653
653
677
657
681
688
680
676
691
697
700
701
702
688
682
682
686
671
673
690
673
669
674
691
684
677
667
671
669
670
659
649
658
643
646
663
655
660
675
673
657
659
655
651
641
651
647
648
648
641
633
633
638
663
663
669
661
657
665
669
654
653
659
679
663
670
657
643
646
642
662
662
663
656
653
650
647
632
644
644
656
654
639
663
645
650
653
668
665
655
672
674
691
670
679
677
685
676
686
694
686
670
665
682
672
662
653
649
647
644
656
654
661
670
662
656
655
651
647
642
653
643
652
648
643
650
669
664
667
672
665
677
668
656
645
650
651
654
653
647
636
652
655
669
667
664
651
663
664
665
649
662
677
672
660
675
665
662
678
665
667
643
646
651
656
664
662
659
663
683
660
669
644
662
652
679
677
674
661
665
656
666
662
647
671
667
652
659
675
667
662
666
677
690
678
660
677
664
664
663
656
656
649
669
660
680
668
670
677
685
676
675
680
672
671
660
668
672
659
648
665
648
651
658
667
658
655
654
655
650
652
639
656
640
628
638
640
631
646
648
661
646
656
671
673
681
673
672
667
672
675
668
661
666
669
656
645
650
654
649
636
637
639
643
648
664
666
674
662
673
682
667
654
636
629
631
642
638
656
654
663
658
662
683
676
669
667
658
650
639
633
650
659
650
643
628
655
636
636
624
623
627
642
641
641
646
658
654
650
649
642
655
657
653
661
657
665
655
661
667
674
674
671
659
676
687
697
685
665
680
677
676
656
666
669
650
654
663
661
671
667
659
681
681
673
663
663
656
636
627
635
641
647
640
645
657
671
658
655
658
656
658
664
653
671
676
664
666
660
663
663
656
645
661
633
639
631
637
637
643
641
654
660
670
644
664
665
667
662
649
641
657
656
662
661
651
652
669
648
653
672
666
652
663
658
674
670
673
675
668
667
675
669
664
661
673
672
672
676
664
666
668
672
674
680
660
681
668
687
684
686
670
684
677
687
678
681
674
689
680
670
647
650
663
673
690
682
681
683
675
663
666
667
667
667
676
679
659
676
676
667
661
677
668
655
669
667
664
657
667
673
645
658
643
647
651
658
648
640
640
636
626
643
623
644
654
650
662
647
653
675
666
649
659
652
630
639
647
640
632
621
608
625
631
644
637
662
650
647
650
641
646
659
669
651
665
670
662
673
678
684
672
648
657
641
645
652
661
657
657
675
664
654
661
654
646
638
631
632
633
628
628
630
637
637
635
628
620
624
639
644
635
650
638
662
670
669
671
675
658
661
674
687
665
668
655
640
642
653
649
653
654
660
649
646
648
627
636
644
647
640
650
657
641
649
642
643
626
635
622
637
631
634
636
618
626
612
612
631
635
641
634
651
634
634
642
640
641
642
634
618
625
638
622
618
617
616
613
610
614
616
630
655
652
645
664
669
670
669
660
660
660
647
654
669
661
644
658
657
643
633
634
639
638
642
641
645
643
639
640
633
625
635
633
628
624
612
600
589
602
613
625
625
610
628
632
639
644
636
637
631
625
605
610
607
622
601
609
599
593
594
589
602
599
588
589
596
590
600
605
601
589
591
596
594
609
605
624
626
626
635
630
628
637
619
630
643
628
624
620
628
617
601
587
590
594
596
576
561
566
572
574
593
589
586
590
599
590
600
606
620
615
614
617
623
627
633
633
629
619
603
614
610
614
618
624
625
615
612
606
608
619
620
621
610
607
617
637
643
633
633
614
640
627
646
639
639
657
651
639
648
663
658
634
649
638
645
645
629
635
637
624
625
624
640
639
629
622
613
618
636
641
626
625
621
608
616
633
639
636
643
636
639
646
630
629
628
612
621
627
630
614
622
633
629
627
618
626
624
603
602
610
591
595
585
594
626
615
608
608
606
594
592
601
606
604
612
606
597
608
612
626
627
636
623
634
634
626
632
627
623
629
628
630
635
630
614
618
615
622
612
625
620
603
607
613
614
613
619
616
609
604
614
602
615
603
597
604
589
594
604
597
599
587
591
581
593
584
561
565
570
586
574
571
568
571
554
600
600
588
597
581
606
603
597
585
572
588
585
587
582
591
584
591
591
594
592
601
606
591
607
606
589
603
610
605
599
595
592
612
602
610
599
590
596
595
591
601
589
595
615
608
610
628
625
617
618
609
612
612
609
628
620
621
621
629
626
630
621
621
612
613
599
594
589
586
581
589
586
593
595
593
603
590
579
590
595
588
595
603
596
594
591
600
593
589
595
590
598
603
608
585
589
601
602
575
582
586
578
587
593
597
599
602
596
594
590
589
601
585
591
591
571
581
586
591
585
577
580
590
591
600
563
558
567
572
579
576
559
559
566
555
575
593
591
609
598
610
604
602
597
598
606
617
611
629
642
645
630
619
609
621
605
601
607
622
626
613
602
600
604
599
598
599
598
598
607
613
614
614
628
632
634
605
603
601
607
618
616
619
622
624
617
610
616
620
613
615
611
613
611
627
603
586
595
589
604
616
609
606
623
611
612
610
615
609
608
608
607
584
580
585
598
587
596
601
580
583
591
579
584
584
600
600
592
598
597
581
587
593
590
602
604
600
595
591
580
583
583
573
595
594
601
596
611
612
598
606
612
596
589
587
579
585
590
608
600
602
609
609
613
597
589
614
617
610
596
605
608
644
650
640
630
630
616
622
603
608
590
596
596
599
590
610
611
623
611
630
624
617
613
606
613
623
600
606
589
599
592
593
589
577
557
578
583
591
587
583
601
601
597
610
600
599
597
596
599
597
592
583
589
577
586
582
598
602
612
604
607
618
609
604
620
609
624
612
614
612
598
590
606
601
605
615
591
607
617
610
605
629
621
618
625
606
595
586
600
609
597
588
602
602
596
594
598
591
598
619
613
619
613
616
598
595
599
590
615
623
637
638
630
629
622
615
615
622
626
636
636
638
645
650
638
645
640
637
645
636
632
636
632
624
625
625
637
624
640
623
622
621
624
628
625
622
628
625
621
621
606
595
597
623
611
613
606
593
594
593
580
601
601
606
590
587
597
600
601
596
609
623
612
609
595
595
586
585
584
597
603
612
617
605
624
607
612
625
627
620
615
602
599
600
594
611
603
606
635
628
615
615
606
611
599
606
613
608
616
611
607
606
595
607
610
597
605
601
600
603
599
599
594
592
605
619
627
622
621
616
613
605
610
602
613
610
612
595
604
613
611
616
618
609
628
612
620
619
615
623
621
630
628
637
628
601
609
620
615
606
604
600
610
614
612
602
593
602
612
607
617
618
618
610
620
604
616
601
611
611
621
611
624
610
611
596
603
606
602
602
599
603
598
595
608
611
607
611
627
620
619
606
620
617
608
618
625
627
624
634
614
620
615
615
607
603
607
617
620
620
609
614
600
615
619
631
626
609
611
610
605
607
609
626
618
620
628
619
628
618
602
593
609
610
608
597
604
602
616
613
626
616
612
603
608
608
618
623
614
617
624
609
606
603
607
616
612
616
610
602
601
619
607
624
609
613
624
610
604
603
604
598
600
590
602
610
627
629
633
626
636
643
648
644
624
598
590
597
610
604
594
600
603
603
601
610
609
628
632
630
630
632
625
632
632
640
632
641
635
636
640
618
604
616
609
609
618
617
616
611
621
627
612
618
607
612
609
599
597
602
592
603
595
593
593
591
589
600
604
589
595
603
606
612
603
606
595
603
612
609
622
608
626
588
611
619
613
616
625
635
621
621
617
624
637
628
634
629
623
631
628
628
637
633
626
616
606
616
609
613
626
612
591
584
592
589
593
601
610
618
617
628
626
628
636
630
625
624
612
627
609
611
615
617
607
621
625
604
626
617
612
631
645
648
639
634
633
636
647
628
632
632
646
622
633
628
637
648
637
641
640
616
623
623
614
612
638
612
627
615
625
603
620
622
619
614
605
612
631
648
638
637
646
632
626
620
632
621
633
619
627
634
623
638
626
630
640
640
639
647
647
636
632
623
629
634
625
628
621
620
620
616
615
601
620
614
612
637
630
619
639
640
643
639
641
641
643
637
606
619
619
615
609
617
616
622
609
612
623
631
638
614
602
601
584
588
599
602
610
607
605
593
604
610
616
619
615
627
619
645
631
616
612
617
621
605
616
629
624
617
600
617
598
604
606
605
614
607
616
616
611
612
619
612
605
608
594
609
608
609
618
596
601
609
613
614
595
589
604
608
607
585
594
605
602
612
595
601
603
591
622
605
602
599
601
605
607
600
586
590
595
584
571
574
581
594
608
600
594
614
598
580
586
594
592
580
581
586
602
584
587
570
585
575
580
586
557
571
562
575
571
569
565
541
562
580
571
565
560
559
578
583
579
570
583
583
598
606
616
602
604
594
591
590
609
617
609
614
620
622
620
631
615
610
603
595
599
589
598
593
600
592
592
586
588
590
601
592
602
614
614
608
605
610
609
613
592
589
603
597
584
591
581
579
605
603
589
585
597
600
595
606
617
619
613
584
609
597
593
591
611
602
617
595
583
580
593
592
600
606
607
603
597
606
620
620
620
616
607
627
623
618
624
615
614
621
603
608
627
637
608
607
592
606
608
584
590
602
607
613
609
618
604
613
600
600
620
628
637
627
614
601
598
608
621
616
638
622
622
609
614
632
627
627
622
615
591
602
612
616
610
608
603
609
610
610
610
615
619
620
619
623
625
621
602
620
605
591
604
601
608
595
602
615
596
590
603
614
622
632
631
625
631
625
619
629
622
606
600
611
618
621
603
595
592
591
601
589
591
581
597
594
599
605
615
627
629
617
619
630
629
635
614
624
623
626
610
619
611
612
614
600
591
592
594
614
613
631
633
629
644
631
617
611
600
609
623
614
616
620
621
619
621
601
609
604
609
609
611
616
616
611
596
616
630
617
611
610
616
621
611
586
601
602
587
596
597
580
590
605
598
598
597
595
592
595
608
587
577
599
596
595
602
593
595
610
593
604
600
604
592
581
594
610
625
634
621
613
621
608
609
591
583
587
601
583
592
597
589
592
598
597
609
598
614
620
605
605
603
606
597
608
603
618
626
605
590
587
581
597
603
609
603
610
598
605
593
605
613
610
596
604
583
600
595
573
595
601
594
596
608
601
614
630
633
629
624
633
627
621
636
608
608
618
618
613
594
601
611
614
619
625
618
607
605
604
601
598
604
601
608
609
618
626
620
621
611
618
619
608
605
605
617
627
610
608
614
622
632
626
644
639
631
639
627
633
619
614
626
619
632
645
640
629
634
614
622
602
606
599
593
602
610
614
614
597
591
597
588
593
593
595
601
598
607
614
624
624
628
626
623
618
614
613
628
660
653
656
635
645
634
628
617
615
624
631
615
625
620
619
618
599
595
612
611
602
602
602
612
615
604
613
614
619
619
615
600
602
593
611
611
607
606
603
599
601
584
573
578
582
577
580
581
571
588
586
584
602
599
602
605
596
595
600
592
579
585
584
589
589
592
609
620
617
618
630
641
622
632
623
624
632
636
630
624
608
609
602
600
614
612
609
629
625
632
631
630
627
621
620
617
611
601
592
589
595
592
590
583
597
595
588
598
599
592
612
608
607
602
610
607
591
583
603
600
593
601
611
604
592
576
580
592
599
607
592
582
601
584
594
611
605
616
603
591
596
594
598
591
590
596
573
605
582
584
578
604
609
596
597
599
597
606
618
613
617
640
622
631
616
606
626
611
607
599
599
589
587
595
605
629
609
599
606
619
623
627
628
631
625
615
610
600
611
590
601
599
605
614
616
613
605
620
605
604
611
619
607
610
609
597
606
602
606
597
606
595
598
600
595
603
593
589
605
613
614
623
627
620
607
606
610
591
612
614
617
621
624
612
623
596
591
594
594
593
590
596
596
592
616
631
636
632
633
646
644
636
627
621
618
621
615
620
596
599
583
600
585
585
576
589
565
579
594
600
606
621
614
614
609
617
608
616
612
626
633
625
629
631
623
621
607
606
597
595
592
600
595
599
611
601
616
619
615
613
613
621
629
619
620
608
601
605
607
605
605
609
614
626
617
599
612
618
599
600
594
599
601
586
604
612
614
616
613
612
615
611
601
619
628
621
614
616
634
620
626
608
617
623
632
650
621
619
617
620
613
617
624
624
611
605
618
598
615
610
617
618
613
618
629
621
605
600
610
609
605
621
626
627
625
637
627
638
632
630
621
620
612
615
619
616
620
627
642
655
637
621
631
627
631
622
611
616
605
607
612
620
608
614
627
610
613
617
634
624
620
639
623
613
619
612
620
610
614
621
631
640
636
650
654
653
633
628
637
632
653
634
641
641
639
647
627
636
625
631
627
609
616
603
613
611
610
619
614
607
608
607
608
610
603
589
599
606
615
614
592
614
611
611
615
618
626
623
623
635
633
626
616
608
610
604
618
620
624
623
632
619
607
611
616
618
618
599
615
614
616
616
610
612
623
628
630
622
624
627
620
621
615
599
611
603
607
617
617
620
626
615
632
615
597
598
607
616
626
619
609
619
617
613
613
597
601
617
613
614
612
608
620
619
618
626
616
629
634
645
645
626
630
619
614
617
603
609
621
627
625
628
622
637
639
632
622
618
631
622
608
590
584
588
608
595
580
596
575
562
578
568
581
587
587
598
606
609
621
618
621
612
611
617
630
621
617
607
612
636
639
640
626
630
630
610
627
618
608
611
619
621
620
630
629
628
623
636
612
623
627
631
644
635
635
625
614
606
608
619
623
618
624
609
608
611
612
603
599
623
621
614
623
631
617
622
611
628
629
621
625
612
609
608
597
603
593
588
591
567
588
589
607
587
596
596
590
605
587
602
601
591
591
599
585
570
565
573
564
564
573
587
590
587
590
600
594
594
612
607
617
609
615
611
592
603
587
581
584
574
574
574
583
605
596
587
587
586
605
608
602
602
603
601
607
597
608
608
611
616
633
625
626
629
641
629
629
621
625
631
623
625
637
622
628
601
600
596
606
600
604
619
614
618
615
624
632
626
609
603
609
611
614
614
624
616
613
620
628
614
594
601
579
605
603
573
569
589
593
594
596
604
607
598
609
608
602
605
614
619
621
622
631
598
618
607
615
619
618
616
612
622
629
621
612
629
637
627
627
627
614
612
614
617
612
634
634
629
636
636
631
625
630
630
621
629
639
642
633
633
631
630
629
614
632
636
626
615
612
601
597
605
598
593
608
621
645
624
631
636
620
627
619
621
610
589
598
588
594
586
603
614
613
622
618
628
627
618
620
613
614
617
614
596
590
601
603
608
592
605
594
603
614
619
618
614
607
615
611
608
617
593
613
608
618
612
616
618
619
599
603
605
607
602
613
611
624
617
627
619
623
621
625
614
641
626
610
616
629
627
634
636
633
628
632
635
631
625
633
633
627
633
627
628
621
617
620
621
620
631
637
614
618
620
623
626
617
610
609
617
620
623
602
618
646
622
622
622
614
637
627
630
611
611
600
607
608
601
585
585
578
574
580
572
574
580
575
581
572
560
553
569
576
565
572
587
587
589
591
607
599
587
600
591
600
602
607
621
615
599
604
593
605
605
591
590
592
607
605
614
616
621
610
611
603
596
597
604
591
585
597
592
593
592
596
586
584
580
579
571
581
571
582
582
567
571
570
553
560
562
545
560
568
567
543
564
554
554
543
551
558
581
579
585
572
567
566
563
561
543
551
561
571
573
559
570
568
571
596
578
567
582
573
579
578
570
575
580
582
584
578
579
581
578
555
568
563
545
545
554
546
575
573
579
583
582
581
588
600
594
590
599
607
602
583
600
591
581
584
583
594
589
593
603
606
625
626
633
608
614
617
617
612
610
617
606
606
606
605
618
606
604
605
617
617
609
611
608
610
617
597
618
617
622
611
604
589
603
604
600
606
604
594
590
608
592
585
593
584
598
593
596
597
611
604
577
577
583
585
581
584
579
586
580
592
586
592
597
592
606
599
595
588
567
578
579
576
563
567
562
568
573
573
584
584
582
568
578
574
563
591
580
574
580
572
553
559
549
554
548
549
534
550
561
568
582
570
573
587
580
577
565
562
573
558
575
593
590
596
595
587
569
572
578
577
583
591
561
575
591
582
583
582
598
595
596
594
586
583
589
593
598
588
583
576
576
596
595
597
602
607
598
587
594
588
594
586
580
590
584
589
576
572
569
561
554
551
550
551
552
562
544
550
558
552
554
549
551
552
562
573
564
556
566
566
558
547
566
564
566
575
582
590
580
587
591
577
590
570
570
580
573
587
573
577
581
582
572
576
595
604
589
589
586
582
573
576
573
574
567
563
559
570
562
571
566
583
573
575
581
586
579
603
592
583
582
584
573
565
556
560
560
552
555
547
559
556
558
564
564
565
578
573
577
563
565
567
557
567
558
569
577
570
566
570
555
570
560
561
551
568
576
590
586
596
602
603
596
613
616
607
606
595
612
609
609
611
610
617
609
602
579
593
587
588
595
599
605
597
588
598
585
591
602
610
601
596
590
583
580
582
596
587
587
595
596
597
594
590
567
591
581
595
602
603
579
593
584
582
586
603
594
590
582
600
584
580
572
570
567
577
567
551
560
562
549
559
552
549
543
546
575
571
583
580
572
582
586
594
593
590
585
579
566
584
585
567
575
593
585
601
595
587
596
575
584
586
584
576
567
572
571
573
579
572
574
573
573
570
568
563
567
571
569
552
551
554
561
562
546
538
550
532
537
549
538
540
549
545
561
575
570
567
572
577
564
580
580
582
572
576
589
584
567
577
581
583
592
569
568
574
578
589
584
585
572
555
537
545
550
546
543
565
565
558
550
551
547
554
560
556
556
555
544
557
551
565
563
572
573
565
563
559
564
536
552
536
547
543
547
549
558
558
567
557
557
562
542
555
563
544
541
532
532
539
544
547
545
553
578
580
561
559
555
546
551
560
559
565
559
571
572
567
567
577
573
582
573
569
576
567
571
557
548
559
575
571
555
568
567
572
576
597
586
592
584
572
556
567
563
562
566
555
564
580
576
592
584
570
554
556
561
558
557
554
548
550
557
543
551
550
537
540
526
533
536
561
565
563
563
578
563
569
558
556
557
552
569
589
584
580
580
578
568
560
552
546
562
555
550
547
535
533
535
551
534
535
535
535
536
538
549
551
551
557
544
554
566
554
556
548
532
534
543
539
543
548
544
548
553
552
547
550
567
548
551
543
554
547
568
568
564
564
561
556
546
551
554
554
554
566
559
555
557
544
559
550
550
555
563
567
569
576
573
576
588
588
577
587
559
575
573
566
570
565
562
555
560
550
556
571
581
579
577
561
565
566
584
569
559
564
568
587
584
579
582
571
559
555
554
550
549
565
557
574
572
571
576
561
557
540
545
549
547
566
559
556
562
564
569
567
563
566
578
594
592
600
595
585
604
592
605
594
586
576
568
575
562
562
561
566
573
553
561
547
566
553
555
568
567
572
565
562
587
570
570
594
585
593
579
588
591
578
590
577
573
587
583
585
578
585
564
559
570
573
571
571
567
571
570
574
566
563
540
552
551
550
551
551
563
558
566
566
561
551
557
548
554
545
544
563
571
575
567
568
586
590
581
579
572
576
559
567
566
570
568
572
571
570
563
568
558
553
549
562
575
572
582
581
566
591
584
584
559
552
563
574
584
602
602
589
584
580
558
577
582
589
606
613
608
612
602
600
587
599
586
570
566
573
577
566
574
563
554
550
548
558
558
560
554
550
552
545
553
552
553
550
557
554
551
555
555
565
560
567
559
565
543
565
555
535
542
541
542
536
542
531
553
537
543
543
540
546
549
559
560
559
564
577
572
563
555
566
573
565
577
562
554
555
555
557
563
584
577
585
566
568
563
559
566
571
574
571
561
552
553
547
543
543
554
548
554
563
551
547
530
546
546
541
553
550
548
555
544
558
564
568
564
576
575
582
587
590
592
600
581
590
575
585
580
589
587
571
567
554
560
564
586
594
589
586
588
586
574
562
564
579
572
567
572
558
545
554
547
547
555
560
550
548
548
557
571
569
578
576
569
564
551
558
567
577
563
566
575
579
594
584
576
582
597
580
563
572
574
573
580
572
556
561
554
558
553
550
560
562
557
564
551
548
552
561
557
551
541
546
549
550
559
564
579
587
582
578
578
579
579
574
593
581
576
580
555
568
563
563
566
575
567
564
565
576
575
577
562
565
567
572
578
567
570
578
568
551
565
581
581
581
579
588
577
572
577
585
578
591
589
582
576
589
588
594
583
584
601
596
595
606
585
608
595
589
582
588
600
610
600
594
587
585
581
583
578
574
582
562
557
572
584
586
596
595
596
596
590
585
590
579
589
590
599
589
592
585
566
571
569
574
577
586
571
566
583
569
566
564
559
565
567
572
568
562
576
560
554
561
565
551
558
559
555
567
577
575
585
580
575
565
569
558
553
538
543
533
530
528
542
540
556
558
557
550
551
542
537
538
538
561
546
572
575
564
550
540
556
548
539
534
561
569
558
555
552
549
562
563
539
550
541
563
558
565
555
559
561
557
566
544
549
552
544
550
540
531
525
523
531
534
540
545
531
541
540
550
539
545
542
542
523
514
523
531
531
543
538
538
552
528
536
551
549
565
565
564
580
582
577
578
580
581
587
591
569
574
572
574
563
577
571
551
563
567
569
563
570
562
565
569
586
594
590
569
577
580
595
604
606
611
603
603
598
589
597
599
580
589
590
602
583
579
583
564
574
573
576
568
565
584
566
572
577
577
576
560
570
568
575
581
579
573
583
574
577
564
557
554
537
551
569
576
585
588
573
587
574
566
574
573
565
573
576
582
587
582
591
594
581
585
568
558
568
565
574
571
575
575
579
566
566
571
574
576
566
559
554
553
564
569
573
557
558
564
556
560
538
542
545
546
533
537
532
530
542
548
551
541
559
571
580
581
576
570
588
595
599
602
596
583
582
581
572
565
555
560
564
555
558
574
578
568
562
562
564
577
572
578
580
591
564
565
580
561
564
558
564
567
575
565
586
563
580
561
572
546
569
557
573
569
585
575
571
567
566
558
558
569
577
584
594
588
581
583
589
577
590
572
591
584
584
585
587
575
583
578
584
584
590
566
569
576
587
582
574
580
577
573
589
592
592
593
581
585
591
604
583
583
567
568
580
577
559
557
558
569
582
581
567
571
564
562
558
561
569
566
563
557
562
555
553
548
544
540
552
560
551
548
557
565
561
570
586
588
595
590
609
595
606
593
595
597
583
574
572
587
575
590
591
589
588
591
573
577
566
559
558
561
566
561
569
571
567
561
557
577
551
556
565
568
576
577
583
579
595
579
569
564
578
562
568
585
581
579
576
568
558
551
561
551
566
568
562
557
555
545
536
556
564
563
559
559
555
542
556
562
548
558
549
561
563
562
572
572
587
576
580
570
565
563
574
581
576
578
578
572
571
568
573
572
578
572
557
575
564
556
557
560
569
579
563
565
570
562
585
566
578
567
559
561
572
573
586
591
581
579
572
568
553
558
548
537
554
533
538
556
557
558
549
552
551
558
565
563
565
551
550
541
533
547
541
547
544
551
559
550
545
547
562
547
552
560
561
558
556
582
562
568
556
567
564
572
565
573
577
592
582
580
576
576
573
569
584
578
584
581
578
581
576
576
573
579
581
578
585
579
582
582
588
588
587
585
588
594
578
568
575
569
559
570
559
571
567
569
573
569
573
589
576
574
589
596
571
584
581
580
577
585
578
581
584
588
587
604
589
600
592
591
597
594
589
597
607
602
599
590
600
604
612
606
592
582
572
568
572
569
570
562
569
581
575
578
567
564
568
567
558
563
575
582
591
586
583
580
593
596
590
591
598
601
587
591
583
585
576
574
566
565
554
556
566
552
566
558
562
576
577
570
563
570
569
557
557
546
536
539
528
544
553
552
563
553
549
558
562
542
531
537
559
554
564
568
560
554
552
545
545
548
567
562
539
543
544
554
550
543
553
555
552
555
555
547
573
564
572
568
562
577
572
567
571
584
580
597
600
599
590
588
606
597
599
595
600
597
588
579
567
561
562
566
546
555
558
546
533
540
533
534
534
536
540
540
532
512
517
517
500
515
524
504
506
506
511
523
516
520
517
530
517
519
523
551
552
543
537
525
543
538
537
527
535
523
525
533
526
527
517
524
534
537
525
527
535
522
533
527
525
518
526
513
526
529
516
505
508
511
525
524
532
540
536
514
501
513
527
518
527
528
522
515
512
505
522
533
522
533
529
507
516
531
534
530
531
514
531
531
516
521
515
520
519
524
534
529
527
529
514
516
521
528
525
523
541
543
519
529
534
526
527
536
532
531
529
542
540
541
529
551
543
542
535
527
523
526
535
534
522
521
527
521
522
520
536
539
522
532
537
550
537
538
529
526
525
527
527
533
523
525
527
527
510
507
497
505
500
507
508
496
513
512
521
536
516
533
538
545
550
529
518
520
535
528
541
534
533
533
523
528
534
538
553
547
554
552
547
533
545
554
549
553
552
538
531
524
524
526
524
527
527
533
539
538
530
522
520
524
548
540
536
529
540
536
530
535
532
519
516
512
501
500
511
515
511
513
516
522
538
539
554
547
551
552
522
516
523
525
529
527
539
527
520
522
537
536
540
534
532
532
537
538
534
541
530
543
534
531
525
515
513
511
514
510
519
525
532
521
528
521
513
513
510
514
523
529
529
530
539
534
531
526
519
515
502
486
512
517
526
531
535
527
526
525
523
523
524
527
539
543
544
537
530
535
540
559
575
575
569
571
548
567
541
552
552
553
561
547
538
551
540
558
556
555
555
558
555
537
550
542
533
539
542
520
523
530
539
533
532
518
527
534
539
542
543
549
549
544
533
545
538
530
549
540
538
541
531
530
542
530
535
524
524
529
506
525
530
518
532
535
540
533
532
530
516
528
523
553
545
533
520
527
522
534
536
538
532
543
530
521
523
525
523
522
532
531
543
546
551
546
540
538
516
516
523
523
504
508
513
514
513
512
513
520
520
523
513
511
515
516
531
516
498
509
513
524
527
539
539
529
534
525
530
518
505
503
517
519
513
523
525
523
534
521
519
522
515
522
530
534
533
539
543
528
541
548
548
541
529
535
538
536
530
517
519
517
516
515
511
523
523
528
534
533
549
546
541
544
537
528
539
545
546
555
545
554
543
544
535
526
540
541
541
530
545
548
537
516
519
524
522
526
530
528
545
558
544
541
541
532
527
531
536
551
535
549
528
536
528
515
521
532
528
536
545
538
539
541
538
540
548
531
530
520
508
517
517
534
537
542
527
550
527
526
514
505
516
519
530
512
535
549
540
534
530
541
523
519
520
516
502
511
505
504
510
521
519
501
499
498
515
510
523
536
536
538
553
546
553
554
534
532
529
526
527
518
498
499
504
516
502
506
501
505
497
512
506
514
508
507
504
500
504
489
491
495
500
509
498
497
498
492
493
486
499
504
512
506
519
510
507
507
497
504
501
507
498
484
496
491
488
500
520
535
521
506
513
513
502
502
513
521
527
529
533
537
536
521
521
532
528
535
534
539
537
546
546
540
551
559
546
539
540
539
549
551
548
546
541
538
540
524
532
536
525
535
524
522
536
541
540
544
541
550
539
533
530
540
543
535
544
544
549
553
553
544
532
524
542
535
540
536
521
520
530
544
543
550
560
550
548
540
540
522
518
526
524
526
510
520
506
516
511
504
516
517
501
501
498
504
496
498
517
514
518
520
508
507
509
501
501
499
495
516
497
502
508
508
509
506
496
514
509
513
521
502
519
519
527
523
516
522
527
511
510
515
524
520
525
529
527
518
533
531
524
536
531
524
516
517
515
518
529
523
515
513
531
521
539
515
525
541
554
546
540
537
532
534
554
530
541
542
542
531
543
534
546
539
542
536
534
530
533
529
523
547
527
522
505
506
514
525
525
534
528
511
521
515
513
506
522
518
524
522
531
517
535
530
521
534
524
520
519
523
527
516
531
549
535
537
530
548
556
548
555
566
558
547
552
525
521
525
527
532
544
537
532
520
524
534
527
512
528
512
499
502
506
516
522
536
511
516
516
521
522
514
516
527
526
532
528
539
527
523
534
529
533
544
550
548
546
531
527
529
527
525
535
530
524
540
532
530
520
524
541
543
527
525
524
521
524
519
519
523
520
530
526
530
534
537
542
538
538
539
533
530
531
521
531
516
522
525
534
514
518
525
529
519
522
506
515
531
535
536
533
538
541
533
539
532
527
527
532
546
540
534
542
530
525
539
533
522
522
530
538
516
515
511
521
506
524
514
506
518
522
519
522
531
526
530
529
531
529
525
523
520
522
530
538
532
538
528
532
539
544
551
538
534
528
523
538
527
518
527
537
531
549
545
538
536
528
534
529
530
524
512
504
512
513
514
543
557
543
561
553
556
555
553
545
536
543
537
555
550
559
574
561
544
529
536
534
532
520
518
527
538
538
539
535
546
531
542
535
523
534
522
521
511
506
504
515
516
517
532
538
518
525
524
509
516
504
507
510
516
525
498
511
506
524
511
520
523
526
524
500
509
508
520
516
511
514
520
518
523
529
525
509
514
492
521
518
541
532
526
517
542
523
526
515
505
510
514
517
516
512
516
518
524
520
514
513
505
504
514
512
512
509
509
518
514
524
542
540
539
539
520
514
517
526
517
516
522
507
515
505
527
512
513
525
524
530
542
540
547
550
564
554
535
529
515
524
529
527
510
512
505
519
521
526
533
542
533
540
528
529
532
547
539
544
543
549
547
535
547
536
533
543
538
538
537
542
534
529
521
529
528
518
510
519
528
531
526
531
519
510
517
526
519
516
520
517
496
528
530
528
513
515
513
520
524
511
519
517
512
511
527
532
525
532
525
512
511
509
501
494
497
507
488
495
500
493
499
502
510
506
518
512
499
499
501
498
502
500
504
503
503
495
485
504
496
492
496
489
501
499
488
508
503
495
513
523
515
515
511
493
484
495
502
498
494
494
491
472
470
472
474
492
483
469
486
496
507
506
497
489
499
506
514
506
502
530
527
515
525
519
520
529
534
537
533
529
542
549
542
549
548
550
549
552
560
542
548
547
525
541
525
546
555
544
543
559
551
562
557
548
525
526
529
526
525
515
519
527
535
533
528
519
523
530
529
533
523
539
535
536
528
527
530
528
534
537
528
530
534
533
508
522
528
531
533
529
524
524
531
526
531
538
533
534
550
530
538
543
545
535
561
554
550
561
551
554
551
560
551
564
563
544
548
544
546
531
528
530
524
540
543
537
536
550
552
548
551
545
557
536
548
539
540
553
551
546
546
557
556
549
551
544
532
533
532
536
542
524
529
531
543
532
517
515
524
521
522
534
533
524
529
524
531
525
513
515
533
540
538
523
532
519
528
529
514
524
538
527
529
533
516
525
526
524
544
520
529
513
522
523
517
508
512
530
521
529
523
519
522
515
538
537
522
525
521
518
524
522
506
508
505
499
506
493
499
496
499
499
482
496
496
498
501
494
492
485
482
491
480
489
494
485
491
502
493
512
509
516
507
525
519
510
504
515
516
503
506
512
511
518
514
521
533
530
512
527
521
524
508
506
500
511
513
513
512
500
498
503
514
514
514
504
511
519
528
528
525
533
526
524
528
530
513
529
515
521
522
519
500
514
511
518
511
510
523
515
499
515
507
512
512
514
512
513
503
513
514
520
513
536
523
514
522
529
532
532
521
513
521
520
525
519
506
510
507
521
518
518
518
518
521
515
525
509
523
512
511
506
502
502
497
525
516
505
513
495
498
502
501
492
482
483
474
474
476
483
501
502
502
522
516
528
517
497
504
510
513
513
531
533
533
536
534
539
528
529
518
509
502
507
511
509
502
509
517
519
521
534
517
529
521
534
519
515
516
521
526
508
519
516
514
512
520
511
521
518
509
521
528
535
524
535
537
532
531
529
551
543
539
540
552
543
535
533
529
534
526
531
526
528
529
536
532
529
527
514
523
523
530
532
523
528
545
547
545
539
550
549
553
547
536
532
528
535
532
537
544
553
548
537
533
527
510
509
512
524
531
529
545
538
542
539
539
519
525
530
528
530
528
539
535
518
533
514
525
538
539
520
534
531
526
539
544
543
543
536
540
535
534
546
543
536
553
547
553
562
550
538
539
540
536
547
531
542
538
539
521
530
528
522
520
521
497
500
515
533
525
531
525
543
539
547
537
549
547
538
533
543
540
546
542
529
524
537
552
548
562
553
550
542
527
535
546
542
539
536
536
528
525
531
519
529
523
516
514
511
526
518
514
518
522
530
510
509
498
511
513
513
511
497
492
508
507
502
495
499
519
514
515
518
524
527
514
498
507
515
512
521
513
513
518
506
508
499
512
521
511
521
512
517
527
526
530
531
530
549
540
533
540
539
546
546
552
552
554
552
558
548
539
537
536
523
546
525
533
528
537
538
537
542
537
529
536
542
546
538
542
541
547
548
547
547
551
552
564
552
537
530
536
532
540
539
548
540
542
535
537
533
534
529
545
521
533
518
519
528
537
532
525
530
516
531
529
516
511
525
525
518
517
525
527
524
534
538
543
550
553
561
553
541
537
529
517
523
523
498
493
506
513
507
525
524
509
508
507
521
535
536
532
532
533
524
536
533
519
531
526
526
538
535
535
521
519
516
524
527
510
530
526
533
535
530
537
527
531
524
522
532
544
533
525
526
538
529
529
523
517
521
525
512
524
534
529
522
517
521
516
498
503
507
526
509
510
507
507
506
499
494
487
503
504
506
513
512
507
516
516
507
507
507
511
515
517
522
521
512
517
520
523
536
534
531
532
522
516
516
522
527
521
514
519
525
508
505
520
496
499
490
500
513
522
521
526
538
555
543
544
535
539
526
520
524
522
505
515
520
518
513
517
527
530
533
535
524
526
521
527
525
530
531
522
527
540
533
525
530
517
521
525
523
530
504
521
514
520
515
509
506
521
528
520
524
533
517
500
502
496
488
493
494
514
532
526
513
502
516
519
511
519
509
528
521
531
518
509
514
506
515
513
513
514
513
535
531
530
530
530
527
519
514
533
539
535
518
530
524
515
495
513
510
505
512
490
501
507
499
495
498
489
504
504
502
512
508
511
505
517
524
533
529
532
519
515
515
533
547
532
536
536
526
518
517
515
514
519
508
514
511
510
500
495
493
491
490
483
482
481
475
472
473
483
475
486
477
492
498
501
506
516
518
527
514
512
509
513
523
521
518
510
524
521
526
512
521
519
514
511
515
510
504
520
519
533
526
517
510
507
502
516
510
504
507
512
513
506
513
524
527
518
515
502
517
504
504
502
507
504
510
508
506
505
495
497
491
490
499
501
501
508
498
498
490
488
490
481
489
495
500
500
492
503
509
507
495
499
500
506
506
494
500
487
485
475
485
485
510
511
511
501
516
501
499
509
504
492
508
509
505
488
513
521
522
509
511
511
516
514
509
505
492
490
486
489
484
499
497
485
490
507
513
497
506
514
514
494
494
494
493
498
508
508
526
520
516
513
514
508
497
476
499
491
494
521
514
507
497
479
507
515
499
497
518
515
519
514
532
528
515
514
516
510
519
500
522
514
531
533
507
494
515
515
515
527
521
518
507
508
507
510
501
491
500
494
508
496
494
505
508
506
502
507
518
513
516
509
498
523
508
524
539
531
535
534
522
524
518
518
516
517
508
508
519
528
529
534
536
535
529
528
524
539
528
511
511
497
502
527
523
501
504
513
526
527
523
530
528
518
516
521
524
503
507
502
495
497
496
490
493
489
487
480
484
478
492
490
488
497
505
506
512
518
511
515
516
513
525
510
516
524
531
530
519
529
511
520
505
504
490
520
523
518
504
510
515
524
501
502
506
498
507
500
505
516
515
504
497
493
481
461
464
475
474
477
477
493
478
491
490
489
499
498
498
496
508
511
519
522
519
521
