450
432
425
434
435
449
443
437
438
445
433
429
432
433
430
431
431
433
418
438
438
448
450
444
440
436
426
424
431
426
427
431
430
444
425
434
435
448
459
451
440
437
427
423
429
438
432
439
431
421
423
428
425
426
409
411
390
401
410
406
413
407
413
419
419
420
416
402
409
424
423
416
406
417
431
428
430
418
424
404
407
415
432
422
422
422
424
432
433
436
426
441
425
434
433
435
438
425
437
418
413
417
421
414
411
426
429
434
439
426
443
418
424
425
411
402
410
401
409
396
398
407
401
410
408
410
413
416
424
432
421
418
421
419
410
405
428
419
416
429
442
456
449
446
448
446
438
429
427
415
411
413
421
421
417
409
412
413
417
416
417
404
412
410
421
418
422
416
407
392
383
368
378
383
385
391
390
393
389
395
429
425
431
428
408
419
403
403
417
412
416
414
414
399
398
395
391
399
396
398
403
400
402
390
384
388
391
403
396
387
373
376
378
364
366
371
369
356
360
365
372
365
365
374
372
377
387
393
395
400
411
395
410
420
424
413
414
410
403
408
403
392
388
388
389
376
388
398
394
384
390
383
365
365
375
371
375
369
394
399
396
400
404
387
396
409
405
415
421
405
410
396
398
402
406
414
402
408
404
406
392
382
398
394
391
394
394
395
391
375
380
382
400
397
397
400
404
406
394
388
386
381
380
378
362
355
359
375
368
368
374
375
379
383
385
390
388
392
401
398
404
403
409
410
420
415
406
408
408
404
393
399
401
403
415
405
399
414
416
423
425
433
426
433
423
428
420
419
406
424
427
425
421
416
433
424
418
419
419
414
409
412
415
402
403
402
413
410
413
410
400
397
400
401
406
408
395
394
402
393
399
387
383
401
407
400
398
389
384
392
382
397
398
396
392
393
389
387
388
387
398
390
384
375
374
380
387
401
388
381
383
370
378
376
374
378
382
381
368
366
370
378
371
374
372
385
397
395
389
399
393
397
399
404
396
402
406
412
406
395
385
373
378
378
378
389
375
372
374
384
384
390
381
377
379
384
377
390
397
399
399
402
395
394
404
390
376
383
382
372
373
382
395
387
369
382
389
393
392
375
378
382
377
369
379
392
390
379
371
383
367
378
375
394
392
388
389
386
394
387
375
375
380
385
379
370
383
385
368
372
384
391
399
399
391
387
381
387
373
371
372
376
379
377
380
378
379
379
388
393
374
384
395
381
390
370
363
370
373
362
375
366
367
370
378
370
380
376
366
372
360
374
363
377
378
391
396
396
383
398
398
400
406
397
387
386
378
388
399
396
393
405
400
396
389
392
395
390
381
382
375
392
375
372
372
372
366
381
384
380
371
376
376
382
377
369
367
376
368
379
376
382
378
398
388
380
382
374
403
387
369
367
371
385
386
377
377
380
377
377
380
373
373
361
371
371
362
367
365
369
368
367
372
375
367
371
376
370
378
373
361
371
363
369
369
360
369
353
367
382
384
385
391
395
396
398
392
397
389
390
390
381
377
389
375
373
373
374
377
370
374
382
381
378
376
376
388
383
376
372
377
372
380
389
379
375
372
354
362
371
357
362
353
359
360
374
372
375
366
371
357
346
359
361
359
368
358
357
364
372
386
378
369
375
364
355
358
358
349
348
365
356
358
354
351
352
349
360
375
366
374
368
365
354
352
341
346
342
356
348
356
362
383
385
374
368
372
362
369
369
362
368
360
378
373
369
381
376
379
378
385
374
373
382
393
386
380
376
375
370
372
380
377
383
390
394
384
384
382
377
370
369
364
354
353
360
346
358
366
367
364
364
369
362
375
371
379
384
376
386
371
368
363
365
364
363
373
374
365
373
367
374
372
374
371
371
367
361
355
357
355
358
355
354
355
348
359
354
360
372
368
352
356
361
360
356
356
350
350
347
343
346
349
336
335
341
340
348
345
345
351
359
357
351
360
358
367
363
351
351
349
351
340
334
343
345
341
347
354
360
361
356
354
360
360
352
349
336
339
348
339
342
345
351
346
342
327
339
331
330
333
335
350
354
354
351
345
354
352
348
340
355
347
346
345
355
351
358
350
365
358
356
354
353
350
363
351
356
365
370
362
373
366
376
365
374
379
368
353
365
354
351
357
360
368
371
366
362
372
364
366
362
353
367
358
365
376
374
364
371
365
350
354
362
367
364
357
374
363
364
360
358
370
360
362
365
363
357
363
359
343
350
361
370
374
382
387
377
376
368
357
355
375
375
377
372
369
380
376
376
363
370
369
374
377
378
379
374
377
376
380
368
361
359
359
356
352
349
352
359
351
356
371
374
371
351
352
348
349
345
355
337
330
340
342
343
340
347
349
357
358
364
360
351
374
375
381
369
357
350
348
338
341
337
349
344
347
355
349
352
360
370
365
364
368
355
359
353
349
349
342
352
347
355
348
356
351
351
350
346
346
345
357
361
359
361
367
368
366
378
377
379
380
379
370
367
385
365
363
358
354
355
348
348
362
370
376
367
368
362
367
368
364
361
358
360
359
356
354
356
344
340
361
347
350
352
338
351
345
340
343
351
353
349
348
352
347
345
355
372
370
372
355
361
347
347
334
343
337
346
348
359
357
352
356
368
374
365
352
360
358
365
375
379
376
374
362
366
369
373
365
366
364
370
378
379
372
383
375
378
372
371
362
366
355
354
362
363
366
369
359
358
358
363
369
366
374
385
387
389
381
382
385
377
377
377
370
364
371
372
361
351
340
340
355
364
365
361
355
346
350
356
360
353
359
352
344
354
364
367
361
359
360
364
356
368
357
361
372
362
361
371
370
378
379
366
345
330
337
324
310
318
321
337
333
336
331
338
322
317
319
323
334
340
345
338
338
333
329
322
326
332
317
329
322
327
325
327
329
328
344
347
340
329
332
334
330
334
335
330
335
329
337
329
325
322
314
325
324
325
320
324
326
334
341
334
337
340
351
343
339
342
340
325
325
330
329
330
333
336
340
346
337
336
342
343
339
342
342
327
327
326
329
323
332
322
316
317
312
321
324
328
323
325
322
322
322
331
323
324
327
328
326
334
322
308
318
329
325
322
328
328
328
327
332
336
328
329
331
326
335
340
338
348
353
344
339
339
337
330
339
338
330
335
322
329
325
332
331
331
334
335
333
324
318
317
319
315
319
315
318
306
308
312
310
315
314
310
328
318
329
325
334
330
323
324
311
313
334
340
336
341
357
356
352
352
351
341
342
342
344
345
337
348
330
341
331
318
321
316
328
347
342
329
327
324
330
329
313
324
332
326
317
319
307
310
293
294
290
288
291
298
303
295
307
310
303
311
327
325
326
315
322
328
331
328
325
322
320
319
306
312
312
312
307
308
318
321
304
306
311
309
302
306
296
295
292
298
307
303
297
318
312
323
323
331
341
343
336
325
324
338
341
331
323
325
324
327
325
326
313
315
319
321
325
341
349
335
338
345
352
350
337
346
338
337
338
326
323
330
318
300
303
310
299
308
314
306
312
319
335
341
342
333
342
339
330
317
337
330
320
324
319
329
325
327
327
321
321
329
330
324
335
339
326
327
319
311
326
319
322
319
328
326
334
336
330
342
339
354
346
334
357
336
343
360
363
358
350
347
356
357
355
369
362
361
342
347
355
359
350
360
360
364
359
354
347
339
339
341
337
338
344
352
351
346
352
352
349
345
343
344
329
336
344
339
337
338
332
336
338
333
329
335
315
335
326
329
338
325
325
322
329
329
327
332
329
335
332
337
340
335
341
344
338
355
352
343
330
336
319
313
322
318
305
318
326
334
328
321
324
334
331
328
329
342
352
350
354
356
349
344
343
357
345
335
328
324
322
322
309
315
313
319
319
317
324
320
313
320
306
319
306
300
300
313
304
295
302
293
299
303
307
308
319
323
326
332
332
324
330
334
333
325
330
329
319
306
314
317
315
326
327
341
331
333
329
331
322
324
332
331
327
323
325
307
309
312
316
307
319
310
306
306
303
308
316
310
311
315
313
303
308
312
319
314
313
314
301
298
293
304
307
298
304
296
296
293
293
301
288
292
305
293
282
292
299
310
317
323
328
324
324
318
312
304
323
314
317
325
335
327
330
331
319
324
315
305
304
293
295
288
286
300
286
280
290
295
293
295
303
313
306
298
303
292
294
294
287
286
292
284
287
297
291
300
294
282
278
284
277
284
288
300
289
291
299
293
297
286
284
293
282
286
284
292
290
288
289
279
284
276
280
276
272
265
264
259
259
254
255
263
263
278
273
275
267
270
273
276
259
257
270
268
270
272
272
269
275
270
265
269
264
259
262
271
254
262
256
265
269
269
276
271
256
257
250
261
262
260
259
259
266
264
254
260
271
277
273
267
267
267
266
272
266
280
279
275
277
278
288
292
286
283
276
271
272
267
263
276
266
261
256
263
256
272
266
257
245
246
244
250
261
261
271
262
263
245
247
254
259
256
248
246
247
256
260
263
264
259
253
250
266
263
262
265
273
274
268
274
264
258
274
261
250
259
261
260
249
252
260
272
267
274
280
290
280
279
295
296
301
304
307
295
292
281
282
273
270
278
274
279
284
288
279
277
271
274
277
279
277
274
272
280
273
260
271
267
267
277
276
281
277
276
273
278
280
284
274
286
278
284
302
298
296
290
296
289
287
290
291
278
274
286
287
281
288
292
285
283
283
281
287
283
282
288
288
288
287
290
284
280
286
289
283
276
274
282
282
283
278
275
277
269
277
293
275
269
275
273
264
274
265
271
260
258
253
264
273
274
263
259
270
264
258
261
261
261
270
276
263
276
272
261
268
265
255
266
281
273
272
280
270
259
266
262
260
258
258
255
244
251
263
263
256
260
261
255
257
258
257
272
272
265
261
259
255
258
253
253
260
255
256
257
252
244
251
247
246
246
248
244
244
236
242
235
239
240
232
247
251
259
268
262
257
252
255
266
255
252
245
242
240
247
245
235
232
233
234
236
238
225
238
230
230
242
241
250
251
252
252
246
244
244
243
248
233
237
234
228
238
236
238
235
236
226
224
233
234
245
242
252
239
232
236
227
219
227
228
223
220
225
214
218
215
222
217
219
213
219
218
219
217
229
224
241
233
225
233
235
226
226
224
223
211
221
227
227
232
228
226
224
238
231
225
227
232
225
233
231
237
223
235
249
252
255
243
242
245
244
242
245
243
238
231
232
231
222
214
215
211
221
218
207
207
206
212
218
218
223
219
228
221
224
216
209
207
218
220
228
232
228
229
235
236
233
228
236
251
244
258
244
250
235
240
244
251
244
244
248
243
239
238
237
247
247
251
257
241
245
242
231
226
246
236
232
234
246
240
240
234
230
226
222
232
231
238
234
234
231
232
233
235
222
227
230
245
234
238
238
234
236
233
229
236
234
231
230
224
240
230
239
243
253
248
251
246
243
232
237
238
248
247
244
242
236
228
229
231
223
237
243
235
243
235
241
242
247
253
251
251
251
248
251
251
253
257
250
249
252
250
255
254
252
251
246
239
243
246
251
262
255
249
245
247
261
257
241
241
240
240
247
251
251
254
254
250
252
258
244
251
254
252
255
241
242
255
246
249
245
242
241
234
232
240
227
222
228
228
223
230
230
247
251
245
243
246
244
238
232
242
229
232
234
242
245
232
215
236
238
234
234
219
226
233
232
231
229
225
231
235
231
228
218
217
225
222
228
223
212
212
212
215
224
221
227
228
226
230
214
219
219
221
222
221
222
219
216
210
221
225
213
222
224
222
235
231
229
239
236
237
242
244
245
230
231
219
230
226
219
217
227
230
233
238
235
230
222
234
231
235
234
234
227
238
237
239
247
242
240
245
244
238
241
244
237
228
227
238
239
222
218
227
236
246
233
230
225
234
225
234
231
233
235
233
238
231
227
225
226
229
223
206
208
203
200
210
212
221
231
231
225
217
226
218
222
217
218
219
207
214
213
210
212
196
201
214
209
211
216
206
211
212
208
210
207
219
223
218
218
232
227
218
229
232
228
232
230
233
230
226
221
210
211
209
214
212
213
218
219
214
217
226
215
226
218
226
222
224
223
223
221
230
228
226
219
224
218
225
224
234
233
237
241
239
238
232
225
236
229
221
233
231
221
206
219
213
220
220
203
203
202
208
208
210
209
207
222
220
221
230
218
219
216
191
204
198
203
210
212
229
218
216
210
209
214
213
206
209
206
199
195
204
210
216
216
203
213
218
216
228
226
217
220
213
222
223
225
221
221
218
215
215
223
222
226
224
239
229
230
232
245
245
243
236
241
237
240
230
238
238
237
243
238
238
224
223
219
221
216
219
232
238
229
230
223
223
218
219
228
220
212
213
215
216
220
225
221
225
219
221
215
219
229
225
226
240
238
239
247
237
234
226
228
231
232
226
221
217
221
223
213
218
217
218
219
220
226
226
220
222
222
219
212
225
222
223
226
223
221
212
220
210
202
194
196
193
189
198
198
191
200
205
204
203
201
203
201
196
194
190
191
191
186
192
198
206
211
215
211
196
187
189
187
189
195
206
207
203
188
190
189
185
199
194
194
199
183
190
193
199
192
192
198
189
189
197
195
206
207
205
207
203
209
203
200
209
210
206
207
204
199
201
196
193
196
192
195
195
192
196
188
186
194
192
200
199
194
205
198
204
203
207
210
210
215
208
207
206
207
209
201
197
210
207
211
216
216
209
214
216
214
216
213
214
218
221
216
209
210
202
201
201
195
189
196
200
201
204
209
204
205
199
198
198
199
193
190
188
187
180
180
184
183
184
196
204
203
208
213
211
208
207
204
189
187
192
189
189
186
190
184
190
191
189
172
182
182
187
189
196
189
193
197
197
202
203
203
197
200
203
197
200
198
202
195
209
202
205
200
207
209
191
190
186
189
196
191
200
184
184
178
174
172
177
189
175
178
168
182
183
183
182
177
178
177
182
181
176
182
191
190
187
180
184
178
172
173
178
177
173
178
182
180
179
180
177
174
169
167
170
172
166
171
178
173
172
173
167
173
180
183
182
182
181
179
175
179
181
172
180
169
172
176
179
177
172
176
181
186
189
191
198
188
193
179
184
179
176
175
184
180
185
190
184
173
179
174
178
181
183
189
185
184
184
182
179
189
193
186
182
187
176
175
184
172
178
182
175
185
178
184
186
178
186
185
185
183
187
182
177
179
176
183
192
191
189
192
192
191
195
197
190
186
175
179
182
184
184
182
193
177
178
184
176
190
186
184
190
190
188
190
192
190
201
195
187
184
185
181
180
174
176
179
179
177
182
184
187
181
185
187
186
182
190
197
189
196
192
185
188
181
177
176
167
171
167
181
174
169
176
176
166
171
177
165
167
172
174
174
176
181
185
191
190
184
186
187
195
189
191
191
184
185
186
185
185
188
199
185
175
166
165
169
160
157
157
165
160
171
171
165
177
167
166
172
173
176
174
179
178
186
183
176
182
185
178
184
190
187
174
186
181
186
175
185
180
183
185
184
179
178
178
175
180
177
182
181
179
186
182
180
175
167
178
181
181
183
176
173
173
176
174
175
171
175
173
169
179
173
175
173
174
175
181
174
174
174
184
186
185
187
188
177
180
175
175
181
178
180
175
177
176
175
179
171
181
177
185
186
182
181
182
176
178
173
173
169
176
185
179
177
174
178
167
179
176
178
174
177
175
175
179
186
171
171
167
163
172
177
178
178
174
172
166
157
165
165
179
178
187
187
188
190
181
191
179
178
168
169
164
154
164
157
159
156
159
162
157
156
141
155
155
161
166
167
172
179
170
175
179
181
184
185
189
192
189
182
179
175
172
177
174
173
178
175
175
184
189
186
192
190
189
178
184
181
192
196
190
174
177
174
172
173
176
165
172
168
164
163
172
170
168
164
162
159
161
161
168
169
173
171
170
173
172
158
159
165
158
158
167
162
156
158
162
163
170
170
162
169
164
172
174
174
168
177
178
186
170
175
170
177
166
158
154
155
158
158
163
163
167
162
161
162
171
169
173
174
175
171
176
192
186
194
174
179
172
170
174
179
180
178
180
186
181
185
187
188
192
180
186
187
180
184
175
175
186
183
175
188
187
184
190
188
181
184
191
187
191
191
192
188
185
181
177
177
177
169
176
179
182
177
172
175
177
176
171
166
164
172
174
176
187
175
183
183
183
185
176
176
181
176
175
172
170
170
154
160
171
171
181
182
185
196
188
191
186
194
189
187
178
183
177
178
178
179
174
170
175
181
192
189
192
191
194
192
195
185
186
191
196
198
189
185
180
185
184
184
174
173
171
179
180
179
176
175
176
182
182
187
186
192
185
179
181
170
171
174
169
166
168
171
168
158
164
167
162
159
152
164
163
175
183
185
191
186
175
165
169
179
168
169
174
172
175
176
175
170
173
180
181
175
170
181
187
185
194
203
199
205
208
211
196
210
213
217
205
201
192
190
193
186
201
198
198
207
192
193
187
188
182
178
174
180
185
187
179
174
179
172
175
179
174
178
181
173
177
184
177
171
167
167
171
167
172
174
180
170
170
164
169
178
174
174
172
176
184
183
187
188
178
192
185
192
182
183
178
170
179
179
178
173
171
168
172
175
172
170
165
163
170
169
172
177
185
178
182
190
181
196
196
194
199
191
194
202
197
197
189
186
180
178
178
180
178
171
179
170
177
186
188
184
178
183
183
184
180
181
180
179
175
166
185
190
193
199
187
181
187
181
181
189
181
179
193
184
182
188
189
183
179
179
176
177
177
175
173
172
182
186
180
178
179
192
193
194
195
189
189
190
184
191
189
189
183
174
171
163
177
180
172
168
170
165
162
166
159
158
154
157
171
161
164
167
167
166
166
161
161
174
174
177
186
184
186
188
186
194
184
180
183
176
177
180
187
186
190
190
189
192
184
190
186
191
191
187
191
191
186
181
180
180
170
175
184
170
176
176
186
188
184
185
178
179
177
173
177
172
172
175
170
173
168
178
176
177
176
178
176
177
188
186
184
188
190
190
201
188
177
183
184
189
188
189
173
170
177
172
173
179
175
184
176
179
179
174
174
180
175
180
171
168
168
165
173
176
175
178
192
182
181
179
183
171
181
174
170
160
165
162
161
158
167
170
170
169
176
179
185
184
184
185
179
180
185
185
179
175
179
168
183
181
173
180
180
185
190
183
177
174
177
176
184
189
193
198
199
195
193
197
198
196
196
201
195
204
199
206
198
190
190
184
190
174
164
176
169
171
166
165
172
166
170
167
175
166
175
175
166
168
173
173
182
188
178
183
175
171
169
178
177
171
171
173
177
181
185
180
181
171
177
185
173
164
166
166
173
175
182
182
186
183
177
179
178
183
181
181
173
185
178
185
182
179
182
180
177
183
188
185
179
181
184
176
181
181
179
168
166
169
163
170
171
179
178
169
176
185
179
181
189
184
188
183
178
175
178
176
185
190
187
185
183
192
190
188
179
181
181
193
183
180
183
175
179
176
183
179
181
173
177
177
182
184
180
174
187
186
193
185
182
187
180
186
185
187
180
187
199
191
181
188
187
180
178
166
170
171
169
172
162
167
172
169
179
188
194
186
187
184
184
185
184
183
182
183
180
179
189
190
180
182
178
177
180
184
195
185
187
182
182
178
183
180
180
181
176
174
178
187
193
187
189
183
186
190
184
187
182
189
181
185
183
184
185
175
179
186
190
190
187
202
204
203
191
187
186
190
188
193
190
180
181
181
180
171
182
181
183
183
177
180
181
175
179
176
166
173
172
169
165
176
178
172
172
176
175
179
176
180
175
173
168
172
175
169
168
161
179
173
170
181
185
195
187
187
195
189
187
186
178
177
170
181
178
181
190
193
191
190
188
180
177
176
177
184
186
185
175
180
176
187
178
175
174
172
164
161
156
159
162
159
160
160
157
150
150
151
160
159
159
170
164
177
172
179
180
180
174
166
172
168
177
168
176
175
174
175
160
158
156
146
148
147
155
156
151
148
153
153
156
153
156
152
151
153
159
158
167
164
159
171
159
159
164
161
156
147
150
147
149
150
149
146
140
135
139
139
138
139
144
149
147
152
146
146
151
146
150
147
144
150
147
140
138
134
139
140
142
148
139
138
143
151
152
151
153
159
154
159
163
160
154
152
151
158
161
155
150
151
148
148
152
161
158
147
149
152
153
149
150
149
160
167
155
150
157
154
156
156
161
161
156
157
159
155
168
167
155
158
159
161
155
160
157
160
163
161
166
153
152
158
157
160
159
154
153
157
161
154
154
159
151
156
171
179
159
170
154
166
166
164
160
167
165
164
158
152
157
155
151
153
157
157
155
155
149
154
163
161
166
163
160
160
163
169
162
159
164
153
155
158
162
158
159
155
155
156
156
166
159
161
165
158
156
167
162
157
155
164
161
158
159
155
156
154
157
166
158
158
161
157
158
152
154
157
165
161
166
165
172
164
167
161
162
176
172
167
167
166
171
161
163
165
168
157
157
163
158
148
149
143
142
147
158
154
167
170
162
167
162
166
177
166
168
166
167
159
155
151
138
149
152
151
154
150
151
150
152
154
163
163
160
160
161
162
159
163
154
156
154
151
159
161
159
154
162
164
160
149
152
152
157
160
155
165
161
159
154
155
159
153
158
158
150
161
159
153
152
157
152
159
166
162
157
158
154
157
148
166
159
152
158
146
162
150
150
160
162
166
159
158
165
158
160
164
168
168
174
171
170
162
150
153
155
151
157
163
165
167
165
157
163
169
165
158
149
154
154
156
164
155
157
153
155
152
146
153
155
149
147
139
150
153
153
146
142
157
156
160
156
155
153
152
152
164
158
153
148
145
143
148
146
134
140
135
135
133
133
133
134
130
129
129
127
130
125
130
134
132
127
135
133
122
122
130
126
126
131
126
134
132
134
136
130
138
133
148
151
140
135
141
139
141
134
128
129
135
134
128
130
132
125
127
126
126
122
118
113
119
111
113
106
114
108
113
114
111
110
114
117
124
115
116
122
123
122
123
120
115
123
119
117
115
115
113
120
119
122
126
118
120
125
117
128
130
126
130
128
126
129
134
130
127
125
126
124
128
122
130
125
128
126
125
124
127
124
122
115
127
123
127
128
133
135
127
129
128
132
128
127
123
113
115
121
123
121
114
106
109
111
117
120
121
118
116
112
110
114
113
113
114
124
121
125
122
117
121
111
109
106
114
118
123
121
114
116
111
107
113
113
110
121
118
117
111
112
113
122
119
120
116
124
123
125
121
130
124
125
125
121
124
123
115
117
119
112
122
117
116
112
118
114
113
118
108
111
119
118
117
118
117
114
121
115
114
110
114
112
109
111
114
112
109
112
113
104
110
108
106
111
114
106
106
102
109
112
123
119
122
123
117
124
115
118
126
125
128
127
127
125
129
118
124
117
115
115
108
112
111
116
116
117
118
120
116
116
107
114
112
112
115
116
119
114
119
125
127
128
126
131
125
124
120
116
116
113
110
113
108
112
111
120
113
120
117
112
114
114
129
121
123
115
121
122
122
125
133
132
134
128
125
124
126
124
123
117
124
114
127
121
123
117
115
118
115
108
115
114
118
118
116
117
116
117
122
108
108
107
117
114
112
111
114
112
111
110
114
120
115
119
117
118
115
117
119
119
119
111
115
122
122
116
117
120
112
111
118
109
117
124
131
127
130
128
132
139
133
132
124
132
132
127
120
124
133
130
136
140
139
143
133
133
123
121
122
128
125
125
122
120
123
115
118
116
118
114
122
121
127
125
119
116
114
120
118
114
117
116
120
124
115
116
121
122
123
124
123
120
119
114
120
115
115
114
121
117
119
109
115
117
117
120
119
120
124
124
125
119
125
130
132
131
124
129
129
126
129
121
127
132
127
126
122
125
119
119
119
115
124
116
117
115
111
109
111
116
112
116
120
119
120
112
113
122
115
114
117
117
117
112
118
119
118
120
122
116
124
124
127
121
117
122
128
120
119
123
116
122
119
121
129
127
124
118
119
120
114
117
116
120
111
110
110
114
112
111
114
119
121
120
119
121
111
112
116
112
110
111
111
107
113
106
104
102
108
115
118
124
109
119
120
118
118
120
125
127
122
115
114
112
112
112
114
115
122
115
112
123
121
119
114
119
129
125
123
124
126
121
126
119
114
115
114
112
115
121
121
122
116
114
114
116
106
107
106
106
115
113
115
115
114
115
117
118
122
122
129
129
125
121
121
126
133
132
122
121
129
124
121
117
116
119
121
124
127
139
138
128
123
125
123
126
129
122
123
127
130
131
129
129
128
136
140
134
130
129
127
126
125
116
114
122
118
119
120
121
116
121
121
119
129
132
118
127
131
136
126
116
117
110
113
110
108
111
114
109
118
117
114
118
117
118
120
121
115
112
111
126
127
125
131
123
126
129
129
124
131
131
134
134
131
133
134
134
130
127
118
114
121
126
121
126
125
119
119
122
129
128
133
127
127
116
118
121
122
119
127
127
128
130
125
129
128
134
130
133
127
126
125
122
123
124
123
118
112
113
109
102
109
120
122
124
122
123
123
123
122
121
118
117
113
119
120
121
131
135
136
137
138
132
133
124
124
123
121
124
129
129
124
125
125
120
121
122
123
124
120
116
113
112
113
111
115
113
109
104
109
109
119
113
115
118
116
121
115
114
114
114
117
124
126
120
119
114
111
117
104
108
112
112
110
109
102
106
112
115
121
119
116
105
107
108
104
101
106
105
106
107
105
101
102
118
115
112
115
116
107
107
110
102
99
96
95
100
105
116
117
113
113
125
124
122
125
130
132
130
132
127
124
121
131
127
129
128
132
131
136
131
122
130
128
129
138
136
134
135
135
138
134
133
130
130
122
121
123
119
123
127
126
129
121
124
131
123
128
127
132
136
133
134
136
133
127
131
128
122
118
116
122
120
121
126
120
124
129
132
134
124
121
120
117
114
120
120
112
116
108
104
107
115
108
115
110
114
116
109
108
117
117
115
123
112
106
106
106
108
107
107
110
122
117
124
124
120
114
124
118
114
118
112
121
119
119
112
116
119
119
115
117
117
121
117
119
120
126
129
128
123
126
121
123
125
122
115
125
126
131
129
128
118
123
121
123
126
121
114
117
117
115
108
113
117
124
114
121
115
111
113
109
117
126
125
123
123
124
123
123
122
118
119
118
115
117
124
123
120
120
113
114
112
111
109
113
115
126
124
123
118
123
125
127
121
122
115
119
122
127
121
113
123
123
111
123
116
111
111
111
111
112
119
113
116
124
119
117
127
133
129
133
125
122
123
126
132
126
128
126
124
120
130
131
133
135
135
132
136
123
127
126
116
115
120
117
111
116
118
117
114
108
111
115
114
108
117
119
111
114
117
118
125
125
128
118
121
117
116
125
114
116
118
123
123
122
122
112
106
106
110
119
119
119
119
115
119
118
125
123
129
123
128
124
136
136
137
132
130
127
123
125
129
121
119
114
119
122
121
118
115
115
109
117
122
122
123
126
128
128
130
127
129
124
127
127
117
123
132
134
132
131
128
127
127
125
122
129
131
131
125
121
117
116
112
112
116
119
117
118
120
119
124
123
126
124
114
117
118
117
118
112
103
109
115
115
116
117
118
121
123
119
112
113
114
121
116
120
118
118
113
106
110
116
118
121
118
115
114
112
113
114
110
111
115
116
113
114
109
119
114
111
125
120
126
133
125
122
115
113
118
111
115
103
111
109
114
119
123
116
121
127
131
125
127
132
131
132
135
126
126
131
128
130
136
131
132
131
129
127
127
129
132
133
128
120
121
117
121
128
128
127
127
121
119
122
124
115
117
112
104
108
113
117
114
114
109
111
123
131
133
128
123
123
125
121
118
111
113
114
120
128
127
124
125
125
123
129
127
118
116
117
115
126
121
122
125
126
122
129
128
135
135
138
129
129
132
131
115
125
129
123
126
125
122
125
119
123
117
114
113
101
107
112
115
123
122
118
117
120
114
119
115
114
110
112
112
109
111
114
112
111
105
102
101
104
114
116
112
113
106
100
110
106
107
108
108
109
111
117
115
105
101
113
107
109
107
107
114
108
117
116
120
120
122
121
129
129
124
124
122
125
124
115
113
112
114
114
119
120
115
122
115
117
114
119
111
112
113
119
123
124
130
126
124
124
125
114
115
108
113
112
118
117
117
110
118
119
122
120
119
121
117
120
122
117
119
118
122
120
118
119
117
119
109
119
118
122
116
110
114
111
121
114
113
109
114
107
106
108
111
124
123
123
127
124
126
133
127
122
125
118
119
115
123
125
119
121
124
127
131
132
137
133
123
126
126
122
126
135
122
135
134
130
128
128
127
117
127
122
120
117
115
112
109
109
110
114
123
116
116
116
119
111
110
116
110
117
118
118
120
123
121
117
119
114
113
114
113
113
110
115
111
115
112
114
122
125
117
131
123
122
115
120
116
123
121
122
122
125
115
125
118
120
124
123
122
119
118
125
127
124
122
125
128
128
125
121
115
122
118
123
118
121
120
118
121
123
112
117
121
121
135
132
136
133
129
120
113
112
113
113
113
106
111
112
124
127
128
127
125
129
129
123
119
117
110
112
112
106
111
109
107
108
106
113
111
119
115
119
118
120
116
124
123
123
121
126
126
125
126
123
126
127
122
124
122
119
124
125
121
121
122
119
118
117
116
120
117
128
123
136
132
134
134
133
133
127
124
123
126
120
128
122
116
116
114
114
112
120
118
118
113
119
118
128
125
116
113
114
115
114
121
125
130
129
134
134
119
123
119
120
128
127
130
130
133
117
124
126
118
125
123
119
119
117
113
121
122
124
124
124
120
118
123
112
115
123
127
122
126
129
123
127
133
127
130
126
129
133
132
129
128
128
125
127
130
138
142
138
129
121
124
121
122
130
135
134
129
126
122
120
119
123
123
120
127
131
128
125
123
121
111
116
119
116
116
124
127
131
124
130
128
130
131
125
121
123
113
119
114
116
112
114
114
110
117
113
118
115
121
118
117
111
115
120
129
123
126
120
126
124
130
143
135
134
140
132
134
136
128
120
122
121
121
125
119
117
123
117
115
127
120
119
118
118
115
114
115
115
108
115
118
107
103
106
105
102
105
102
108
107
105
99
96
94
100
102
99
99
110
112
105
110
106
108
109
106
107
110
106
108
109
115
116
117
119
113
118
116
117
121
125
128
114
124
128
132
129
123
123
120
132
127
127
121
126
123
127
129
126
127
121
120
125
118
111
118
118
118
112
113
110
117
114
112
117
118
122
124
124
125
128
131
129
130
130
122
119
119
119
120
118
122
117
118
115
114
120
115
113
116
118
119
122
120
113
116
121
115
106
111
111
111
117
121
121
128
128
126
128
126
129
121
118
120
119
115
110
116
109
101
109
110
114
116
115
116
116
112
107
107
111
107
107
107
115
110
114
112
123
127
120
125
117
112
120
115
123
120
124
122
121
125
124
119
123
123
121
115
119
123
125
126
125
124
126
120
121
123
120
123
120
121
119
124
115
122
116
122
125
125
125
126
124
124
112
121
129
124
124
129
128
130
137
130
124
118
115
115
121
118
118
122
123
126
115
116
109
112
104
115
120
119
116
120
117
117
112
114
104
101
105
100
111
110
117
113
113
110
107
107
105
103
101
105
111
112
113
115
113
112
112
107
105
105
106
107
105
91
92
98
90
90
89
93
93
99
97
95
97
99
97
101
103
100
107
100
96
100
97
90
93
90
90
89
94
97
102
105
100
105
109
103
102
99
96
99
95
91
92
86
94
86
88
86
83
87
75
87
85
92
86
84
81
84
78
79
79
82
80
80
84
86
79
76
78
84
81
82
81
77
81
78
80
84
84
81
83
78
78
76
76
74
70
73
77
75
76
78
79
76
79
82
79
77
75
77
80
76
75
78
69
79
71
73
69
73
66
66
67
64
67
67
66
68
73
73
74
74
73
83
81
80
81
86
82
84
80
68
73
75
71
70
68
73
77
73
72
66
69
73
71
78
73
70
68
65
74
74
75
80
79
78
77
77
79
73
70
70
69
73
72
82
88
79
80
76
79
79
79
75
79
82
79
79
81
79
76
76
80
86
83
82
76
80
78
79
84
84
76
83
83
87
86
82
81
82
82
79
82
81
78
84
82
79
77
75
77
79
77
72
74
81
70
77
80
73
79
82
71
71
75
82
78
76
74
76
83
78
80
87
89
86
88
81
85
80
81
82
81
83
84
77
78
78
79
77
76
83
68
68
72
70
75
81
85
85
86
81
82
79
76
71
72
69
67
71
74
69
65
72
79
81
83
81
80
86
80
87
81
83
84
78
83
80
78
82
84
84
86
83
84
88
82
82
77
86
79
83
79
78
82
78
74
78
74
73
73
70
75
74
76
71
80
87
83
88
82
77
74
73
75
74
80
87
87
84
82
89
85
87
79
81
77
71
77
76
77
73
72
70
78
84
78
83
78
81
84
87
84
82
78
84
80
89
83
76
76
74
74
78
73
75
71
72
72
68
63
64
69
70
70
77
76
78
75
77
78
71
74
80
78
78
76
74
84
85
85
77
82
78
75
79
80
82
80
74
80
79
77
75
68
73
72
77
73
77
74
78
77
79
78
81
81
78
80
75
72
79
81
85
80
76
75
83
85
91
83
75
83
76
76
79
79
85
84
89
83
86
90
89
87
89
82
85
85
85
79
86
86
88
89
86
80
79
78
78
84
86
87
88
85
77
77
78
82
79
77
79
81
86
89
93
82
81
81
82
78
81
90
89
83
86
86
86
91
87
85
82
81
77
72
69
67
75
79
75
73
73
70
69
67
66
66
67
65
67
71
71
70
71
75
71
70
81
83
84
79
85
82
83
79
73
70
72
71
66
71
71
70
73
70
68
70
76
72
70
74
70
74
75
75
70
69
70
73
75
71
82
79
79
82
81
82
75
79
78
78
73
77
79
79
79
80
85
86
84
77
80
80
82
80
82
85
88
79
80
78
81
79
73
74
74
78
75
78
76
74
79
74
77
81
83
84
90
83
79
81
82
84
84
81
86
87
87
86
90
85
89
83
75
78
79
73
73
75
80
73
75
78
73
75
78
73
72
79
70
68
70
64
66
68
69
70
68
72
73
76
79
76
70
78
71
71
69
64
72
73
78
68
76
67
69
73
74
79
85
83
84
76
76
72
79
77
75
75
74
76
79
81
79
82
79
76
71
80
78
77
80
78
81
78
79
76
74
70
73
78
77
81
82
88
83
83
79
83
79
80
82
76
75
79
83
85
88
92
86
86
83
80
82
81
83
83
85
81
88
81
84
89
88
88
90
94
90
87
81
82
79
85
82
80
87
86
84
80
80
83
82
75
84
83
84
87
81
84
83
81
80
85
89
86
82
83
82
80
75
76
76
77
75
81
82
80
82
84
92
94
85
85
89
80
82
85
89
86
81
83
87
85
85
79
76
71
71
74
72
70
70
67
69
68
69
69
74
79
74
74
74
77
77
81
81
77
74
77
72
66
69
71
78
77
74
78
78
83
84
84
76
74
72
64
69
71
70
71
75
72
71
72
70
70
71
67
70
66
65
67
70
70
69
66
61
65
63
60
62
60
61
63
70
65
64
66
66
67
62
63
60
58
59
60
69
74
76
72
71
74
71
70
66
62
62
60
57
58
51
55
55
46
47
49
50
46
50
49
47
48
48
47
47
49
46
46
49
46
43
50
50
47
47
41
48
42
39
42
41
37
37
40
45
48
50
52
46
44
41
44
50
48
46
50
54
56
56
56
58
59
63
66
62
64
58
56
52
61
59
66
68
70
67
64
60
67
69
66
66
69
70
69
67
62
62
59
59
63
59
60
60
65
68
64
63
70
69
68
64
61
60
60
59
61
62
58
53
52
54
49
48
54
50
51
50
49
49
52
55
53
55
56
54
53
57
54
60
59
54
58
55
58
54
55
60
60
57
62
63
64
58
59
62
62
59
60
57
61
59
58
59
58
58
57
59
63
58
57
63
68
59
60
57
60
62
58
60
61
62
63
64
63
62
65
59
59
59
61
58
59
58
54
54
55
52
55
51
52
53
64
63
55
56
56
57
56
56
56
52
60
58
57
56
56
54
55
56
56
57
58
57
60
64
64
62
67
59
63
59
54
58
61
61
52
59
62
63
65
66
63
68
64
57
61
59
55
56
56
58
59
56
62
58
54
57
57
57
58
63
63
67
60
66
66
64
66
62
66
61
63
68
70
67
69
66
66
70
66
63
66
66
64
66
67
68
74
69
66
67
62
59
63
65
69
65
61
70
70
68
72
66
69
74
64
64
60
65
66
65
61
61
63
64
67
63
62
69
65
64
64
68
63
63
65
65
66
63
66
67
64
60
61
63
62
62
55
54
57
62
60
58
61
63
65
68
67
71
70
75
73
74
74
70
70
66
69
67
67
62
66
68
63
66
71
67
68
70
64
69
63
68
68
65
63
65
58
60
59
54
53
52
50
47
52
48
51
47
47
50
44
49
55
53
47
51
55
56
59
60
55
59
60
60
63
63
65
69
63
62
56
57
56
53
52
56
56
53
55
52
56
55
52
41
46
45
52
51
47
49
43
45
52
45
51
51
48
53
49
51
51
52
53
50
49
46
50
51
53
55
56
52
53
58
55
55
51
55
63
59
60
59
61
63
60
58
60
57
57
59
57
54
56
60
61
62
58
55
60
63
68
62
61
69
70
67
64
63
64
63
66
62
58
61
63
55
60
62
67
59
61
61
62
64
60
61
61
65
63
63
67
64
69
70
68
70
69
71
66
60
64
63
61
59
55
61
59
57
60
60
61
62
63
60
58
62
63
62
60
61
60
65
63
65
61
59
61
57
55
58
59
56
60
58
56
59
62
59
55
57
59
64
66
62
63
67
69
63
62
63
60
61
58
59
61
61
58
51
59
60
53
53
53
51
61
55
60
58
53
58
57
59
57
50
55
53
62
58
58
63
57
61
68
68
63
67
64
60
63
66
64
68
65
64
61
66
63
61
64
60
59
59
54
59
57
54
53
60
57
63
66
67
64
61
58
58
60
63
63
65
64
63
64
63
65
61
67
62
62
60
55
58
61
60
61
64
63
63
65
63
62
58
60
52
53
57
57
56
52
52
44
42
52
48
53
52
53
52
53
57
53
59
57
58
63
52
53
59
56
60
60
61
60
59
61
58
61
53
58
63
64
59
58
63
63
61
64
61
59
62
61
56
61
64
62
65
66
60
59
60
54
50
51
54
49
57
58
61
64
67
60
67
64
64
57
62
59
64
62
58
60
57
59
58
62
57
55
61
59
63
62
63
60
58
53
56
54
67
60
59
63
63
61
61
60
66
57
57
60
58
61
56
55
58
63
69
65
68
68
64
56
67
56
65
66
64
68
66
72
66
66
63
62
60
61
61
61
61
58
59
59
58
58
56
58
58
56
59
64
59
59
61
61
60
57
59
56
57
59
60
63
60
58
61
56
59
56
63
62
61
61
60
62
59
64
54
59
59
63
63
63
58
66
64
58
56
62
58
56
53
52
51
50
53
60
59
53
53
55
59
53
54
55
52
54
54
55
58
56
57
64
64
63
61
62
63
61
62
64
58
66
63
62
64
62
60
60
61
64
60
59
58
58
61
61
62
61
59
58
56
58
54
54
62
61
58
57
60
64
66
64
67
61
65
67
67
64
62
68
60
61
61
65
65
63
61
65
62
59
62
56
52
52
48
49
57
54
59
59
61
65
65
68
66
75
73
76
67
63
61
69
65
65
67
60
64
59
60
54
60
62
62
63
68
66
59
57
60
63
59
63
57
58
54
58
59
58
54
60
60
60
63
56
63
64
58
60
58
55
55
54
50
53
55
58
53
57
61
69
73
75
74
75
73
72
75
73
68
68
71
67
58
55
57
59
61
59
57
54
59
52
53
57
58
60
58
60
59
61
64
57
63
57
55
58
60
66
65
60
60
65
63
60
58
63
59
59
59
65
65
66
67
65
68
71
65
70
67
68
67
66
68
72
66
66
67
58
59
63
58
57
57
52
51
50
57
54
50
55
58
55
56
54
52
50
48
55
57
56
53
53
57
59
61
61
61
64
62
61
60
64
59
57
56
58
57
58
59
56
60
58
57
61
56
55
59
57
60
60
51
54
51
53
54
53
57
56
53
57
62
55
64
59
65
66
68
68
62
67
57
58
56
58
67
70
68
65
63
63
59
61
61
58
59
63
62
60
58
61
58
63
57
57
56
59
59
60
58
55
61
64
69
64
69
64
64
63
63
59
55
54
55
57
60
58
57
54
57
51
56
59
62
64
63
63
62
61
60
61
57
60
61
55
55
56
51
52
48
50
49
49
50
53
55
51
58
56
56
58
63
63
68
64
62
64
69
62
67
64
67
78
69
66
64
66
72
71
66
68
63
63
60
58
57
61
60
57
54
57
62
62
63
62
63
62
62
59
56
52
50
55
60
54
59
56
51
56
53
54
49
54
55
60
55
54
56
61
61
58
55
59
56
62
62
64
61
63
59
61
60
62
62
55
55
61
61
63
63
62
62
62
58
56
55
53
59
63
66
66
62
60
63
60
62
64
66
68
66
63
61
65
67
68
61
59
62
67
64
65
65
57
58
62
58
61
60
62
60
62
61
62
65
61
61
59
61
56
58
58
56
60
62
68
71
70
70
70
69
65
65
64
63
62
62
63
65
63
62
65
66
70
64
67
65
64
57
58
57
58
57
56
57
60
57
57
60
67
64
63
63
69
72
71
73
73
73
74
74
67
68
69
67
71
70
64
67
63
64
65
66
70
65
64
60
63
61
61
60
58
60
60
62
69
64
66
60
63
64
63
60
63
64
58
60
63
61
61
62
61
66
59
56
54
56
57
62
58
58
58
53
51
48
52
55
52
51
52
50
51
52
55
53
62
63
67
68
66
61
62
60
60
65
58
59
56
56
53
58
53
52
50
51
47
50
52
55
56
55
60
58
53
55
54
56
54
57
54
54
52
52
57
52
57
57
52
59
54
56
57
59
54
56
61
64
62
58
58
58
61
61
59
60
59
61
56
54
56
52
59
59
61
61
55
59
62
60
63
54
50
55
54
59
59
61
66
65
66
69
67
67
64
68
56
57
55
57
54
57
56
58
59
58
60
58
62
67
66
64
64
64
63
62
65
59
60
59
60
58
58
55
53
60
56
59
57
59
56
60
60
56
58
56
60
60
58
56
60
55
54
53
55
56
55
52
56
61
56
63
68
63
73
69
70
72
71
67
64
62
62
62
62
69
68
70
69
70
66
65
60
64
66
66
73
75
73
75
74
74
69
71
74
71
68
63
63
61
64
63
64
56
57
55
54
54
55
62
65
68
70
65
68
67
70
68
60
56
58
62
58
58
56
58
53
56
60
60
60
61
65
61
56
56
56
58
55
55
53
55
56
54
55
57
55
59
60
55
54
54
57
59
62
61
61
63
61
62
59
57
61
59
63
61
61
69
63
61
65
61
54
66
67
68
64
62
61
61
61
63
59
59
62
65
58
61
64
62
61
60
59
61
53
56
58
55
59
59
62
56
63
58
57
61
61
64
66
64
66
64
58
64
60
65
61
59
60
56
61
59
64
61
62
64
63
66
63
63
61
65
62
65
58
58
62
59
58
58
54
51
50
56
55
59
62
61
61
54
55
59
59
62
69
68
61
55
57
58
62
63
64
68
72
69
71
65
66
66
70
68
65
67
66
68
66
63
57
53
54
54
53
54
58
59
58
58
55
54
53
56
56
59
65
63
61
65
71
69
72
65
67
62
63
66
61
63
65
64
66
63
59
58
55
55
56
58
59
59
58
57
64
66
65
60
59
66
61
56
56
55
54
51
52
53
54
52
53
55
58
55
56
55
55
59
57
58
61
59
63
62
53
55
65
64
67
64
68
65
62
62
58
55
61
61
56
62
51
54
48
45
42
44
43
49
49
47
47
50
51
50
59
52
49
48
51
48
46
50
48
49
54
47
44
45
43
46
48
51
55
55
50
51
48
47
49
51
54
49
55
52
55
53
51
51
53
54
52
55
57
62
62
60
54
53
51
48
47
46
48
53
50
48
50
51
50
52
51
45
47
47
49
52
50
46
47
48
42
37
37
40
46
44
45
50
51
50
41
42
43
40
39
37
38
32
31
34
37
36
37
37
33
36
33
32
36
38
38
40
41
44
40
40
40
42
39
43
45
47
42
41
41
39
40
36
38
35
34
35
37
35
37
42
40
40
44
46
48
47
46
46
46
47
43
47
41
41
41
38
41
42
45
40
38
37
38
38
39
37
37
38
34
40
36
41
44
42
40
38
37
34
32
26
28
29
29
30
29
32
32
35
39
42
44
40
38
42
44
41
42
40
45
40
48
44
46
42
45
40
39
41
38
38
39
35
32
30
34
30
34
36
33
32
40
42
39
41
42
40
41
36
42
42
41
40
40
40
34
38
39
42
36
41
40
42
39
39
41
43
43
49
43
44
42
45
36
39
39
36
36
39
38
36
40
40
39
37
39
43
41
44
43
44
44
39
36
36
38
41
43
41
39
40
41
42
41
37
37
35
37
44
43
36
34
34
40
35
34
34
38
39
36
35
35
33
34
35
39
32
33
36
40
40
41
40
41
41
45
42
43
43
41
38
36
36
38
37
35
