712
699
695
694
673
664
662
640
634
640
625
630
635
634
646
645
636
622
616
607
615
624
632
641
631
615
602
615
603
642
631
621
624
627
647
637
647
652
656
659
643
630
621
623
619
608
633
646
650
646
634
614
621
617
615
632
629
625
621
630
628
633
624
626
631
645
626
637
628
638
641
630
626
642
638
629
627
634
656
650
651
643
651
661
653
631
637
639
642
639
640
659
649
642
625
626
629
633
635
637
624
645
646
649
646
641
650
644
638
627
631
618
636
653
642
653
659
655
661
651
662
675
666
653
679
674
663
655
674
655
653
648
629
622
617
627
621
640
639
637
639
644
654
671
667
659
657
643
640
625
622
617
625
617
619
625
618
618
640
629
631
617
620
614
623
623
612
606
601
607
592
595
561
582
575
592
582
603
604
589
594
599
601
584
588
589
598
594
588
601
592
594
616
610
604
589
589
606
580
600
595
608
594
597
591
597
598
606
623
619
625
635
647
649
631
620
606
615
627
628
623
620
625
624
613
618
630
629
616
617
609
621
619
631
633
631
622
624
631
647
652
655
654
650
654
654
643
643
640
639
633
632
628
624
630
616
615
611
612
630
629
608
618
624
610
632
616
631
634
630
645
636
643
644
651
632
625
605
600
627
615
638
636
630
643
641
637
625
625
623
622
599
611
615
618
600
612
607
595
601
588
602
582
593
591
600
594
599
595
605
588
607
594
595
615
609
616
623
627
614
618
621
628
619
630
637
633
630
636
624
629
628
632
627
629
619
608
595
601
587
591
579
603
610
609
607
595
607
623
628
628
610
608
602
601
597
602
600
607
607
593
588
591
561
573
577
574
587
570
569
569
568
581
572
577
551
551
562
569
569
581
583
578
578
581
595
574
580
577
582
570
571
581
573
580
580
589
597
579
586
593
592
587
570
566
584
588
581
583
586
586
589
588
579
581
587
578
590
590
603
617
616
593
586
580
581
594
595
599
603
598
597
601
603
595
608
614
616
633
619
608
619
601
620
609
605
619
623
612
615
602
605
604
611
602
612
613
608
598
589
595
603
579
571
576
570
581
580
592
596
585
597
613
617
600
612
599
589
601
601
603
594
613
615
618
615
605
607
616
615
608
610
599
589
605
586
587
592
599
590
590
587
593
594
581
587
580
580
572
571
571
550
562
559
544
559
559
551
556
576
565
570
579
582
571
556
571
559
556
563
569
570
568
572
564
567
556
566
563
552
572
554
556
564
557
554
571
567
569
586
575
574
579
577
588
570
561
574
565
573
563
551
565
558
572
578
567
570
573
575
569
582
582
587
599
580
582
594
581
594
601
586
590
596
577
562
556
564
563
568
577
583
585
585
588
575
567
567
579
580
564
553
570
562
582
578
586
569
579
578
585
573
575
575
567
560
569
575
590
583
567
567
557
567
569
574
577
582
593
582
570
573
567
569
576
582
575
578
568
555
559
561
556
561
544
547
543
550
554
546
567
579
557
557
567
554
547
548
548
535
534
542
557
558
555
548
547
554
564
569
572
573
576
579
570
575
577
562
569
589
584
591
584
574
579
566
582
584
587
576
578
573
568
577
555
561
558
551
562
556
552
538
531
545
530
532
516
532
535
530
540
540
531
514
546
513
501
512
532
523
514
537
521
537
530
525
520
541
535
547
534
542
525
523
522
525
545
546
557
569
559
561
568
550
534
544
539
532
533
539
548
550
532
538
534
527
533
523
535
526
534
532
528
507
516
512
523
519
521
517
510
519
524
525
522
526
540
545
549
546
558
550
539
551
529
536
545
533
536
526
536
525
525
526
547
546
554
542
534
543
536
545
540
534
536
543
531
530
536
520
522
510
520
529
516
510
509
511
516
516
513
508
515
525
524
507
520
526
530
510
512
517
522
531
520
527
513
522
522
518
529
530
549
525
529
521
513
514
506
500
500
503
513
511
484
492
502
513
510
507
500
520
516
524
520
525
525
511
517
521
506
512
507
519
530
518
506
504
507
497
510
520
519
512
516
517
518
533
536
522
529
527
536
545
546
534
536
526
522
536
546
526
540
531
516
520
519
524
498
507
505
509
521
534
533
540
527
520
522
529
514
522
526
516
522
521
519
523
529
524
507
523
536
546
549
540
547
548
546
530
534
534
541
524
517
521
520
522
509
526
523
516
531
525
529
532
521
541
537
547
537
543
544
524
516
529
526
537
525
550
560
557
559
536
550
532
530
531
535
530
528
534
528
529
521
527
517
525
520
492
510
504
507
495
500
514
524
537
519
534
554
557
553
551
525
529
523
526
541
527
523
526
520
508
496
500
483
479
470
477
475
487
484
479
468
476
469
468
459
459
459
465
463
473
487
479
471
480
476
478
481
478
477
465
476
478
484
493
493
487
490
488
487
500
490
486
505
494
491
501
502
520
519
517
496
496
493
489
493
484
487
484
479
473
472
467
455
455
481
466
468
461
467
462
459
451
465
470
475
484
478
478
477
475
485
484
473
485
488
483
483
475
467
480
488
490
489
476
487
487
494
489
480
483
484
482
490
491
484
489
482
479
490
475
476
461
472
500
490
492
483
509
517
504
496
489
499
485
480
481
486
478
495
469
479
474
477
477
491
512
501
504
497
494
481
495
505
515
513
519
519
520
511
507
516
497
493
494
511
493
488
485
496
483
473
472
466
479
484
486
474
480
485
495
490
487
486
487
493
498
491
480
489
486
489
490
488
492
498
508
507
505
510
490
498
501
500
501
502
499
498
487
494
489
481
489
484
491
506
501
502
485
491
496
493
496
477
480
456
455
459
449
460
457
452
455
452
457
478
477
474
482
471
478
465
472
480
470
495
492
481
477
470
470
463
468
453
457
473
482
460
472
476
467
468
483
489
477
472
485
470
480
466
485
491
491
487
481
483
477
477
490
486
490
482
492
479
476
472
467
465
467
465
457
468
476
487
501
496
480
480
467
469
475
479
464
464
467
464
471
475
471
466
461
456
473
474
488
487
482
473
475
469
479
489
489
486
489
484
480
491
482
485
488
484
472
492
493
485
471
470
490
492
485
482
476
468
474
476
471
456
479
469
471
481
464
469
472
465
482
476
479
472
467
465
468
470
461
457
471
460
457
468
475
472
476
487
481
498
486
480
481
488
478
486
486
492
503
496
486
464
473
471
477
467
465
484
476
481
487
474
473
476
480
459
458
457
461
480
472
473
484
481
475
483
479
496
486
473
484
471
473
492
494
502
474
477
479
492
493
491
489
500
497
501
489
491
498
502
486
485
478
473
471
482
472
475
477
451
473
470
468
468
481
474
466
475
473
470
465
476
471
497
474
474
492
478
492
489
485
475
479
464
475
477
465
469
461
469
460
478
487
493
490
489
497
505
498
486
490
491
498
492
483
466
457
450
447
448
448
463
466
469
480
495
497
489
483
486
482
492
480
481
461
464
468
460
481
463
468
473
482
476
475
473
456
479
471
471
466
462
465
457
465
453
456
465
462
456
457
457
466
460
467
472
465
478
480
471
473
460
456
455
458
447
432
435
432
441
429
425
431
447
439
446
431
414
409
412
427
418
425
423
442
442
443
449
444
444
456
437
432
438
437
432
442
433
436
418
419
431
448
428
430
428
409
423
421
421
406
421
415
424
413
419
417
423
429
435
436
438
443
439
446
449
447
452
451
458
462
453
448
450
444
453
447
451
442
435
438
422
410
418
425
418
421
414
427
423
410
434
443
419
439
430
423
412
416
419
410
419
429
413
419
420
424
421
423
422
421
418
425
419
435
432
425
418
417
423
424
430
434
428
436
428
428
424
427
431
437
442
437
439
442
443
439
448
438
431
428
425
434
433
426
421
432
426
433
430
428
419
422
434
437
415
408
391
371
380
399
396
394
396
399
398
409
412
405
403
394
411
415
418
419
420
405
408
425
405
420
413
418
422
423
425
425
438
441
436
447
438
451
447
455
453
453
454
443
435
436
450
439
434
431
431
428
441
448
445
424
430
420
426
440
450
439
460
450
441
449
436
434
422
438
431
430
438
431
439
426
430
421
415
417
428
424
418
410
410
409
407
403
407
426
404
395
408
414
425
416
420
439
438
434
428
416
424
411
401
397
401
405
409
396
400
399
401
413
419
425
434
426
425
435
423
447
435
434
426
425
421
431
440
430
439
437
439
438
443
445
426
423
435
424
434
435
430
406
416
435
433
423
437
445
428
434
425
430
453
458
444
453
431
427
418
407
398
398
395
393
406
409
399
397
396
395
416
414
417
412
430
415
420
411
410
401
410
397
394
400
397
390
395
402
410
410
412
420
418
425
424
427
431
417
416
435
423
411
395
397
394
397
405
394
386
388
390
389
403
396
391
388
391
385
390
401
408
411
397
395
394
392
390
386
397
397
401
412
409
402
402
410
416
399
398
386
380
386
381
375
379
367
376
377
389
391
386
383
378
390
394
393
392
387
384
382
388
400
407
409
400
414
408
413
405
401
404
407
405
420
411
416
400
395
403
404
408
402
394
388
384
383
388
378
390
385
385
393
387
394
387
393
389
386
399
404
400
411
409
420
436
435
422
426
418
426
406
406
415
412
413
405
397
395
401
413
418
406
411
402
393
388
400
405
407
404
418
409
404
410
409
409
401
414
413
427
422
430
425
414
434
436
439
433
420
418
406
415
428
420
425
420
425
430
411
422
432
425
424
432
428
414
411
417
406
405
383
399
395
398
395
402
412
405
421
419
423
409
411
405
399
395
396
391
395
401
415
418
410
411
396
386
383
388
389
383
399
397
391
393
386
397
382
388
390
392
383
391
377
381
370
378
384
381
393
383
379
374
378
382
374
349
359
350
356
358
362
371
373
368
369
387
387
380
384
386
369
374
371
369
375
390
395
386
383
366
360
376
375
365
369
361
354
358
367
375
366
368
356
353
349
334
339
345
351
338
349
335
346
345
345
340
344
351
354
362
346
358
361
358
356
366
369
360
361
363
370
377
356
338
334
338
341
334
338
344
338
328
324
313
324
326
309
313
310
324
324
318
328
331
332
318
319
320
342
346
344
334
346
361
338
341
327
325
331
326
340
334
330
328
325
324
324
317
326
346
334
330
315
313
318
306
300
308
309
309
306
313
314
326
330
330
319
313
304
301
308
308
302
310
310
300
325
313
317
314
310
311
313
310
306
306
305
292
301
302
305
303
304
307
306
311
318
318
318
323
326
332
327
331
321
331
327
326
329
322
318
303
304
295
296
306
306
302
308
324
319
322
320
336
325
321
326
314
306
311
316
329
324
313
320
317
324
314
311
299
293
308
308
310
298
294
289
293
299
295
294
298
298
296
283
290
280
280
271
274
270
274
270
264
267
272
270
266
279
276
273
279
276
276
273
290
295
301
300
296
293
295
293
282
278
280
285
292
298
295
289
288
288
292
284
302
296
306
306
298
295
297
297
299
294
283
285
279
293
302
291
298
291
294
300
302
295
295
292
289
292
294
295
281
281
279
280
274
277
266
273
278
278
275
286
289
296
295
287
285
276
278
269
275
279
277
283
273
279
269
275
287
292
292
284
283
282
294
301
303
291
307
303
292
284
287
275
271
275
281
288
282
278
273
273
273
269
261
270
277
277
284
293
286
290
284
281
273
267
276
273
285
281
291
283
264
278
273
279
279
274
280
284
278
265
262
243
244
253
257
256
259
259
262
258
263
269
272
260
270
263
272
265
256
268
270
279
278
276
274
282
288
286
282
285
269
280
275
272
269
251
256
261
260
261
253
255
248
256
250
247
251
244
247
243
236
232
242
245
251
266
261
264
273
265
267
278
289
280
280
281
277
276
274
262
261
252
265
268
267
269
279
273
264
253
242
239
235
240
241
245
248
246
242
256
259
260
255
271
269
260
264
254
259
253
256
253
264
266
264
272
270
260
250
249
256
259
261
264
266
273
264
262
259
260
260
262
258
263
262
269
267
269
277
271
267
259
248
262
267
265
269
273
269
261
260
250
260
263
265
272
281
266
269
267
287
271
276
268
275
277
278
273
272
277
282
280
279
271
275
282
287
289
289
296
284
285
286
281
283
271
270
265
273
277
283
277
280
270
269
269
262
268
267
266
271
273
278
274
275
282
277
282
291
287
295
294
288
275
282
278
275
289
286
282
277
281
285
290
289
285
296
284
281
290
288
290
286
281
283
282
293
287
281
281
279
285
287
280
282
279
276
283
283
274
275
279
271
275
276
279
263
270
276
284
278
294
293
291
280
289
283
283
287
288
291
290
287
287
272
277
275
277
269
275
269
261
263
263
267
269
268
269
269
257
256
271
283
272
264
267
274
270
265
269
259
256
249
263
266
278
282
284
278
279
276
274
269
270
267
271
266
256
248
249
250
253
263
261
263
261
255
270
267
262
261
256
253
266
265
264
270
266
261
258
267
265
255
250
240
246
251
246
249
245
261
262
262
273
270
271
280
280
278
276
271
262
269
270
272
267
260
247
260
270
278
266
268
264
273
268
266
278
276
273
276
279
268
276
273
265
251
265
272
264
254
269
273
282
277
284
276
267
267
276
275
275
269
277
279
271
277
281
279
283
281
277
284
290
284
277
284
268
276
285
274
279
265
264
268
271
280
276
274
269
265
266
269
272
260
264
265
251
254
250
265
267
253
250
243
231
239
246
251
261
262
258
266
278
281
273
281
286
280
289
286
286
293
284
289
285
279
279
281
268
268
283
279
280
283
285
290
276
287
287
279
282
276
284
273
272
270
276
285
287
289
286
285
280
274
277
279
285
294
289
294
284
283
273
281
288
286
292
290
289
283
296
302
297
303
306
302
302
304
302
301
286
287
282
275
269
272
274
280
279
276
272
280
278
285
290
286
291
296
306
294
294
287
288
279
280
283
286
270
268
269
268
275
268
261
264
264
268
256
261
263
251
259
262
256
256
254
255
256
265
250
254
254
245
239
243
246
249
244
250
252
250
244
239
244
241
246
246
243
241
238
241
234
227
227
223
220
214
208
221
216
226
231
235
241
231
237
236
240
240
234
234
233
236
237
246
241
237
239
238
238
243
236
237
228
228
230
233
231
240
242
255
247
251
245
246
247
251
241
249
252
252
245
244
241
234
234
233
230
226
229
234
227
229
233
235
232
238
231
238
224
236
243
231
229
227
228
226
231
247
245
244
247
248
251
244
251
238
247
258
259
256
252
258
265
258
260
254
262
260
255
247
246
246
245
248
231
242
238
245
247
248
252
249
249
234
227
229
236
239
232
234
232
231
226
232
242
247
240
238
233
235
241
250
238
232
230
233
228
236
239
244
238
244
241
232
241
237
226
222
230
219
220
220
229
225
222
235
232
239
226
231
228
235
229
229
226
236
235
244
239
239
237
244
235
240
242
232
227
225
233
220
223
234
239
246
253
248
249
252
243
241
244
253
248
247
247
243
241
233
238
240
233
230
237
237
245
235
247
253
254
265
266
268
257
254
252
246
248
248
247
243
247
236
239
243
240
242
238
236
231
238
236
244
238
244
242
230
233
236
233
232
227
227
232
235
239
226
236
240
243
239
241
243
241
234
222
228
223
223
227
231
224
226
226
227
222
229
229
238
238
241
243
243
237
236
230
229
233
225
224
224
233
231
230
222
224
224
228
234
232
226
220
224
230
227
226
235
232
220
231
232
233
218
219
221
230
232
230
222
231
234
236
231
238
238
233
236
234
222
228
225
222
217
213
210
210
221
210
210
209
209
209
226
213
221
221
230
225
228
222
217
224
234
230
225
231
234
234
222
225
221
212
214
206
200
198
208
212
222
221
226
220
220
217
219
213
221
227
225
230
234
227
223
226
232
226
223
215
214
218
208
208
206
203
211
207
208
213
210
207
202
211
216
215
219
221
225
229
223
217
225
221
218
223
213
223
218
220
222
226
226
225
226
216
217
222
211
218
218
218
225
210
215
212
216
218
222
213
204
195
198
204
208
201
211
203
199
199
208
206
215
213
221
213
203
210
219
211
214
213
205
202
205
211
211
207
202
206
213
215
219
214
221
228
223
223
225
221
229
223
228
231
230
234
225
232
230
228
224
223
219
216
210
219
214
211
212
209
218
229
221
215
213
218
212
202
218
229
222
219
229
229
230
221
223
224
225
224
225
234
226
225
230
222
227
233
231
230
228
227
235
222
227
231
227
221
218
211
219
229
233
246
239
229
224
227
230
212
214
226
218
233
230
225
216
216
206
208
200
200
196
197
205
207
203
212
209
220
223
226
230
227
229
232
228
228
226
228
218
217
219
219
213
229
224
217
229
224
221
219
219
223
212
212
211
215
220
220
219
220
211
216
209
210
215
223
215
214
215
217
221
214
219
211
210
217
216
215
222
214
211
209
200
196
198
208
211
224
225
221
224
223
223
223
226
216
215
210
220
220
228
223
212
204
206
214
209
209
215
219
221
214
210
211
221
214
211
216
220
215
213
220
207
210
208
222
217
221
224
223
219
217
216
210
202
211
214
208
211
213
214
209
220
218
224
216
220
222
220
216
216
217
213
217
216
223
219
217
206
212
210
205
211
209
214
208
217
218
216
214
208
205
197
207
203
201
201
204
198
209
200
205
209
209
212
219
226
220
218
216
202
215
219
226
220
208
211
219
208
211
216
214
212
209
202
203
205
194
204
210
208
201
202
201
212
206
211
218
212
217
214
214
213
209
214
205
203
201
194
197
195
193
195
190
180
181
191
187
186
180
177
179
180
188
193
194
203
198
195
195
195
199
195
201
203
190
189
196
199
199
205
201
198
198
195
193
189
193
189
185
179
180
180
173
180
183
174
179
186
179
176
175
182
178
179
183
189
182
180
183
187
193
188
193
195
200
196
185
190
182
180
178
178
183
186
180
185
185
178
175
185
189
189
179
183
178
181
186
181
191
191
194
188
187
194
190
185
171
173
179
174
173
171
181
176
173
180
169
177
183
178
181
178
186
177
179
185
183
184
181
174
181
187
185
187
174
187
195
193
189
181
181
182
176
177
176
179
179
179
182
185
179
184
177
183
174
184
188
192
191
193
193
182
182
193
194
197
197
194
193
195
202
195
195
192
194
192
199
195
188
184
192
189
190
189
181
180
174
169
162
165
167
175
174
175
188
181
180
183
186
191
182
187
182
188
174
176
174
175
178
182
189
184
182
182
176
183
179
182
178
177
175
167
172
174
185
184
183
188
182
184
186
186
182
175
176
170
176
181
182
189
183
183
181
174
178
181
172
176
165
175
181
178
185
182
180
169
173
177
173
173
177
176
167
168
171
163
176
161
160
175
161
163
166
167
172
171
171
180
181
191
179
183
196
192
198
184
181
176
176
178
186
192
185
180
179
172
190
195
202
189
191
181
186
178
188
187
189
196
191
188
185
183
197
194
195
195
204
192
183
187
194
190
190
188
187
194
188
186
178
184
183
182
178
185
190
187
179
186
187
186
177
175
166
164
163
168
167
173
164
167
179
178
174
174
179
187
192
187
182
193
187
183
180
180
181
192
184
186
185
182
165
166
167
179
174
177
173
175
176
168
171
165
163
172
167
178
176
169
179
169
167
167
158
171
171
162
162
163
171
174
170
172
169
173
168
174
171
167
171
171
181
176
173
184
178
176
180
180
184
174
183
174
173
173
178
178
175
181
174
172
179
173
175
180
174
178
179
174
173
171
172
182
177
177
175
175
178
172
174
170
172
181
174
173
177
186
192
193
195
199
192
187
187
186
184
185
181
182
176
177
179
180
179
174
173
176
182
178
170
167
163
163
162
173
162
165
159
156
165
162
165
163
164
167
180
177
182
182
195
187
191
198
180
185
185
182
183
184
183
184
176
168
167
167
167
170
176
178
171
178
178
173
179
172
184
182
181
188
196
202
187
194
193
190
181
190
187
181
173
175
183
183
183
183
176
178
176
174
174
181
183
178
181
175
171
168
167
160
164
161
175
173
173
181
173
167
166
161
171
163
160
159
158
156
149
148
155
151
157
158
164
165
163
165
167
185
183
176
184
185
181
166
173
174
180
178
168
169
173
165
167
166
154
149
162
164
181
183
184
180
179
179
178
181
174
184
174
175
174
179
170
161
160
159
158
159
158
162
162
155
160
163
164
172
169
175
182
184
186
187
189
178
177
174
172
173
176
176
172
173
168
173
177
174
172
171
168
173
171
177
177
185
187
181
189
185
183
190
196
192
193
186
186
183
182
187
186
189
198
196
189
196
192
191
189
189
175
181
177
172
171
167
170
169
182
182
177
174
176
169
179
178
180
172
168
173
178
173
162
165
170
174
166
177
175
176
168
174
163
160
160
165
172
168
173
176
176
192
195
185
188
185
191
190
186
184
182
184
184
179
189
180
182
180
170
179
184
181
199
195
200
194
199
197
197
196
190
193
189
181
184
198
195
207
200
199
194
195
205
192
191
193
189
188
189
189
192
197
189
189
198
199
197
194
196
195
197
187
183
182
180
192
183
188
176
173
178
180
169
175
174
181
172
163
167
174
174
176
175
164
170
167
171
169
179
188
186
184
185
186
193
188
193
190
181
183
177
189
188
186
201
197
188
182
172
179
185
192
193
194
198
182
183
179
179
186
170
176
168
165
171
167
175
178
168
166
164
171
169
172
163
168
174
172
174
163
160
162
159
164
161
162
167
176
168
171
163
170
166
168
174
171
164
167
174
178
184
174
179
176
174
186
189
172
171
172
183
176
173
177
164
175
169
174
171
168
170
171
180
174
185
185
187
184
177
177
180
174
162
167
167
164
162
159
161
170
176
170
169
166
157
162
150
159
166
162
158
159
166
170
166
159
169
161
169
177
175
172
165
168
152
164
158
166
179
171
175
166
165
168
160
168
167
171
166
168
171
175
180
173
187
185
192
198
194
194
199
198
196
196
188
180
187
191
188
193
196
187
184
178
183
187
178
173
170
173
168
174
174
165
159
165
163
170
165
160
164
168
168
175
172
177
180
178
184
173
178
176
172
168
166
175
176
178
177
168
172
175
173
173
176
173
168
165
170
175
177
176
174
178
174
176
177
175
173
180
180
179
180
172
174
177
185
191
181
181
181
187
185
180
183
182
181
179
180
175
172
179
167
181
179
164
174
183
176
185
183
174
181
180
178
180
181
178
184
184
187
170
171
171
170
175
174
171
170
167
173
164
166
167
167
168
168
180
178
170
172
160
157
157
152
167
166
171
169
167
166
159
163
158
161
161
169
178
173
169
169
177
165
168
170
165
171
169
164
169
166
175
174
173
168
173
177
182
186
177
181
177
180
176
178
184
174
180
176
184
186
183
182
169
166
173
166
169
170
166
168
171
165
168
165
174
174
177
171
171
167
167
165
168
159
164
170
175
179
166
166
163
168
166
176
172
167
163
158
172
170
174
163
161
162
159
151
161
154
159
151
150
154
163
156
158
151
156
149
155
144
150
146
148
150
160
157
163
163
158
156
151
146
145
148
141
144
141
145
148
141
148
145
143
141
151
151
157
164
156
159
149
157
162
154
148
144
151
157
155
162
167
165
171
181
176
176
164
164
161
159
163
166
162
165
165
165
163
154
150
154
154
150
156
155
159
160
151
153
145
150
142
142
139
140
144
145
146
144
145
141
140
139
137
137
137
144
155
150
153
165
165
161
164
153
149
150
151
159
167
171
162
173
173
166
162
162
164
161
158
160
153
155
151
158
160
158
159
154
153
150
154
165
162
159
152
153
145
151
149
154
159
144
138
139
148
147
148
147
154
153
151
161
153
148
147
160
158
153
162
156
160
162
165
168
160
164
161
163
168
166
166
175
178
171
169
173
169
180
178
176
171
166
166
165
164
161
160
164
155
160
165
151
154
157
159
159
149
161
158
157
162
166
166
168
166
167
165
165
155
165
162
164
165
161
162
167
166
161
160
162
167
166
162
167
163
162
156
150
155
154
162
163
159
155
157
157
149
152
159
157
155
160
147
153
144
141
148
154
152
154
169
167
174
169
168
161
160
161
152
157
164
173
170
172
173
172
161
162
161
161
165
161
176
182
173
173
167
161
161
171
170
164
167
154
161
163
163
159
156
154
156
155
155
168
163
169
165
172
165
166
167
160
175
172
161
161
156
148
154
156
152
154
155
165
162
163
164
157
149
145
153
156
157
155
156
153
162
166
162
159
160
157
152
156
154
151
152
148
142
139
128
134
140
139
134
147
142
143
143
152
152
156
149
150
155
145
154
150
145
144
145
147
151
159
160
161
154
151
156
155
151
149
155
155
153
157
161
158
156
154
155
150
156
150
143
151
156
150
143
147
136
142
140
132
132
126
136
137
136
133
129
125
123
132
124
138
138
130
135
135
133
132
134
137
133
146
144
135
141
136
139
136
140
139
136
147
147
147
144
143
149
142
147
148
136
142
152
154
147
147
155
150
146
142
151
153
155
144
144
147
158
158
149
144
143
143
144
143
147
142
145
143
144
140
138
142
145
144
145
144
147
144
148
141
147
144
152
154
158
156
152
152
146
140
137
140
139
140
144
152
144
140
134
150
147
150
149
138
135
141
139
146
154
149
144
145
148
141
149
148
150
146
144
140
151
141
146
155
150
140
140
148
138
144
146
141
143
145
142
136
136
133
127
135
126
123
120
126
125
127
120
120
111
114
117
116
113
116
121
120
120
125
131
128
127
127
117
117
128
123
122
117
124
116
115
116
118
117
122
118
123
110
107
107
111
107
104
100
110
107
105
111
108
113
111
120
121
119
123
119
120
120
129
127
123
130
124
124
124
125
118
118
111
115
120
119
122
121
112
110
110
115
106
114
112
116
116
116
118
110
115
122
121
113
119
118
120
114
114
113
119
117
117
109
104
114
116
125
123
127
122
122
124
125
134
129
129
126
128
121
123
128
130
122
121
119
128
123
116
123
116
113
118
118
116
115
120
123
116
119
118
121
119
117
120
122
112
105
110
113
117
121
116
109
117
113
119
119
116
118
108
106
112
108
109
112
115
113
116
122
121
120
117
118
120
120
125
124
119
116
116
113
117
120
114
114
111
114
117
110
117
119
118
120
115
108
118
118
120
124
126
129
123
120
116
113
112
112
116
112
117
115
113
115
112
109
111
112
111
109
107
112
119
115
113
115
117
115
110
116
115
111
122
123
120
120
124
126
130
123
136
128
125
125
123
127
129
129
138
131
125
130
126
124
129
131
123
130
127
127
125
126
127
132
133
134
130
129
127
128
125
130
127
130
138
136
138
137
134
132
126
116
124
117
122
118
112
116
120
116
114
111
121
126
129
124
128
122
124
121
121
131
137
123
130
124
125
122
122
120
114
112
114
121
121
118
113
119
112
119
112
112
113
116
119
124
121
123
121
113
119
112
111
113
112
112
115
119
125
123
127
124
117
109
116
116
113
114
113
120
124
131
125
129
132
136
131
135
134
129
127
126
124
114
121
118
118
115
115
108
106
116
117
122
118
122
130
122
128
124
126
122
127
132
134
125
128
128
119
117
122
121
117
119
127
127
122
126
127
132
122
127
131
130
131
134
136
132
136
124
131
140
132
127
124
122
122
121
116
120
115
118
119
118
122
128
117
120
119
114
115
119
125
127
124
128
121
122
122
113
116
112
116
118
120
117
119
117
116
109
107
110
115
111
108
109
119
118
106
108
112
108
111
110
116
122
123
125
126
125
123
113
118
122
115
107
110
111
110
109
107
100
103
98
98
103
109
113
114
120
119
116
119
118
120
123
123
113
112
115
116
119
112
117
126
124
132
133
128
128
135
125
121
121
117
122
125
123
126
125
120
111
115
120
123
120
118
122
123
121
118
115
105
110
107
112
105
101
105
109
108
106
104
116
112
115
114
112
114
108
106
114
113
112
114
109
108
111
108
108
111
108
111
104
109
117
109
113
117
120
112
107
111
100
99
103
107
111
108
111
116
113
116
115
110
114
108
112
109
104
104
103
102
102
107
106
112
109
111
108
108
107
106
111
117
106
106
106
104
102
106
97
104
100
112
111
113
118
114
118
111
112
118
104
109
108
104
112
106
102
103
102
96
99
100
96
102
100
104
99
105
105
103
99
99
96
98
105
103
98
99
99
104
104
95
101
106
104
108
103
106
116
116
116
118
123
125
120
113
119
121
127
119
124
122
121
114
122
120
125
124
115
124
119
118
111
116
106
104
107
104
106
102
101
105
110
112
114
119
118
115
111
114
111
105
105
111
113
113
104
114
112
109
120
127
132
130
121
128
126
126
122
121
119
123
126
121
122
121
129
134
125
131
134
127
120
124
117
124
123
125
124
128
123
126
131
130
123
128
122
119
117
120
122
116
118
117
121
120
121
126
131
124
129
128
124
132
129
130
126
125
125
123
120
120
123
121
129
130
132
127
127
115
116
120
118
122
115
115
117
110
106
110
114
113
110
107
108
115
109
105
101
104
102
111
115
113
115
119
119
114
117
120
119
117
112
110
109
116
113
112
110
113
117
121
119
118
130
126
128
132
126
126
126
131
132
130
128
126
124
127
126
113
113
113
111
119
119
120
125
124
136
132
134
132
130
127
128
128
127
114
124
123
123
126
126
117
114
110
113
118
110
106
97
108
118
116
118
120
126
130
120
121
120
125
129
116
117
116
109
115
111
114
110
107
110
112
114
113
113
118
122
129
126
127
131
131
131
133
133
136
131
132
131
127
125
127
125
126
117
119
119
127
128
127
121
127
123
119
120
116
117
115
115
121
117
114
115
111
114
111
116
120
120
118
126
117
115
114
117
118
114
109
111
113
123
120
116
117
114
116
111
111
113
114
118
112
109
108
109
115
112
114
110
116
114
115
110
107
103
101
94
96
102
100
102
103
108
114
113
109
110
105
98
101
104
110
112
109
103
103
107
105
108
108
102
97
97
98
92
95
104
101
98
95
100
98
94
90
96
99
98
98
90
94
91
90
87
96
92
96
99
93
89
93
93
94
102
106
103
107
104
107
104
105
105
106
112
111
106
111
104
101
103
107
110
111
110
108
109
102
108
109
108
105
101
106
107
107
107
106
107
111
109
111
106
108
112
112
113
116
122
121
120
120
110
96
99
97
99
100
100
91
101
98
94
99
100
101
104
96
92
88
92
94
98
96
103
98
107
108
108
109
100
97
94
101
104
103
102
91
91
91
95
90
95
100
100
102
104
100
101
109
110
106
103
99
115
109
110
107
108
104
98
111
109
111
107
107
106
111
106
104
105
107
105
97
101
99
96
97
105
100
98
102
107
111
111
105
108
107
102
103
94
101
109
109
117
121
115
116
112
99
99
101
104
107
107
101
99
99
97
104
105
108
113
112
104
104
102
97
92
92
90
96
100
98
99
98
98
97
101
101
95
96
95
97
96
96
91
91
94
96
96
96
92
91
90
94
104
98
95
104
103
103
100
99
100
102
95
101
99
100
108
108
107
110
112
108
112
108
102
102
105
101
106
109
99
94
96
96
97
91
91
93
91
93
88
86
89
96
103
100
100
95
92
93
93
99
98
99
92
96
90
99
97
106
105
102
103
107
110
103
104
104
104
102
101
117
116
117
113
107
108
102
100
99
99
103
102
92
91
95
94
98
106
94
90
93
94
97
98
103
102
100
101
97
97
96
98
97
103
104
103
104
95
94
99
104
104
93
93
95
88
86
84
83
83
81
86
83
91
101
98
95
95
93
92
100
105
103
96
90
89
91
92
92
90
97
98
95
100
101
98
101
108
104
95
93
92
93
99
96
99
96
101
100
104
104
94
99
99
95
101
97
99
97
102
97
94
97
96
101
97
104
98
97
103
102
102
106
105
109
105
92
101
98
102
102
101
101
100
105
107
109
101
99
100
102
101
108
111
105
108
107
110
109
109
101
95
101
99
106
104
100
100
93
98
101
94
100
106
104
104
99
94
96
100
99
93
99
99
103
94
97
96
95
95
93
94
100
100
96
95
98
95
104
99
100
100
101
100
104
103
103
100
100
99
99
105
105
108
99
106
103
103
100
108
108
105
102
101
102
103
101
104
101
104
94
107
108
110
109
113
110
105
104
107
110
109
101
101
96
109
107
107
105
108
117
113
103
102
98
93
97
95
93
97
95
95
99
94
96
97
98
97
103
105
99
96
99
96
99
97
97
98
99
96
96
98
97
100
101
106
102
106
99
98
96
94
96
95
98
95
93
97
102
96
97
91
89
81
86
81
81
83
86
91
90
89
92
90
82
85
87
90
86
85
89
88
92
92
91
85
83
83
84
82
86
90
93
92
88
89
91
96
88
90
89
86
98
94
90
92
92
90
87
85
83
84
84
84
75
78
74
74
79
83
81
84
86
91
95
92
97
91
98
89
88
85
86
85
84
81
84
86
86
89
86
95
95
100
104
105
95
99
100
96
103
103
104
110
106
108
110
111
108
110
101
104
103
102
101
104
106
102
103
105
103
94
100
92
100
98
98
107
113
112
120
118
107
104
97
97
105
99
95
94
99
100
96
101
102
103
101
102
98
96
94
101
102
101
105
104
104
104
99
107
110
100
100
101
100
99
97
96
99
98
98
98
97
100
96
92
90
93
93
97
97
96
98
105
101
104
95
93
98
95
94
93
88
91
88
87
88
89
90
99
96
95
94
89
93
97
97
98
88
84
92
93
89
95
96
95
98
93
95
101
98
92
89
91
92
93
102
100
98
100
102
99
95
91
91
93
91
96
97
92
96
97
96
91
91
94
94
100
96
100
95
97
98
97
103
106
109
100
97
96
102
107
101
103
104
109
113
106
109
107
107
107
106
107
109
104
107
98
97
94
93
92
84
85
84
89
96
93
93
89
88
92
89
89
88
93
88
93
98
99
93
93
91
92
84
87
91
95
97
97
100
96
95
96
94
96
101
103
100
104
107
97
106
100
106
105
103
95
96
92
93
92
91
92
94
97
93
90
85
87
90
91
90
83
90
90
88
88
87
94
90
83
91
98
92
92
88
88
97
102
104
96
103
102
104
110
108
104
102
105
102
100
99
91
95
101
95
98
96
102
94
88
88
87
88
80
87
87
87
89
90
84
82
80
85
81
75
84
86
86
77
84
86
86
85
86
86
84
94
94
93
94
97
97
91
94
94
88
85
83
85
82
82
93
91
92
86
86
91
83
91
90
87
80
80
81
81
81
79
79
85
86
84
84
80
77
80
76
79
86
82
81
83
85
80
80
80
79
73
81
78
78
71
71
71
75
77
71
70
74
78
81
81
77
74
72
72
75
82
80
77
75
71
78
73
70
82
77
76
77
76
80
75
75
76
79
78
79
79
77
76
79
79
80
76
84
90
88
91
85
88
83
84
86
82
83
84
89
85
85
82
78
76
77
79
85
72
75
79
74
75
75
75
71
71
78
84
83
82
70
73
74
75
78
78
81
82
82
76
78
78
82
84
81
80
79
77
72
73
79
85
90
84
83
82
77
75
72
72
68
76
79
81
82
77
76
77
78
77
75
80
78
76
78
81
75
70
66
74
79
82
76
88
85
82
78
81
74
77
75
70
73
74
74
76
77
84
81
84
81
82
80
88
87
82
83
91
91
88
85
85
79
79
77
76
85
81
84
75
80
84
79
83
78
84
85
88
84
85
90
89
91
90
93
92
88
85
85
92
89
88
87
85
90
83
82
82
83
83
92
86
82
85
90
87
89
89
88
88
88
88
92
85
93
91
91
86
88
78
80
81
82
83
83
78
81
83
78
76
69
71
75
77
76
73
80
76
74
80
75
75
75
78
72
78
82
80
80
81
84
88
85
80
81
83
83
77
78
84
86
83
78
80
74
76
81
80
73
76
79
80
86
86
89
88
85
83
83
86
88
80
79
74
76
79
70
67
69
67
66
64
72
69
70
63
64
69
73
68
70
74
75
73
77
79
79
77
72
75
78
74
73
74
76
74
78
79
85
84
84
91
90
85
85
81
74
77
78
73
73
74
76
82
84
82
80
76
80
78
76
80
84
86
77
76
69
76
75
81
78
72
74
77
79
77
73
67
69
74
75
84
82
82
85
80
79
76
81
78
81
80
77
79
73
73
71
82
77
81
78
77
69
75
75
84
86
85
80
72
74
81
79
81
80
77
76
78
76
71
74
76
67
73
77
67
70
66
68
73
70
75
74
75
79
77
80
76
76
78
80
75
88
87
84
89
86
82
80
76
82
85
85
85
79
79
73
82
81
79
82
78
76
79
85
89
90
85
90
86
90
86
82
85
81
82
84
82
86
86
89
85
78
84
82
81
80
74
77
76
73
80
71
76
83
81
83
84
83
84
84
80
86
84
81
87
92
93
89
83
88
88
85
81
83
82
85
83
77
71
67
63
68
68
69
68
72
74
69
76
75
77
80
80
86
86
82
82
79
82
82
81
87
86
88
87
87
86
77
77
74
79
84
81
79
80
77
71
73
73
73
77
74
71
71
70
75
74
71
72
66
71
73
71
72
74
76
74
83
78
77
76
69
70
67
74
76
78
71
70
68
71
70
70
72
69
66
62
61
66
68
65
67
67
64
66
57
65
58
61
64
67
71
73
71
72
71
72
73
66
73
74
74
77
76
77
79
80
76
72
79
75
72
73
74
76
72
69
72
77
81
84
87
83
82
81
85
87
81
82
83
81
84
86
85
79
80
82
83
76
86
87
90
89
91
88
88
88
89
88
88
80
78
83
78
75
80
78
86
81
84
85
80
79
80
81
71
78
81
80
75
84
90
88
84
89
89
89
93
91
84
83
89
91
88
75
77
75
71
78
74
75
76
70
67
68
67
69
68
69
67
71
72
77
71
73
75
79
74
77
74
81
83
84
87
85
85
84
88
84
87
88
89
92
94
91
87
93
92
88
86
86
88
95
89
90
84
78
81
80
79
84
79
77
83
78
79
78
77
81
83
84
80
75
82
79
83
77
75
71
73
69
72
72
70
73
78
80
83
82
80
79
82
80
84
79
80
81
86
81
79
85
84
77
75
75
79
82
74
78
70
72
75
75
72
72
76
75
71
74
73
79
78
81
75
74
73
76
75
74
82
83
89
85
81
84
72
75
81
85
85
85
87
85
84
79
80
83
82
90
86
88
87
84
79
83
77
72
73
73
74
76
77
84
83
82
87
89
90
94
88
91
92
85
80
71
76
80
80
80
81
74
74
79
74
73
77
80
75
77
82
85
77
76
83
79
83
74
82
79
86
80
91
83
80
78
71
68
67
71
65
62
67
68
70
66
66
76
72
73
73
79
72
76
78
77
78
79
74
75
70
65
70
69
66
73
70
77
74
80
79
74
82
73
81
85
82
82
85
82
87
85
82
88
85
83
77
84
83
80
85
81
92
91
88
93
90
88
90
89
87
91
88
88
87
89
85
81
79
77
78
73
73
73
67
74
75
81
85
84
78
76
79
76
80
77
84
90
85
85
87
91
84
83
84
79
85
86
84
87
85
86
91
86
83
84
89
91
94
82
81
87
84
81
85
86
84
76
78
85
80
80
79
80
80
75
82
89
89
85
85
85
87
87
93
89
93
85
85
84
86
77
79
81
83
79
81
80
83
86
82
84
78
71
72
71
74
78
84
82
82
79
81
80
77
80
78
78
81
70
84
86
83
89
85
79
80
82
81
83
82
80
84
84
84
88
91
88
87
84
89
89
86
92
90
87
84
88
89
86
85
87
90
89
86
83
79
81
74
73
71
73
80
83
81
80
83
87
85
81
83
84
88
84
93
90
85
85
82
82
73
81
81
85
81
80
81
81
78
75
80
78
80
87
86
86
86
86
88
82
79
83
81
77
80
82
85
81
78
82
75
81
81
81
85
85
77
88
86
86
83
74
80
84
91
88
88
85
89
85
84
87
87
84
86
81
73
71
74
77
69
73
75
77
76
70
68
69
70
70
68
74
72
71
75
79
82
74
78
82
79
88
81
84
83
79
76
73
69
76
77
84
82
84
79
80
80
78
80
82
83
90
83
83
80
88
84
87
86
85
87
89
91
85
87
87
89
84
91
87
76
68
66
69
69
69
81
79
87
81
82
82
77
74
71
78
82
84
83
80
76
77
78
74
79
82
86
78
75
70
75
73
70
75
74
68
66
66
67
75
73
68
69
71
71
79
84
79
79
80
77
74
82
81
84
88
82
83
77
79
82
88
82
84
77
83
79
84
86
76
79
87
85
86
85
86
90
85
82
82
84
82
82
88
82
81
78
85
81
84
83
86
82
76
72
82
77
76
80
70
79
82
80
77
78
81
77
74
76
79
75
69
77
77
80
81
77
72
75
70
73
69
76
74
77
67
72
67
67
68
67
66
67
64
69
62
66
68
67
70
75
75
79
73
77
76
78
79
75
77
76
76
67
67
69
70
72
72
78
75
81
80
82
79
74
72
74
75
71
75
78
74
74
74
74
80
77
79
72
72
75
81
79
79
81
77
78
76
73
72
77
75
68
70
74
72
73
71
74
77
71
72
73
72
79
80
82
81
80
82
83
86
84
86
86
86
83
84
82
83
78
92
86
84
79
80
75
77
77
78
85
77
73
81
89
86
83
77
79
78
82
77
74
69
66
75
68
75
79
77
77
74
77
76
69
75
74
73
83
85
83
83
77
73
72
78
74
73
74
77
73
75
76
84
87
85
82
80
82
82
74
74
79
84
86
88
91
84
78
83
76
85
77
74
78
78
80
76
82
72
77
75
80
80
79
75
73
78
74
73
76
79
79
81
87
89
92
96
93
93
91
92
93
83
85
85
88
87
82
83
81
85
85
85
86
90
94
84
86
87
77
77
77
69
76
74
76
80
77
79
78
81
80
78
78
80
85
77
76
73
69
68
73
76
77
66
70
66
73
70
70
67
73
75
73
69
68
66
67
64
68
66
66
67
71
69
73
74
74
72
71
69
76
73
74
73
77
74
80
76
81
78
85
71
76
76
74
76
80
76
75
81
79
84
78
81
83
79
86
79
84
84
85
85
85
85
82
88
83
86
82
87
92
95
92
88
87
92
83
81
79
87
86
84
76
78
77
77
78
78
78
85
88
83
81
78
78
77
78
69
74
76
79
77
77
75
72
79
84
77
76
71
73
82
76
75
72
77
77
78
77
78
85
82
82
78
76
80
79
81
81
81
79
80
83
80
79
84
82
90
84
84
82
80
82
85
78
76
73
78
81
80
80
76
68
73
76
77
80
80
80
80
76
74
77
76
67
70
66
68
70
68
71
68
77
78
77
79
82
80
74
72
79
82
79
76
73
74
77
78
77
81
80
76
72
74
78
79
76
78
84
73
67
69
79
79
85
82
82
80
79
72
74
71
75
71
68
74
71
73
73
73
71
70
67
74
78
79
79
80
77
78
85
88
85
81
78
77
78
73
80
75
80
83
78
82
82
78
80
78
79
76
79
83
80
82
83
82
85
82
72
74
71
69
68
69
71
72
78
78
78
75
75
77
72
74
76
75
79
85
84
81
81
82
81
79
83
89
87
89
86
90
89
89
79
77
81
80
83
85
85
88
90
89
83
84
80
79
83
83
88
93
87
85
82
85
91
83
82
81
81
79
78
79
82
87
83
76
79
77
78
81
79
77
76
87
90
86
85
78
82
83
87
86
80
87
83
86
90
89
88
86
85
84
83
85
88
95
89
90
92
89
93
87
84
88
76
73
72
70
75
72
81
82
85
81
85
88
87
83
79
75
73
75
78
81
84
85
85
90
92
91
91
92
97
91
93
90
91
90
84
81
80
87
82
81
86
82
82
88
92
90
86
92
91
86
90
86
86
89
83
76
84
89
88
86
87
88
86
86
87
93
93
94
90
84
79
78
80
82
93
82
86
92
89
91
90
87
88
89
85
85
90
89
91
90
88
85
85
83
79
88
90
83
77
77
77
73
68
73
71
74
74
71
76
76
81
74
70
72
73
73
74
73
71
76
76
72
65
66
63
66
73
76
72
77
70
74
76
77
75
71
68
70
77
75
74
79
78
72
78
88
87
90
99
93
91
89
89
81
79
81
79
86
83
81
83
82
88
82
80
79
85
77
85
85
87
81
76
81
85
80
84
88
84
76
79
87
80
82
79
75
74
71
76
69
72
69
72
73
70
72
78
76
80
82
88
85
75
79
77
81
80
83
85
84
79
73
72
75
79
81
80
80
86
90
84
87
88
85
90
95
85
89
91
80
84
84
84
89
89
84
88
91
94
84
82
84
81
82
76
79
80
83
82
76
80
75
79
78
73
75
71
75
72
69
66
76
74
74
73
74
71
77
76
78
75
73
71
78
68
77
73
71
70
77
79
84
79
77
80
80
88
89
85
93
88
87
91
89
86
75
79
77
72
69
73
71
78
74
82
77
77
77
77
78
77
82
79
81
76
78
79
79
89
85
83
90
85
93
95
89
88
84
84
83
82
83
77
80
81
72
69
73
77
69
73
75
74
72
74
78
73
72
80
81
78
81
79
73
67
75
78
79
86
79
86
88
89
84
84
84
90
86
84
83
83
83
83
79
80
84
80
85
83
82
86
82
85
82
88
80
75
80
80
73
74
76
74
80
81
80
87
88
89
87
83
83
82
82
88
85
86
81
79
77
80
80
80
79
82
77
74
77
78
75
71
68
72
73
78
70
72
77
76
77
78
74
75
78
79
89
85
88
