712
689
682
679
678
670
670
675
661
662
660
666
651
664
657
646
661
657
676
658
661
664
674
676
674
678
674
677
682
675
673
674
647
658
658
661
660
650
658
660
664
661
655
668
665
673
675
686
684
685
685
678
659
669
656
674
677
687
664
680
672
676
698
685
688
675
677
675
677
681
680
681
682
675
666
687
693
676
678
673
662
671
651
664
656
664
658
662
650
644
641
638
630
627
622
621
627
615
599
608
600
618
620
615
636
653
666
677
674
670
663
673
657
656
659
648
658
671
674
671
657
670
687
675
654
655
649
647
642
653
649
641
631
651
637
625
637
633
636
659
648
655
654
648
654
658
651
648
660
646
665
659
659
664
677
666
663
681
665
673
669
681
681
679
659
666
669
671
664
658
655
653
646
627
634
638
647
658
643
643
674
666
669
661
675
668
658
657
671
665
647
658
651
667
677
687
685
676
681
683
679
682
681
671
678
684
675
672
677
679
675
663
691
669
671
675
680
661
657
655
668
651
662
648
646
650
637
634
625
613
602
610
631
620
610
592
607
607
607
604
613
606
598
606
609
611
607
613
611
631
638
631
630
635
638
649
644
645
651
647
641
644
636
637
623
607
616
624
603
601
606
600
590
587
599
603
588
598
596
604
597
607
609
619
601
613
607
619
635
622
610
607
602
593
592
618
613
599
599
585
590
592
590
585
595
598
608
595
592
602
599
607
601
603
601
596
598
602
598
604
601
606
602
584
591
585
595
595
589
605
600
604
603
607
616
619
614
608
617
631
632
629
628
626
624
614
599
624
621
616
604
581
580
580
602
602
614
623
627
645
637
616
608
616
607
618
630
639
630
637
626
599
604
596
592
617
604
614
606
609
611
602
612
600
621
613
613
602
592
602
613
625
639
630
643
631
609
623
606
598
601
592
601
593
579
600
606
612
633
626
607
602
590
617
614
611
614
620
606
603
610
612
619
613
633
628
621
624
619
623
602
619
607
602
603
593
609
594
607
615
623
621
617
629
632
632
614
612
611
620
624
618
613
632
635
650
636
618
618
625
615
639
636
637
649
649
641
635
626
621
607
617
620
620
613
608
607
594
604
590
614
623
606
623
628
633
628
631
628
626
655
662
652
642
647
637
634
632
632
625
626
636
641
621
604
605
612
612
626
613
607
609
602
586
604
604
591
601
595
603
609
611
592
595
584
594
613
618
621
623
610
585
611
606
611
625
618
615
603
577
571
578
562
574
571
582
585
599
598
603
592
598
601
597
599
597
609
588
581
575
575
578
583
598
586
566
576
584
601
605
588
595
594
588
589
577
574
572
571
588
588
589
602
607
593
578
571
600
613
594
607
610
607
595
599
620
618
619
613
602
598
584
601
596
595
592
599
591
608
597
591
597
584
603
597
598
591
594
591
592
589
594
591
599
606
609
609
620
614
603
596
594
592
597
588
593
603
593
597
586
594
592
597
594
585
580
582
599
595
583
570
596
607
599
617
590
600
597
610
593
606
620
604
611
629
612
593
602
617
619
626
629
617
632
630
634
632
630
624
625
635
636
634
625
618
615
613
613
607
594
595
592
580
597
591
605
611
616
619
610
612
616
616
620
612
612
614
628
614
599
609
617
612
622
624
618
615
614
609
601
575
566
565
571
573
571
562
561
563
565
574
582
567
561
554
565
569
570
584
585
590
589
575
583
575
573
577
570
568
560
562
547
564
565
576
582
582
581
585
592
585
591
616
618
610
606
623
629
626
620
613
618
624
615
610
613
610
623
622
632
623
608
616
616
609
611
607
600
597
607
602
602
592
599
607
599
595
604
601
606
601
618
619
626
615
606
609
612
606
615
630
620
612
632
628
617
619
634
636
625
614
617
626
622
607
604
599
608
606
606
612
618
616
616
617
608
600
585
581
586
578
590
602
597
604
598
599
594
596
594
610
610
604
607
595
601
606
604
593
611
591
582
583
592
584
612
615
619
615
608
611
611
592
594
595
593
601
580
568
566
585
572
569
563
548
546
536
535
550
549
559
540
548
541
546
553
547
552
543
550
546
562
563
556
556
555
560
568
574
568
554
558
562
583
587
594
588
591
608
602
591
596
592
603
594
581
598
591
588
578
583
600
608
600
607
592
587
590
602
596
608
616
618
599
597
611
618
620
605
600
612
599
599
610
593
594
597
586
597
588
587
605
610
602
616
604
604
604
607
595
615
619
623
603
599
604
591
594
597
616
609
607
622
624
618
604
619
612
603
619
618
631
614
623
614
620
625
625
611
605
610
592
600
606
608
602
603
602
591
580
597
585
583
595
588
580
591
607
595
597
607
578
577
566
572
578
568
583
593
613
592
579
590
596
583
591
582
599
586
590
598
582
584
611
596
591
586
600
589
598
601
608
604
607
608
610
614
613
595
584
589
591
606
593
608
583
594
601
587
594
591
596
597
569
585
584
585
567
583
595
587
578
576
591
572
577
574
571
581
599
601
587
591
587
566
580
595
594
584
573
569
564
562
567
559
581
571
586
576
587
564
584
586
588
590
608
589
602
612
617
606
619
614
610
604
601
620
611
610
602
606
606
615
602
593
597
598
589
602
581
586
586
567
555
562
552
578
570
567
560
560
564
554
579
585
573
597
606
590
621
625
629
622
619
624
628
628
628
621
623
612
615
607
596
592
604
595
591
588
579
579
573
588
584
591
603
605
617
610
594
588
582
590
615
612
609
608
599
604
601
597
600
589
595
595
602
600
588
608
609
585
594
598
604
604
612
609
602
627
626
629
617
625
613
612
626
619
616
612
596
608
620
625
621
621
621
628
610
600
611
617
622
620
613
618
631
628
625
631
638
618
613
618
622
614
602
609
613
618
605
613
605
609
602
601
595
597
591
581
580
574
587
605
595
588
589
589
583
579
590
593
579
587
578
578
598
618
598
612
610
612
620
603
593
589
588
596
588
574
573
573
585
585
569
583
589
595
583
582
577
572
564
562
570
576
585
580
574
584
576
585
586
596
602
598
586
597
599
602
608
610
604
600
623
631
635
633
622
628
634
636
631
631
624
637
624
617
615
620
612
618
602
617
625
620
608
598
609
587
588
593
585
579
585
579
593
595
605
605
599
604
603
609
623
618
614
615
614
599
621
614
613
622
606
601
607
600
591
585
611
603
603
594
597
599
589
606
600
602
597
598
586
596
587
581
563
564
571
585
581
579
583
602
596
599
595
597
592
595
600
576
590
582
596
572
578
560
567
568
565
568
573
572
579
575
589
580
584
582
575
591
594
594
593
592
589
577
578
571
568
567
570
556
567
567
571
576
576
573
576
575
579
572
576
586
576
559
567
568
570
576
569
558
572
549
565
575
590
586
582
595
600
579
586
571
573
564
574
569
568
568
573
573
577
559
571
572
560
556
568
580
579
592
597
592
584
595
586
594
576
589
589
572
565
545
549
544
551
546
558
566
566
566
570
563
558
570
591
591
588
574
582
579
580
584
584
575
589
578
598
585
600
600
604
610
597
604
615
614
625
612
611
613
635
626
615
616
626
613
609
606
604
615
596
614
611
620
626
625
608
612
594
586
578
582
553
547
535
540
556
575
579
583
578
576
598
587
574
596
581
574
572
561
572
566
580
572
567
578
572
574
592
590
578
573
569
584
584
578
566
564
566
580
576
568
577
597
598
604
594
585
589
581
593
571
563
565
572
587
581
590
582
584
590
605
603
604
606
595
607
591
589
584
584
588
581
579
591
579
589
597
586
577
581
589
586
584
584
589
599
584
592
591
592
601
603
628
618
605
610
602
604
611
619
615
618
618
623
620
623
604
625
613
614
625
610
598
589
600
612
594
599
586
585
600
593
596
598
599
607
590
577
558
550
549
551
547
555
568
567
582
579
587
574
588
581
578
569
572
578
563
547
560
555
552
540
536
555
557
561
567
569
554
553
542
534
558
554
567
549
532
533
537
551
557
570
563
561
556
564
552
549
555
542
557
552
561
569
578
597
580
588
570
569
559
570
567
571
563
557
558
553
566
551
549
554
553
557
553
560
558
551
549
530
534
528
536
550
553
555
549
556
557
559
543
536
544
553
539
550
534
532
542
551
539
553
547
557
558
553
563
558
562
568
559
574
576
590
562
566
561
567
571
565
575
575
577
599
592
592
595
583
566
570
586
585
589
615
611
608
610
590
580
573
572
578
570
588
579
583
585
579
596
584
591
585
572
556
560
561
557
569
571
572
568
561
557
565
556
561
577
567
570
554
550
572
570
563
552
555
559
558
564
556
547
553
569
570
577
591
595
594
602
594
571
569
562
569
575
556
569
560
551
569
574
566
575
568
568
562
569
585
577
579
583
571
577
577
583
601
589
577
565
558
558
565
569
591
583
575
587
571
574
585
590
583
589
599
590
584
588
588
577
556
566
555
535
522
536
546
558
553
560
563
561
554
548
552
568
566
567
571
566
563
559
562
561
538
547
571
581
571
575
569
569
566
565
573
565
583
573
571
561
554
553
547
554
557
558
573
576
569
560
560
566
564
568
559
570
562
555
540
542
534
548
532
539
555
543
555
549
555
547
555
560
556
549
538
549
545
555
578
569
559
553
545
552
543
525
535
524
538
544
524
508
535
533
531
533
541
548
559
542
550
541
532
528
522
532
522
527
559
551
550
555
548
540
522
530
534
537
541
533
519
509
519
520
530
523
525
542
561
563
572
562
571
574
579
570
557
569
551
558
549
563
565
541
552
545
551
548
539
545
533
545
547
544
548
553
539
545
537
538
535
544
538
530
538
533
540
539
546
541
555
561
546
543
553
554
547
553
540
542
550
545
542
534
528
549
540
531
523
509
528
523
522
536
550
542
546
558
536
532
528
537
544
544
531
540
548
545
553
548
555
555
551
538
539
540
536
529
544
541
555
566
557
550
552
536
539
548
546
546
541
543
554
550
545
537
533
525
534
524
535
529
538
544
538
534
531
516
533
531
535
533
553
574
558
560
552
559
567
554
533
519
533
518
535
524
530
542
537
536
549
547
523
521
537
536
527
522
524
521
531
547
554
548
541
550
564
549
551
552
558
557
566
544
563
562
577
570
564
569
556
557
543
533
546
555
546
545
547
538
534
534
533
528
542
533
534
540
537
536
534
553
561
555
548
529
536
545
533
525
525
539
542
555
541
545
542
528
526
540
526
542
539
535
521
540
531
536
529
530
535
541
554
529
540
541
532
539
547
529
535
530
549
550
531
521
536
537
541
544
543
534
524
507
519
523
516
511
517
507
525
527
535
524
515
512
506
504
491
479
469
439
455
457
477
482
479
480
475
491
490
493
490
485
488
498
505
508
508
498
491
496
487
485
487
509
508
513
513
517
508
534
531
528
527
534
532
530
517
516
510
497
489
501
501
515
517
528
533
533
513
509
529
515
519
519
524
523
516
510
520
529
515
505
504
515
509
526
521
518
519
521
518
512
500
507
490
503
498
501
499
506
499
507
508
508
500
502
500
504
498
496
500
487
480
496
494
511
501
500
511
516
515
520
534
526
535
526
523
509
510
515
507
506
490
481
487
495
499
509
512
502
490
509
514
518
504
499
509
499
508
501
494
510
513
509
507
498
503
521
516
516
520
539
531
528
521
507
527
527
537
541
557
553
549
541
522
527
534
534
514
512
505
516
526
524
520
513
532
523
516
516
527
526
529
528
528
531
524
520
516
531
517
530
526
515
530
539
533
559
545
537
535
530
543
532
531
533
520
535
535
539
523
514
518
514
512
512
507
516
519
521
509
518
525
534
516
512
520
511
508
508
509
500
500
496
488
481
516
514
507
501
513
528
519
508
522
521
524
526
521
528
537
530
528
538
535
519
529
523
513
501
511
520
517
512
515
513
498
513
515
516
502
512
515
536
507
503
502
482
487
497
474
494
508
496
499
509
498
487
496
506
503
509
525
521
497
516
537
532
529
512
501
520
531
542
530
521
533
534
537
528
514
508
515
517
521
510
506
518
507
512
502
525
515
520
516
503
533
524
533
536
528
508
501
513
522
511
510
512
501
515
502
507
499
515
508
498
511
512
507
507
506
532
523
507
495
510
513
514
515
523
525
522
517
514
513
506
504
504
502
491
501
499
502
505
501
507
514
509
505
504
499
493
496
480
473
480
483
489
484
482
465
477
478
492
489
507
492
494
486
480
487
493
502
499
514
494
507
504
508
502
499
498
503
501
500
512
518
506
514
506
506
490
490
499
490
482
490
494
501
484
476
487
481
481
497
487
488
491
486
485
484
479
488
487
482
502
503
495
494
489
494
505
502
511
521
523
520
517
514
508
496
503
520
544
536
540
540
547
531
535
516
513
522
508
498
493
509
510
506
502
514
515
514
501
496
506
507
507
515
518
523
514
505
508
508
508
504
492
500
504
501
488
487
480
482
490
496
503
490
506
498
488
486
491
489
490
501
507
520
516
526
512
520
516
517
505
501
513
507
505
513
513
498
501
496
498
487
493
497
505
504
516
523
521
537
531
523
530
541
550
548
529
527
513
523
520
530
526
533
533
536
527
536
517
512
505
500
511
510
499
498
505
510
509
510
516
521
500
508
508
512
493
500
505
501
508
497
493
497
469
462
460
483
466
485
487
495
506
512
504
502
489
495
500
511
511
510
520
516
510
506
510
512
507
511
520
525
522
522
535
534
532
537
527
510
512
505
518
523
516
527
521
504
510
521
511
510
526
519
502
501
497
497
500
493
486
472
480
479
494
485
503
481
477
487
484
492
500
502
503
498
494
495
500
504
497
507
506
504
504
516
527
507
514
509
500
500
485
489
497
478
475
493
481
491
500
503
500
499
484
496
487
482
465
464
462
467
473
476
494
507
496
504
493
496
493
495
504
502
496
514
497
494
493
492
492
485
494
486
499
514
506
506
501
499
519
517
496
505
502
503
500
488
490
491
500
513
504
512
518
514
508
527
511
519
511
517
510
529
537
533
536
538
550
550
547
548
541
531
523
526
505
493
500
516
505
507
503
508
502
506
515
504
509
513
525
521
527
504
517
508
487
484
474
483
498
506
519
507
515
513
521
515
517
515
535
535
551
541
546
536
520
536
535
543
539
547
526
516
531
522
531
534
528
521
524
521
526
522
517
511
527
502
496
495
503
510
495
508
525
522
510
510
501
503
502
509
499
507
509
514
497
523
515
525
517
508
513
503
507
510
517
507
506
492
504
508
508
506
523
543
530
529
529
529
526
521
530
528
537
551
546
539
522
522
516
524
527
533
527
535
528
538
547
529
525
536
519
511
519
505
505
510
513
507
523
534
521
529
534
529
530
516
516
489
503
508
525
518
526
507
496
504
507
514
501
494
492
487
477
481
480
490
497
500
501
521
516
513
509
506
527
510
511
518
523
522
518
510
503
510
524
509
502
502
494
501
504
514
514
506
506
488
485
498
488
490
479
495
492
489
490
498
495
497
510
510
509
514
494
508
511
521
520
516
512
507
518
514
517
509
507
510
496
499
499
504
508
520
517
505
500
491
496
504
503
509
517
505
526
517
519
511
513
510
491
487
501
496
499
498
502
512
505
513
495
515
504
492
502
484
504
501
499
500
512
525
522
524
526
515
515
526
506
516
523
507
504
520
508
524
524
505
512
509
508
507
530
524
524
519
513
519
519
510
508
519
525
516
523
529
531
545
534
526
537
527
514
519
514
509
531
515
511
506
515
502
503
506
505
511
516
508
504
518
510
512
506
505
505
510
511
512
497
508
511
514
518
514
514
511
509
499
487
496
498
495
496
489
490
500
493
504
498
493
496
488
496
498
504
501
502
518
495
494
478
496
491
497
502
484
500
503
512
518
511
512
526
521
521
524
513
509
518
507
510
513
516
496
502
496
496
502
512
520
526
535
515
538
535
517
520
522
524
529
518
527
533
530
530
532
527
526
519
504
522
522
518
515
518
516
519
520
508
513
511
513
507
504
503
523
514
510
520
525
529
536
522
515
517
514
509
513
489
507
508
496
499
498
501
505
509
510
519
513
514
519
517
505
504
516
517
524
517
490
510
514
526
528
522
509
506
512
500
494
507
495
514
512
520
514
519
517
516
510
495
502
492
512
514
516
509
514
515
510
525
524
507
510
509
510
519
517
521
520
517
509
493
493
496
480
482
492
483
492
490
484
484
483
485
485
498
502
493
522
508
499
497
494
496
496
487
498
496
488
490
488
485
489
489
507
504
509
504
511
509
506
521
508
502
504
513
507
504
509
491
504
490
491
475
496
486
493
492
496
498
488
493
477
478
493
485
498
515
508
490
490
493
496
487
481
488
486
495
497
494
500
499
506
509
521
515
507
492
491
493
493
488
481
483
491
490
487
502
500
488
482
491
489
499
482
489
481
498
489
501
495
499
496
482
483
467
483
489
496
497
490
483
478
479
479
468
471
466
448
462
457
468
471
494
481
486
483
498
498
494
491
483
472
483
477
467
458
452
451
452
455
437
453
450
450
436
447
455
443
441
457
451
464
461
461
474
471
461
471
479
475
477
483
493
490
485
481
490
480
486
483
486
499
493
495
496
494
515
511
502
510
494
488
490
488
490
471
491
496
500
506
499
506
523
524
506
510
504
495
490
468
474
487
485
480
468
476
478
483
482
486
481
481
484
494
488
491
482
488
488
489
490
482
487
491
494
475
490
489
488
496
513
510
507
494
501
503
495
498
500
496
506
501
513
501
509
509
500
495
491
481
479
485
495
501
508
504
493
500
491
495
501
514
488
497
500
504
491
509
508
508
493
498
510
493
501
512
516
506
503
493
493
496
509
490
487
482
489
499
491
489
478
477
484
469
457
459
478
484
489
515
501
505
496
499
505
485
496
504
506
504
507
515
516
513
517
516
520
531
533
519
512
492
481
489
496
498
534
506
508
502
511
511
505
496
490
496
496
498
494
490
472
465
469
466
481
475
477
464
476
479
486
489
499
487
489
475
484
492
489
465
476
478
498
477
479
481
486
484
467
486
501
505
504
488
482
501
500
490
482
495
490
492
483
490
486
491
482
473
462
477
462
475
480
484
489
496
496
490
485
492
473
482
480
485
488
483
483
500
499
503
495
485
493
489
495
506
510
509
514
512
517
517
512
509
508
500
511
506
505
502
495
506
493
495
487
490
481
476
475
477
484
479
482
496
503
503
510
503
500
487
496
501
493
495
481
477
472
479
461
471
460
465
463
454
456
466
476
473
463
471
480
478
471
459
467
463
458
441
459
453
456
459
473
461
458
463
463
467
468
477
471
458
448
453
453
470
468
455
460
468
466
475
467
473
459
463
470
462
471
485
479
492
484
482
476
491
494
488
495
486
491
498
505
495
502
478
464
472
481
488
484
484
482
490
490
500
496
484
481
488
485
472
470
474
485
487
487
487
484
492
492
495
496
512
508
503
498
502
506
495
504
490
499
495
495
494
477
489
481
479
467
471
461
455
458
447
454
461
468
456
455
448
440
448
454
467
443
447
457
462
461
456
462
451
460
458
453
458
451
448
459
446
455
443
446
428
434
448
464
462
464
456
468
469
477
482
485
464
467
466
468
473
477
476
473
483
470
468
462
464
465
456
460
470
474
461
465
465
460
483
463
492
492
486
496
483
472
494
502
497
487
487
486
494
504
491
476
457
458
452
450
461
453
464
460
475
473
471
457
460
471
489
476
470
469
466
470
468
468
457
449
465
467
445
450
450
438
442
443
447
438
446
444
451
464
466
467
468
466
453
452
459
468
466
465
465
450
461
455
462
455
455
462
459
461
465
479
499
490
480
469
457
462
468
462
473
473
470
472
461
468
465
475
478
464
458
461
472
457
472
466
472
469
460
465
472
468
459
457
450
462
463
454
460
455
451
454
453
441
444
444
437
440
446
451
446
446
436
445
435
449
452
456
448
446
457
469
458
450
463
453
458
471
477
472
465
464
469
456
459
464
461
463
457
471
468
463
444
445
437
435
436
447
453
452
446
451
463
444
444
462
455
467
473
477
482
476
475
456
464
456
457
465
445
456
459
457
464
462
459
446
464
456
462
467
467
460
456
458
444
457
462
452
448
438
443
447
457
448
449
446
440
440
434
445
443
461
445
446
436
437
442
446
453
453
451
449
439
447
449
440
450
450
461
463
465
465
456
444
463
462
462
454
463
462
458
457
455
458
443
448
449
450
440
437
448
445
444
431
420
425
408
423
415
424
419
429
432
434
442
437
446
436
443
442
437
442
440
433
430
424
428
424
434
439
433
437
429
433
428
420
441
432
432
426
425
423
433
432
440
433
438
442
448
456
453
448
447
443
461
466
468
469
460
463
460
456
458
456
446
442
439
441
463
450
459
448
433
433
443
452
445
437
447
439
439
439
435
450
442
447
443
445
436
434
436
448
457
448
442
467
462
464
453
440
446
450
442
449
432
444
438
435
434
452
443
434
451
452
444
431
435
433
436
442
441
432
440
444
448
448
459
449
458
460
464
462
467
465
459
456
448
461
451
453
461
461
447
443
447
449
458
452
452
448
438
445
441
432
438
443
444
442
456
461
456
460
461
456
462
473
466
458
461
459
452
470
471
465
476
476
480
453
460
458
463
452
465
473
478
476
483
484
471
463
458
466
460
467
466
463
454
442
437
439
437
449
438
447
438
443
451
455
456
455
457
451
456
459
456
450
447
444
430
431
431
429
430
424
435
436
452
451
443
446
461
451
440
432
439
444
459
461
441
456
455
443
445
456
451
448
445
455
455
452
456
438
457
452
447
446
449
453
447
453
425
427
427
425
428
433
448
437
434
435
426
434
420
423
423
415
421
427
438
447
440
440
441
447
439
446
435
443
436
445
437
451
460
462
447
440
452
445
461
464
449
457
453
454
450
452
468
480
463
458
466
445
447
454
454
448
451
441
456
446
457
461
467
472
486
468
462
467
461
470
452
460
449
448
459
448
447
451
478
483
483
484
471
477
471
442
455
462
469
460
459
469
464
474
456
462
461
456
464
451
448
448
456
450
445
419
434
430
457
457
461
464
462
463
455
457
446
466
472
478
468
466
441
451
445
429
429
423
434
440
444
436
449
456
442
464
470
469
461
461
457
453
460
443
452
449
439
442
444
454
457
462
457
473
473
479
467
461
458
459
453
452
455
450
448
457
471
472
463
453
449
446
456
450
452
446
447
455
457
469
459
476
470
456
465
480
473
480
477
481
476
475
470
475
482
471
470
445
442
460
443
459
465
462
445
447
451
466
466
455
454
449
452
462
454
466
466
474
461
470
466
461
453
459
459
457
468
461
448
463
471
461
472
466
461
466
462
483
474
462
465
463
462
460
467
464
454
446
437
449
453
459
454
451
441
435
444
448
451
456
459
465
462
471
457
457
460
458
447
439
443
469
460
449
469
452
453
448
456
444
444
447
457
449
451
448
444
435
435
440
434
427
441
444
448
448
442
445
443
443
444
450
450
453
442
443
445
440
444
437
429
433
433
448
436
463
449
449
460
467
461
454
471
469
482
478
470
475
473
455
465
458
464
462
458
467
455
451
449
435
451
442
448
456
446
469
467
462
470
475
462
467
461
459
462
461
458
459
456
447
457
456
484
470
464
463
461
464
470
460
456
447
443
449
449
447
448
441
440
453
447
462
465
451
447
453
450
450
441
454
445
439
449
455
444
453
457
453
447
455
459
463
468
463
457
464
457
448
450
456
463
448
456
451
441
440
454
446
453
460
445
457
445
434
428
438
439
435
426
433
438
430
433
450
447
456
465
458
463
452
476
461
464
460
456
450
453
443
450
450
464
442
460
467
472
457
457
466
468
461
464
459
464
468
474
467
473
463
455
467
476
476
462
466
460
462
444
450
450
456
458
453
432
448
458
448
440
451
462
453
450
446
443
446
450
457
459
454
439
447
441
431
425
414
435
433
438
451
441
436
447
455
461
451
451
456
450
453
470
466
469
468
471
489
489
475
463
455
454
456
458
447
445
440
450
458
460
468
461
449
450
475
465
462
467
458
458
465
456
448
459
470
460
450
455
450
433
446
438
432
431
448
447
435
438
432
432
442
450
442
441
428
438
439
426
425
437
446
447
454
454
446
456
450
442
449
445
447
445
439
438
452
455
461
453
437
443
449
443
457
461
455
472
461
466
452
462
473
469
462
472
467
476
469
460
455
446
455
453
456
456
463
462
475
469
466
467
470
469
448
460
448
463
474
465
470
465
462
464
457
457
471
479
466
465
453
467
468
477
455
466
463
470
459
458
462
441
427
439
426
436
437
440
449
451
461
451
445
444
438
449
454
459
458
463
462
467
467
472
467
465
451
462
459
458
452
460
451
456
451
453
464
472
471
482
479
477
488
486
487
486
493
487
494
479
483
464
472
471
473
467
468
476
455
450
444
455
457
458
464
451
452
450
461
464
471
468
476
464
469
459
452
457
460
454
457
458
461
471
483
472
464
466
479
475
479
491
466
462
454
449
443
430
433
435
442
440
445
438
420
426
425
424
437
423
425
427
413
414
420
417
427
415
416
405
420
415
424
431
423
424
415
413
401
406
405
412
415
415
421
417
424
418
423
423
421
429
417
433
431
436
432
425
434
430
438
427
415
421
423
416
421
420
425
425
418
423
433
428
433
436
441
440
447
459
453
440
461
460
464
456
468
470
469
471
469
465
460
465
459
454
441
441
440
438
437
442
426
443
433
435
427
427
431
420
416
409
431
412
415
425
421
423
426
419
416
422
421
419
421
414
411
420
429
431
436
423
433
429
433
422
427
430
431
425
421
425
425
421
425
429
416
420
415
417
402
400
401
415
415
423
413
417
429
431
410
413
419
414
413
419
433
418
438
422
439
440
435
454
453
448
450
453
447
450
445
443
459
460
452
441
430
443
444
434
440
441
444
443
428
440
439
440
438
439
434
432
425
428
425
418
426
430
439
435
437
445
442
433
432
435
435
423
444
438
440
431
434
434
427
426
423
419
422
414
419
431
421
427
431
429
433
440
404
404
403
402
408
415
416
442
431
436
419
421
426
424
430
432
431
431
439
433
429
451
436
439
444
448
436
429
421
422
428
431
425
437
430
420
409
407
426
417
411
408
424
416
419
427
434
437
445
452
450
447
448
453
429
440
446
443
442
430
440
457
446
447
447
449
438
442
437
448
458
463
460
461
453
459
446
451
444
430
433
428
433
419
416
413
418
419
424
423
419
423
430
440
450
448
446
445
445
451
443
442
441
440
428
438
424
447
450
442
448
456
449
448
440
443
434
444
445
446
430
435
422
427
423
430
433
439
443
432
449
442
455
449
427
451
433
439
435
428
426
425
427
432
430
430
432
429
418
429
430
415
420
423
429
428
430
411
412
433
439
436
443
445
456
442
450
442
445
434
434
442
446
442
437
437
428
433
427
420
428
436
440
447
454
448
439
452
456
464
456
454
451
451
438
438
445
437
448
437
430
437
439
439
446
443
434
425
419
409
421
421
426
429
443
441
441
454
445
440
440
447
433
436
432
433
437
427
427
421
427
430
439
432
431
425
431
438
441
446
440
423
421
428
431
430
426
434
450
436
436
439
435
443
430
432
433
442
433
431
431
420
424
431
431
438
452
450
435
437
442
436
431
440
435
434
426
430
444
438
438
436
434
427
428
437
430
441
450
433
432
424
431
427
434
426
422
419
421
424
437
447
445
446
442
441
440
450
438
445
430
439
445
441
449
450
442
448
428
431
436
428
429
422
436
434
446
455
455
452
456
460
447
444
447
433
430
428
425
430
427
433
436
436
427
440
428
446
450
452
436
436
437
438
449
459
456
449
454
445
460
436
435
425
445
438
455
444
427
436
434
425
419
432
432
455
437
437
436
427
436
431
436
444
439
451
451
448
437
447
423
443
449
446
451
453
438
425
428
433
447
439
453
459
440
443
442
445
446
442
439
443
434
428
437
439
441
426
434
438
432
425
422
415
425
421
420
436
440
446
436
423
423
417
418
419
444
422
431
429
421
414
427
431
415
425
403
408
409
409
408
429
429
421
410
416
416
415
418
425
442
427
431
442
429
438
437
435
423
427
430
427
431
437
446
425
437
450
444
445
439
448
438
446
437
454
456
452
441
442
438
448
447
450
441
436
429
434
438
419
430
441
435
431
433
438
439
438
426
436
426
445
446
448
440
448
444
450
440
439
427
414
417
404
408
414
419
419
407
420
411
419
435
418
423
432
430
421
420
413
417
426
428
438
432
436
413
425
419
398
406
403
410
424
430
427
411
404
410
402
408
421
418
400
403
408
404
403
409
405
408
420
431
441
440
441
440
421
420
428
410
419
416
413
432
421
434
426
432
436
414
425
426
423
414
425
438
427
439
425
436
439
436
447
439
444
448
443
444
446
447
451
452
442
443
451
449
449
449
463
449
445
441
442
431
425
426
419
415
405
410
417
427
430
438
434
430
421
435
433
439
423
419
430
427
420
425
428
420
432
433
435
429
416
424
414
420
426
402
404
402
421
418
425
415
396
411
406
410
402
401
388
392
403
405
406
409
401
399
395
381
390
401
396
392
399
403
391
396
399
399
411
418
417
406
412
399
396
391
397
406
416
410
408
414
418
395
401
402
406
386
393
396
416
402
413
412
397
401
402
414
412
413
405
390
405
400
400
395
398
416
418
432
424
415
412
412
399
408
402
407
405
392
394
403
404
408
409
415
407
404
410
384
366
377
390
382
402
384
396
395
397
394
375
369
390
374
380
386
372
371
375
377
379
373
379
383
390
374
365
375
383
380
372
361
364
363
369
371
366
373
372
369
371
374
382
375
379
380
366
367
372
376
383
360
378
368
375
375
382
373
372
369
366
374
364
356
372
366
359
358
374
377
367
371
374
368
377
370
368
365
366
358
354
353
352
358
364
358
361
365
361
357
351
374
379
375
361
364
362
359
362
363
361
364
372
377
377
367
378
379
374
364
367
361
360
371
365
365
363
361
360
375
383
370
369
371
378
362
375
361
360
355
363
361
365
365
359
356
371
367
361
373
351
358
358
358
354
354
369
372
357
366
373
370
371
369
375
376
382
374
385
384
371
377
370
372
366
383
396
402
391
387
403
386
392
397
396
389
375
388
370
376
377
371
366
372
362
356
353
378
369
371
372
390
388
379
388
377
380
380
369
380
380
375
380
380
374
383
393
395
395
388
392
390
390
372
388
385
368
371
368
379
381
373
369
368
369
369
381
377
372
382
379
388
390
379
383
381
379
376
384
405
397
394
400
394
390
401
406
398
380
379
369
369
355
364
373
379
386
373
375
373
366
364
370
371
372
372
376
367
360
355
350
349
336
340
335
333
348
351
355
356
353
359
363
373
371
377
384
379
381
385
383
378
387
379
373
373
374
355
367
355
369
363
365
379
361
362
357
356
375
364
361
366
377
374
372
382
387
379
360
349
347
355
354
351
366
377
369
365
371
365
371
381
367
368
364
369
367
360
353
341
343
348
339
350
353
339
353
361
360
376
367
369
369
375
364
364
376
354
360
372
374
361
362
360
365
354
355
370
378
382
389
389
379
374
377
383
376
381
379
381
375
365
375
370
360
360
369
376
374
362
373
377
371
378
384
381
376
379
377
382
383
377
374
357
356
373
366
351
353
353
357
359
350
350
344
343
343
344
353
358
373
377
358
357
356
357
358
365
353
342
363
374
367
380
372
362
361
360
353
351
356
354
355
353
353
357
374
371
359
364
369
369
373
381
390
387
391
397
388
376
382
384
390
388
385
388
401
393
404
400
393
398
395
398
381
375
367
369
373
369
371
370
365
362
354
363
358
360
353
357
353
355
353
358
366
364
347
349
350
346
352
358
353
347
363
376
374
375
372
387
381
385
377
389
388
377
373
390
383
390
386
385
381
379
380
373
366
362
366
375
375
353
358
370
366
371
378
374
364
375
364
359
362
363
368
358
359
352
368
359
362
369
375
374
377
379
379
369
376
368
366
361
383
380
382
373
368
367
370
364
356
355
362
357
365
355
359
368
379
363
359
363
378
378
376
372
380
382
368
381
372
375
378
370
371
375
364
347
367
357
364
354
357
373
365
374
374
362
381
375
375
379
381
387
376
379
371
376
379
389
378
375
369
376
387
387
368
376
377
366
361
358
365
356
359
367
365
363
361
376
371
377
378
373
373
368
366
362
349
360
369
368
369
376
386
380
382
373
370
375
369
362
354
370
371
370
374
365
374
372
359
370
361
368
374
373
394
392
390
381
366
381
383
372
371
380
376
385
370
354
355
357
355
354
370
367
368
365
365
350
351
350
353
360
361
364
363
380
380
374
390
382
376
372
385
386
393
398
406
393
395
400
399
406
405
400
412
388
390
398
398
400
392
375
379
379
384
379
387
392
394
388
394
384
385
384
388
387
377
385
387
379
379
380
376
367
367
370
375
381
386
388
388
388
380
375
371
370
355
366
366
365
364
352
355
346
349
359
361
366
362
375
375
371
375
377
375
371
368
372
372
374
370
378
379
373
370
369
364
355
376
368
379
369
371
365
353
365
367
362
352
352
362
358
351
362
355
358
361
362
358
354
359
351
358
347
338
345
355
350
355
350
345
346
341
351
358
352
353
356
368
367
372
371
367
377
380
368
366
378
366
364
367
371
371
371
378
384
381
374
372
355
337
348
357
353
341
357
357
363
366
372
382
390
382
378
373
361
370
378
368
380
384
387
384
380
387
382
377
365
371
370
369
363
354
369
375
377
383
373
365
375
381
384
368
363
374
379
373
364
365
374
364
360
371
379
380
369
369
360
369
368
362
360
358
374
374
361
376
371
378
375
381
379
383
380
377
379
368
364
371
367
371
362
379
383
368
376
380
372
383
396
401
396
380
391
386
400
386
391
385
384
382
370
375
373
383
383
378
386
380
370
371
386
385
380
376
373
367
365
369
369
369
387
379
389
391
385
378
376
370
347
354
369
373
383
375
395
380
381
384
384
375
382
371
371
378
374
360
356
362
364
359
371
371
365
375
376
376
389
388
389
387
398
405
409
404
390
392
393
400
385
371
371
360
370
374
369
379
379
371
353
352
349
350
357
353
347
353
355
369
374
378
373
376
361
373
364
367
376
374
379
365
380
365
368
379
381
376
374
363
361
357
372
377
377
380
384
363
375
372
382
376
385
390
381
378
378
362
372
380
369
371
378
380
378
376
378
369
362
362
357
370
372
373
388
384
372
378
369
364
361
366
367
372
381
385
387
392
376
378
383
386
374
375
389
380
382
368
360
365
376
374
375
361
383
386
366
358
361
354
350
353
372
369
366
373
382
382
376
381
383
383
376
375
374
385
372
368
369
375
369
363
365
371
379
381
377
380
378
383
386
386
385
391
383
381
369
371
359
371
369
352
372
362
362
368
372
353
347
339
336
348
349
344
346
360
357
359
368
358
362
362
352
359
364
356
360
352
352
342
341
346
360
379
384
375
375
372
361
365
358
346
360
357
359
368
374
376
379
381
369
386
388
406
398
397
388
383
381
383
384
376
359
362
362
375
369
379
373
389
390
383
369
366
357
352
355
349
348
354
349
358
353
357
348
352
340
357
373
364
363
371
364
367
355
361
365
360
351
347
353
359
358
374
370
365
368
369
374
375
378
369
375
367
366
366
370
369
368
371
378
382
381
388
379
387
380
363
364
369
360
370
362
367
362
361
353
360
353
356
355
364
370
380
377
376
370
368
361
354
370
360
362
365
348
347
341
341
349
358
358
358
366
360
353
331
346
346
341
343
343
350
341
361
356
358
373
357
368
379
376
378
368
378
378
384
383
380
378
379
377
374
384
370
364
362
368
355
364
366
360
367
373
366
358
351
353
350
360
349
338
341
336
340
367
360
367
367
377
369
349
358
351
370
381
389
374
373
380
382
377
381
372
374
371
369
374
368
368
371
368
365
367
370
381
379
378
376
372
368
364
369
371
372
369
363
368
364
345
358
359
372
363
367
363
363
358
369
374
366
364
365
367
378
376
384
385
390
384
380
379
378
383
383
382
394
388
384
392
389
393
375
385
374
375
370
377
371
371
374
390
390
391
387
381
382
392
390
395
389
388
391
394
385
391
383
385
374
362
355
358
364
373
366
360
361
345
356
350
345
348
356
343
339
342
335
342
351
347
340
342
335
336
336
350
354
354
347
345
342
341
340
349
346
353
348
358
360
351
370
381
372
375
372
372
377
361
368
363
370
359
368
365
358
356
373
354
355
361
347
351
363
363
369
380
377
385
379
382
388
370
377
374
381
379
376
377
374
369
367
367
356
362
365
370
368
373
378
374
375
366
375
371
388
389
390
388
376
381
376
378
367
368
368
360
359
351
351
346
349
358
346
357
359
361
363
370
379
394
369
373
378
371
388
392
376
388
384
370
359
359
357
366
365
374
372
386
381
364
379
389
378
372
376
377
367
357
361
364
360
365
357
356
359
359
367
343
367
370
372
376
384
377
370
372
370
365
376
376
363
380
375
380
379
375
367
370
373
376
377
375
374
363
369
364
365
366
374
375
366
371
382
374
374
375
377
388
384
396
400
377
367
357
358
367
373
364
369
372
381
376
366
359
351
354
348
356
353
349
356
351
355
365
362
354
348
363
361
370
363
365
358
350
355
358
354
349
341
346
343
349
344
350
346
348
359
367
359
355
354
355
371
372
375
377
373
379
385
389
387
380
390
387
388
383
386
395
390
387
406
400
395
388
380
387
381
376
378
380
370
387
380
382
368
379
368
374
388
383
380
376
380
390
397
381
391
379
380
384
381
373
368
359
366
368
368
375
374
373
376
381
382
384
377
371
367
350
351
364
378
363
371
366
372
370
373
380
384
355
363
368
359
366
363
371
366
360
366
372
374
384
388
375
379
386
373
366
364
373
366
370
380
385
376
380
385
382
374
381
386
376
381
384
391
383
379
382
374
379
380
382
386
386
387
380
380
377
380
383
383
371
379
365
360
349
357
355
355
355
353
356
349
357
366
360
363
357
364
357
349
359
346
338
358
361
352
363
356
365
355
358
368
367
362
364
377
371
370
358
371
370
369
367
361
352
358
366
358
360
356
357
360
370
365
362
352
362
379
375
375
374
373
378
371
381
378
386
383
395
375
375
377
378
371
366
372
367
370
379
371
380
374
381
375
372
376
375
374
378
370
373
370
364
370
378
375
366
365
370
358
370
370
365
369
364
371
370
360
367
360
352
361
350
361
356
359
365
369
370
368
363
369
379
366
369
367
385
376
386
395
397
388
408
405
390
378
374
384
388
395
403
399
404
402
403
390
388
378
359
364
364
360
358
363
362
360
365
374
367
361
383
368
375
376
375
363
359
371
363
353
364
362
364
363
367
372
371
378
382
373
380
368
370
362
374
365
367
360
353
355
354
367
372
363
366
374
380
374
378
376
376
377
376
374
368
380
372
383
381
367
372
367
371
377
380
374
371
370
367
371
371
375
367
362
355
365
362
362
358
368
363
362
360
357
356
355
353
349
353
363
365
362
367
384
380
378
381
377
370
378
365
347
368
365
376
382
389
370
377
382
359
369
372
369
367
371
368
381
378
388
376
364
375
381
373
371
373
377
379
388
375
376
369
364
373
373
359
358
356
364
367
357
369
356
366
378
381
366
369
373
378
379
376
375
376
378
383
388
377
362
348
357
345
338
352
331
343
352
358
354
355
370
367
373
366
366
361
370
359
360
358
368
374
374
388
380
388
388
378
372
373
367
365
356
357
351
360
361
349
373
379
378
384
380
388
387
381
384
386
385
375
383
382
374
380
369
354
361
363
367
375
371
373
379
373
367
367
371
368
351
361
364
367
361
362
365
357
362
364
352
351
351
358
357
360
368
374
363
355
357
364
365
369
357
363
355
374
364
364
359
360
367
367
387
385
374
380
378
370
380
374
377
377
376
376
375
368
369
368
366
357
362
357
356
352
364
372
372
373
389
384
375
373
383
391
382
376
370
372
377
370
362
378
373
368
367
365
367
374
385
388
392
384
389
378
373
375
368
378
371
371
378
372
385
364
363
366
365
369
366
358
345
339
339
348
355
360
367
349
365
356
357
356
357
366
370
369
369
373
375
370
377
372
383
379
375
372
368
354
362
364
361
368
364
351
353
351
355
341
343
354
365
365
369
358
361
381
381
370
370
371
361
372
372
371
376
384
388
382
370
377
370
358
371
374
378
380
378
375
379
384
381
374
381
374
381
378
368
370
374
365
370
366
369
373
382
366
367
373
375
374
372
362
383
378
365
356
366
371
370
373
375
371
370
380
366
376
374
361
371
365
354
363
364
370
378
380
376
372
371
373
374
366
375
360
363
376
389
394
398
395
397
400
386
382
392
392
376
372
377
378
365
356
369
360
362
358
345
355
349
353
348
351
347
351
351
350
362
362
361
368
358
364
357
352
345
349
351
339
340
339
358
364
366
355
349
343
345
332
341
337
338
340
345
345
347
343
352
338
334
333
332
314
311
331
330
330
323
334
348
347
349
358
346
353
350
366
361
359
349
355
360
357
354
354
359
353
349
346
348
349
342
359
349
356
354
341
347
336
343
357
347
347
337
337
349
351
343
341
352
343
347
343
340
341
345
338
342
348
343
339
329
335
340
328
319
320
315
309
320
308
309
307
313
313
312
318
321
328
338
328
324
319
329
324
315
309
322
317
314
318
311
313
326
316
326
334
328
333
337
342
338
331
327
312
320
314
312
317
324
316
312
316
324
317
322
335
330
338
327
327
332
327
327
335
330
332
331
327
315
324
316
311
319
313
317
313
293
291
298
291
302
291
295
298
308
300
308
317
314
315
319
317
319
310
315
313
316
319
312
310
303
307
308
314
319
310
317
306
315
313
307
322
321
312
318
324
326
319
320
326
327
328
327
328
332
320
317
324
314
309
327
323
315
324
314
320
316
307
319
323
324
307
312
312
318
302
315
316
313
310
307
316
314
330
325
312
306
309
314
305
304
305
295
296
296
292
297
308
304
308
320
314
320
315
318
323
316
311
314
307
314
314
307
323
316
311
308
305
302
296
286
301
302
307
315
315
312
306
314
317
311
317
313
308
323
307
306
304
312
310
311
310
305
297
311
301
304
301
294
307
298
296
298
296
301
299
307
309
295
304
307
305
302
300
297
304
305
312
311
309
311
303
308
305
301
308
318
310
322
326
320
312
314
321
316
315
322
304
293
309
306
310
292
295
312
310
298
308
311
320
319
316
314
325
318
313
324
320
330
327
321
316
301
299
301
295
292
289
292
285
295
284
293
305
298
307
306
299
292
300
303
298
303
295
304
289
287
271
276
289
298
292
293
283
272
271
273
279
291
297
283
273
284
281
289
288
268
278
283
283
289
290
277
270
271
274
273
271
276
278
262
269
273
281
283
288
293
279
291
289
286
282
288
295
292
290
299
293
298
291
290
291
292
286
274
273
275
276
282
280
281
280
290
301
307
296
295
293
293
291
294
291
288
295
302
298
298
291
304
296
297
300
296
300
295
292
280
290
293
304
294
299
294
298
292
299
293
285
292
295
293
299
291
285
291
287
286
275
278
276
281
277
298
300
293
284
294
293
292
295
287
296
288
289
279
274
284
281
294
290
293
288
280
283
285
285
285
282
284
289
293
299
295
305
293
305
304
305
314
317
305
298
297
294
299
299
297
304
305
312
309
307
306
294
284
298
305
302
302
295
290
272
276
280
275
280
273
276
284
279
274
273
279
281
279
275
278
288
295
297
293
304
281
279
277
276
291
287
291
297
295
299
306
301
290
291
291
284
280
286
284
283
280
285
288
286
296
294
299
313
312
321
308
305
303
309
303
314
312
304
301
293
298
291
302
300
287
296
290
282
290
289
282
283
288
294
287
290
280
285
276
274
275
275
277
271
264
273
277
268
275
276
276
269
280
281
277
282
279
272
271
269
277
274
285
269
271
274
266
271
270
280
278
271
272
276
278
284
286
284
293
287
297
299
293
297
290
289
292
286
284
278
282
279
284
288
282
291
306
306
310
297
306
307
290
297
301
294
290
289
284
285
301
300
303
291
307
309
306
306
308
297
311
308
303
301
292
280
286
275
277
283
283
280
274
265
267
260
256
247
247
265
263
269
267
267
264
275
266
267
271
270
268
268
263
267
263
269
276
282
282
280
278
279
282
283
276
272
264
269
266
262
266
272
282
282
280
271
266
260
260
270
286
270
276
268
278
288
279
279
280
283
270
258
260
255
254
241
255
264
263
264
268
269
263
270
279
272
268
277
273
269
268
265
276
277
275
273
274
270
272
270
279
275
258
267
265
260
269
271
278
274
274
295
302
295
296
291
297
292
298
295
281
276
291
300
290
284
276
280
271
265
266
276
277
283
282
287
291
295
304
309
299
301
300
301
290
299
303
283
286
288
287
283
287
289
296
287
288
276
285
284
283
291
286
290
290
278
274
287
286
291
283
285
289
280
278
275
268
266
272
271
271
275
269
273
268
269
269
270
280
283
280
288
281
273
270
279
280
272
273
269
264
261
265
255
255
241
255
263
260
251
250
253
243
242
234
242
246
255
260
251
258
254
259
253
252
260
263
273
260
267
264
266
262
256
270
260
252
257
260
258
268
258
256
258
245
253
242
244
253
244
252
252
255
256
