848
838
850
844
847
834
846
843
839
819
814
812
804
808
818
810
823
825
831
826
814
832
820
822
818
813
804
819
819
832
840
844
843
824
824
821
810
815
826
812
820
819
822
815
814
806
803
817
828
824
805
815
815
815
810
805
811
814
826
831
825
819
823
811
799
818
833
830
817
814
814
798
797
792
782
794
822
794
802
789
797
796
807
822
804
806
811
805
803
792
798
820
815
807
794
790
800
792
804
788
773
780
792
799
786
784
784
785
782
775
798
786
784
787
788
790
806
795
797
808
807
818
829
827
822
813
805
799
800
803
797
800
798
805
801
810
796
816
796
802
789
803
776
792
788
780
799
791
797
800
799
814
803
799
792
790
788
783
804
791
792
804
827
824
818
825
808
807
796
802
795
796
812
810
826
825
823
803
806
814
817
805
812
818
819
839
831
808
786
801
807
807
813
820
809
824
810
814
833
801
816
808
803
800
806
803
789
788
815
807
796
795
779
781
803
796
815
814
811
828
822
806
807
800
798
796
798
796
802
799
803
806
804
803
795
806
793
798
812
798
800
793
799
809
824
815
812
786
776
786
784
803
796
788
794
790
781
796
798
800
784
768
773
776
767
768
767
773
786
785
772
787
776
793
793
793
798
811
821
826
820
825
810
805
809
808
823
829
810
786
808
813
807
815
819
839
840
852
843
828
818
803
805
797
800
819
829
811
811
818
822
813
818
810
817
823
828
843
830
823
837
818
800
810
813
808
822
837
834
831
830
815
800
801
783
793
800
787
790
792
801
791
781
796
797
809
822
810
802
801
825
805
823
827
802
805
818
812
808
807
801
797
813
807
820
829
819
838
832
836
835
822
816
835
806
814
835
847
831
829
813
825
802
796
797
785
792
783
807
796
795
815
816
817
811
805
802
802
804
814
822
823
821
835
818
815
815
801
800
811
807
804
802
789
778
782
800
790
773
788
774
782
791
790
799
796
805
811
826
831
804
814
821
815
788
793
805
826
820
837
827
823
826
824
813
808
798
820
797
792
803
828
804
796
773
795
776
783
786
792
796
795
794
790
781
795
782
791
798
804
791
807
815
812
804
816
814
809
810
804
810
793
816
829
827
830
835
822
824
819
814
813
802
829
837
826
825
817
802
838
827
835
828
837
827
820
822
794
801
800
805
803
825
824
829
830
834
825
831
835
823
833
819
819
810
824
820
828
810
807
810
803
817
802
809
803
801
821
813
827
817
816
811
820
805
813
811
809
815
827
856
838
860
848
849
854
856
855
840
828
827
822
807
803
826
821
813
799
809
801
796
801
806
819
825
821
823
821
813
814
818
816
838
842
828
820
831
811
818
817
815
815
811
807
809
808
803
798
804
815
807
810
830
834
826
819
788
786
781
798
789
805
806
794
797
803
800
798
786
807
820
822
837
826
797
800
808
819
813
821
821
819
818
829
810
813
812
802
810
820
813
806
814
830
824
811
811
829
827
843
830
839
832
832
809
823
829
827
813
819
820
826
822
808
819
831
817
806
797
773
784
767
782
786
789
807
795
797
796
774
776
787
788
785
786
800
812
810
803
812
802
802
826
832
844
840
822
815
825
808
817
805
810
825
807
806
811
809
815
808
808
823
798
800
815
832
814
821
822
823
818
796
812
824
803
794
781
779
791
781
794
784
777
780
785
798
814
807
795
800
793
814
824
839
852
846
855
855
829
822
835
814
832
836
834
830
837
804
799
809
805
781
788
792
792
797
789
782
789
797
817
825
839
835
853
850
835
830
845
819
821
843
831
829
862
848
837
841
819
824
825
813
819
814
823
831
817
817
811
803
808
812
818
806
800
792
794
789
792
807
797
807
805
812
814
800
816
812
827
822
819
804
797
808
792
794
794
788
812
830
809
801
803
809
818
825
824
802
799
808
789
777
787
806
811
816
822
829
829
823
822
830
824
830
820
821
802
812
812
830
816
825
819
812
799
788
813
818
814
821
807
817
830
822
820
843
819
816
807
795
806
812
809
805
802
796
794
776
779
775
790
796
795
796
808
816
823
806
821
812
814
798
791
799
799
783
793
780
784
777
762
771
776
788
787
773
768
770
796
813
793
797
794
806
806
817
802
818
805
809
806
812
822
817
807
813
808
809
826
822
824
804
808
790
813
813
797
815
810
831
821
804
812
806
818
811
811
787
803
805
798
801
799
798
808
792
790
799
790
787
782
788
795
794
796
797
806
800
812
795
813
817
799
783
799
808
795
790
787
781
770
774
775
793
787
788
796
801
807
804
794
789
784
788
782
776
785
796
792
781
791
786
772
776
787
789
806
786
817
791
796
810
802
786
795
792
787
780
781
786
780
799
797
815
800
803
814
821
825
826
795
809
806
807
809
815
834
815
825
815
809
838
815
821
814
813
818
822
822
823
829
828
829
818
812
803
810
805
795
796
788
788
808
800
784
790
796
819
809
810
796
808
808
827
819
830
831
813
818
812
810
798
800
801
793
799
799
815
812
810
825
812
817
811
821
811
824
823
802
816
816
827
821
812
833
823
801
806
797
793
800
812
826
826
840
842
830
832
826
823
824
819
809
820
830
827
814
808
808
806
808
809
804
805
832
824
813
805
807
822
832
818
820
816
818
817
829
820
814
802
808
809
802
795
798
786
796
814
811
822
835
814
813
803
794
801
798
810
803
813
801
802
810
805
799
817
808
812
803
811
812
819
826
818
822
800
803
782
792
795
793
803
798
803
782
792
796
790
788
779
788
796
804
790
787
792
789
781
802
796
800
799
805
797
801
804
813
824
815
817
818
801
807
808
805
797
800
804
812
800
788
818
818
817
814
810
806
803
819
797
795
806
799
804
804
804
822
816
810
797
803
791
804
805
801
799
823
796
814
818
802
809
817
835
825
818
806
827
806
816
823
817
826
826
818
819
829
815
822
824
814
821
813
815
817
789
805
814
814
798
818
806
807
811
801
788
809
805
820
810
808
804
814
801
816
819
820
822
816
820
831
834
808
804
826
814
812
824
803
799
804
802
813
819
815
818
808
814
810
820
836
826
820
819
796
798
801
790
786
783
766
779
774
789
799
804
812
789
787
795
804
821
796
799
786
793
782
793
802
799
799
807
811
817
797
804
796
796
784
772
796
793
793
786
788
806
827
829
819
825
804
835
818
821
816
831
845
814
822
823
817
823
822
818
817
812
815
798
802
815
822
810
807
819
806
813
818
805
798
806
812
819
831
842
856
849
834
841
840
835
823
826
828
834
847
844
856
848
869
861
833
839
839
823
828
831
838
828
815
818
812
804
800
795
810
809
825
796
808
818
818
831
827
821
817
825
825
808
803
798
794
813
806
811
802
814
812
822
822
822
827
823
821
819
811
818
830
810
820
821
809
805
819
820
823
824
802
807
818
810
802
811
811
817
828
822
809
811
803
799
793
798
796
783
804
813
791
802
813
813
812
804
788
785
793
781
789
789
809
809
803
813
813
823
813
818
817
805
802
805
817
829
820
806
793
791
798
782
781
773
783
801
784
776
781
806
794
786
800
790
804
808
799
819
836
827
822
826
857
833
835
838
813
813
824
830
843
843
848
851
842
822
833
835
836
841
838
852
861
873
864
856
850
843
830
828
811
821
821
818
824
814
812
814
803
793
782
786
784
804
800
798
796
817
817
823
815
819
812
810
807
797
795
817
816
819
812
805
822
813
821
832
822
823
825
826
820
840
833
829
822
835
824
823
821
837
817
821
804
823
835
825
836
853
855
848
868
869
863
861
843
842
846
845
836
848
849
845
842
845
837
822
823
826
825
818
815
820
823
814
822
818
815
831
830
836
822
813
795
796
809
796
806
824
821
828
829
823
825
812
798
804
828
821
806
800
799
797
799
813
813
794
796
799
809
802
784
787
779
801
800
791
802
786
786
784
765
784
780
771
779
799
775
806
785
788
785
778
775
771
756
776
787
791
802
801
793
799
794
793
781
786
789
781
767
778
776
782
786
772
757
776
782
783
790
793
819
806
798
811
813
813
820
810
819
818
800
797
821
804
806
809
809
808
796
802
805
798
804
809
809
809
802
800
792
807
823
812
827
817
803
786
791
807
797
809
814
816
817
819
816
803
818
832
819
818
805
792
791
793
813
800
788
789
792
793
786
791
796
806
789
797
786
763
774
797
789
784
774
768
748
757
773
774
792
798
806
802
812
814
814
810
804
799
811
824
817
813
800
788
790
791
806
805
793
788
787
799
815
812
806
809
801
812
806
804
810
782
794
795
797
806
782
787
801
775
773
776
792
798
790
777
775
778
776
776
789
800
801
787
778
788
784
786
796
803
789
800
800
803
791
810
805
809
801
808
806
797
805
803
791
782
783
770
778
770
757
742
766
766
761
759
778
771
787
781
779
782
795
782
768
783
772
780
770
764
790
792
783
790
778
774
773
795
806
816
803
802
786
793
801
826
816
808
808
803
807
811
799
810
816
822
819
824
821
805
807
798
796
780
772
767
787
767
783
777
776
771
763
775
762
759
760
763
770
763
770
756
747
746
740
750
756
761
766
771
769
778
779
795
791
782
791
792
803
826
797
811
813
802
802
793
798
806
805
808
801
820
818
835
831
825
828
832
833
827
824
821
806
801
803
793
789
787
795
812
814
825
809
803
785
790
790
798
791
785
791
783
779
781
787
786
785
782
808
798
790
791
760
766
784
779
774
787
778
781
775
774
777
767
779
781
778
788
772
777
774
774
762
773
759
760
770
781
793
788
782
764
752
775
771
756
770
767
762
758
777
773
783
778
762
786
790
770
788
795
788
796
792
798
772
801
786
807
790
795
798
782
781
786
796
786
778
781
801
786
799
819
804
811
800
794
808
793
794
805
799
803
804
820
811
795
795
798
792
805
792
785
787
784
768
774
771
764
777
778
800
796
783
786
789
800
792
783
787
794
807
797
784
777
763
764
789
786
778
788
796
781
796
791
794
792
798
795
778
781
795
794
786
785
781
769
765
780
802
798
810
796
807
796
814
809
803
801
808
815
806
802
813
797
803
808
794
761
777
775
748
746
768
762
764
752
771
774
766
765
782
786
767
776
782
774
790
797
787
774
767
765
782
774
755
764
775
778
776
787
787
775
786
782
781
805
797
775
791
805
804
782
784
788
788
794
785
776
786
797
802
780
768
765
765
767
771
774
798
777
785
800
831
810
801
805
797
809
811
796
802
806
785
789
777
786
795
796
802
808
797
798
812
786
780
794
795
782
786
793
795
786
791
783
792
792
777
793
793
797
800
789
788
788
775
759
769
766
754
763
758
745
756
751
750
758
759
773
761
752
759
779
771
770
774
756
765
764
777
772
797
803
810
809
791
784
778
774
788
794
799
808
804
805
806
813
807
816
819
824
813
805
822
806
813
827
819
815
815
807
810
817
837
827
808
804
795
824
810
795
791
779
772
792
792
792
778
772
774
789
779
781
792
790
795
778
763
764
770
771
774
779
786
784
782
779
777
783
787
768
789
773
784
773
783
778
782
783
782
786
783
787
795
799
776
795
805
807
806
802
798
803
808
804
805
806
804
806
799
773
783
789
783
800
817
803
808
803
824
796
802
779
798
803
806
818
821
808
798
793
762
769
775
781
779
769
766
782
783
773
791
792
804
801
802
795
784
814
800
794
787
782
783
779
783
774
766
780
753
751
751
762
778
785
779
781
766
768
770
776
782
786
792
805
792
781
769
781
771
792
792
789
793
787
771
794
785
783
777
765
766
761
765
784
791
779
794
788
796
803
789
780
779
773
764
793
771
770
781
761
778
797
789
808
807
797
799
790
781
779
789
791
775
785
781
791
765
764
786
779
776
765
776
778
782
780
792
805
789
781
777
758
756
742
740
750
771
784
764
782
781
776
781
797
779
766
778
776
775
796
793
795
787
798
803
801
792
793
788
787
811
797
801
797
801
795
803
802
791
797
780
775
775
773
777
770
788
796
814
794
771
795
801
806
818
822
811
811
820
810
814
817
822
818
804
817
815
815
816
813
822
809
795
798
798
786
789
778
778
768
770
759
787
777
774
752
762
767
773
786
795
784
796
797
793
796
796
791
782
801
802
801
788
797
792
793
773
773
775
782
791
781
773
785
777
772
775
757
760
756
753
759
760
774
780
774
768
775
779
787
789
776
790
770
774
785
789
796
795
795
777
783
794
782
786
805
800
820
818
808
791
789
794
790
796
780
785
772
784
807
805
801
789
779
768
772
768
768
764
775
780
771
767
769
779
779
795
783
784
788
787
798
805
795
778
782
781
800
800
804
799
790
814
817
805
799
812
796
801
791
773
758
763
783
773
759
777
769
786
788
784
802
815
801
792
776
795
814
800
813
803
813
812
806
795
790
780
802
799
795
808
802
789
788
779
796
793
813
802
803
813
791
769
793
790
777
773
775
772
788
770
767
768
752
758
739
752
755
765
761
749
740
753
754
758
748
765
749
765
776
791
780
813
805
810
789
808
811
810
809
811
793
799
804
797
792
793
781
794
783
791
799
803
810
801
783
751
755
761
774
796
786
789
814
806
809
810
807
800
788
790
799
781
783
787
778
773
792
788
781
784
776
771
768
768
773
782
771
782
766
771
794
805
800
811
799
799
797
811
818
795
806
805
784
768
795
793
789
775
779
785
781
787
796
799
790
778
788
771
778
770
769
779
764
777
779
777
775
776
776
777
772
790
790
788
761
767
776
762
771
776
777
773
760
764
764
752
758
748
754
773
757
766
773
755
761
786
787
798
807
796
809
808
805
800
815
810
805
790
764
776
779
771
796
784
763
762
771
770
769
758
761
771
776
758
762
761
770
771
771
750
746
759
768
752
748
747
751
768
768
769
774
789
790
767
767
773
753
736
754
778
766
785
775
779
780
776
760
767
780
770
773
779
794
786
775
784
767
776
779
762
751
736
753
765
773
783
778
788
789
801
808
804
786
787
797
807
807
816
824
826
827
824
798
794
788
799
798
798
811
816
815
810
798
805
809
779
769
788
788
790
792
773
759
749
747
741
772
769
767
770
768
766
768
752
738
739
754
762
745
752
742
761
762
754
770
772
771
771
753
756
764
767
769
762
755
748
761
769
755
775
776
779
789
761
781
773
763
757
787
784
784
780
785
791
777
783
763
750
758
763
773
769
768
766
764
751
758
759
764
738
737
750
763
773
776
788
781
781
792
776
779
780
785
774
782
785
779
784
788
780
778
783
789
779
789
785
780
801
796
790
796
808
824
815
816
812
817
821
813
796
797
806
793
799
810
823
812
800
791
804
816
803
805
789
803
800
784
800
800
813
813
814
801
815
817
814
810
808
807
812
807
810
811
806
800
829
831
811
821
808
796
799
808
812
802
800
811
799
804
803
787
806
820
817
802
810
831
830
813
825
816
834
817
804
799
782
781
799
807
791
793
788
793
793
789
788
778
795
798
799
791
791
787
785
776
764
763
773
773
768
768
778
776
774
777
781
779
774
795
787
772
770
780
780
774
792
784
777
799
785
789
805
792
782
794
800
803
803
802
799
794
780
793
762
771
780
776
774
770
789
797
801
799
813
805
806
797
790
803
795
813
832
821
825
843
830
819
817
808
820
813
804
806
816
802
796
807
816
810
805
804
823
802
801
798
795
804
800
798
795
793
803
790
805
807
805
792
790
778
787
791
787
781
788
793
799
783
792
778
803
820
828
827
836
819
833
820
831
834
834
813
828
827
821
811
816
799
802
782
784
799
797
786
772
783
762
768
769
780
782
797
819
805
810
799
809
797
804
802
802
790
801
798
807
811
792
803
797
802
792
788
778
783
795
794
796
784
798
784
792
795
770
774
761
759
769
762
779
766
771
790
763
771
772
757
777
768
773
789
764
766
779
754
743
752
749
765
774
789
793
784
790
780
794
795
787
797
793
798
792
797
779
787
774
777
780
782
794
806
799
806
795
809
802
788
790
811
807
815
813
805
807
790
788
814
792
786
783
782
784
781
775
773
738
764
766
764
776
769
760
766
773
765
765
775
781
784
748
757
747
749
740
748
740
743
752
755
765
780
780
778
799
803
786
774
771
788
791
773
771
768
756
758
758
774
775
772
780
773
770
783
776
759
771
741
749
746
743
747
770
774
763
766
761
758
748
754
761
754
750
752
750
747
741
737
742
746
741
757
735
735
740
744
728
740
749
733
720
734
747
744
747
739
735
724
745
760
773
764
757
761
777
772
775
771
775
769
760
770
754
755
758
752
761
755
751
743
753
754
755
778
780
771
763
750
742
735
749
739
731
727
738
737
735
747
757
742
728
742
744
737
732
738
741
746
738
738
727
741
738
728
731
746
731
722
737
737
744
763
754
745
737
748
771
768
783
791
784
787
765
779
779
779
775
771
774
777
783
785
783
777
774
772
768
766
774
760
783
768
770
784
773
768
753
752
763
775
775
766
780
780
777
790
773
773
774
784
773
780
767
768
747
752
762
776
767
773
773
779
791
772
793
799
801
806
809
796
794
779
783
785
790
795
809
819
817
796
791
801
793
791
783
791
795
800
789
792
781
779
776
777
772
773
778
752
761
750
756
757
747
743
729
728
736
744
748
750
761
768
762
759
759
753
754
771
750
758
757
769
752
759
774
777
761
767
766
767
764
781
790
783
776
782
773
767
757
744
754
759
756
744
742
751
745
736
747
734
743
744
734
739
721
748
725
722
710
725
727
732
738
736
748
728
734
751
739
753
745
750
749
757
756
760
776
783
777
797
799
798
799
784
772
781
789
799
798
787
796
804
801
798
804
808
819
798
808
795
806
798
781
792
771
771
790
779
762
767
774
772
774
783
768
764
775
784
783
784
775
793
795
790
786
786
773
769
771
756
781
773
769
774
764
772
754
741
742
720
715
745
744
747
775
776
776
759
760
766
767
763
770
757
755
750
755
763
782
786
776
745
741
722
737
730
719
730
737
738
738
744
738
742
756
735
751
762
768
768
762
762
750
764
738
736
749
750
755
747
772
775
772
750
759
767
747
770
777
771
784
773
773
762
745
752
758
765
758
751
753
744
744
745
741
758
743
736
717
742
739
738
733
746
746
756
737
747
755
753
782
770
782
768
759
773
767
777
773
771
771
768
759
753
764
755
769
781
787
777
793
773
791
779
777
784
784
792
783
779
772
773
779
775
782
788
786
786
792
788
779
785
779
781
763
767
746
747
749
744
750
751
755
752
732
750
762
748
761
765
780
776
749
770
772
757
764
770
761
763
769
758
743
756
750
742
752
782
791
780
781
796
786
782
783
790
803
766
772
778
759
776
776
784
777
784
786
771
765
759
764
772
770
766
772
779
797
787
793
794
771
792
775
770
775
773
778
781
772
771
799
784
786
782
775
780
775
767
758
776
775
779
781
801
794
802
797
785
774
776
767
767
752
749
758
756
755
767
789
775
775
771
764
769
774
752
749
748
763
752
748
776
768
758
741
740
753
736
741
731
743
743
756
752
760
755
768
759
738
742
734
740
739
745
756
772
755
772
766
759
758
764
774
776
770
758
768
765
775
772
772
777
771
785
788
798
773
784
781
772
770
780
768
769
782
766
760
770
762
760
755
784
769
776
773
779
788
791
789
794
787
791
772
775
775
769
771
762
756
762
759
780
758
783
785
791
777
779
780
786
789
794
803
794
796
783
786
769
780
770
773
779
765
753
757
771
752
758
774
790
802
777
767
770
767
754
754
784
776
779
763
756
752
753
756
745
736
750
736
734
720
722
724
731
737
754
763
766
765
753
748
754
746
764
760
761
766
755
756
781
756
752
751
762
775
764
778
777
769
801
791
806
788
791
776
790
757
763
761
749
756
747
750
746
737
736
744
745
745
757
742
736
754
746
761
744
750
758
753
765
742
770
764
773
781
774
754
760
773
766
786
780
771
782
761
760
750
768
778
751
741
735
723
745
759
769
775
770
750
765
766
778
764
779
770
775
768
761
761
799
798
787
773
784
777
773
787
767
776
777
773
781
765
773
790
785
796
797
813
812
794
805
793
797
788
800
788
778
780
783
787
777
766
763
779
766
757
767
755
753
754
757
751
755
760
750
763
755
743
751
751
759
773
778
759
766
769
771
787
778
780
764
746
773
771
782
789
799
793
791
770
768
780
765
780
782
769
769
775
779
789
800
798
807
790
792
793
788
791
783
794
786
788
767
779
778
775
771
767
761
762
763
753
774
765
774
751
751
736
750
749
760
764
779
779
771
775
766
760
771
767
764
767
772
781
765
761
754
773
761
764
776
765
780
768
774
763
766
761
770
754
757
756
745
738
750
748
738
736
737
756
755
758
753
757
759
764
765
753
761
775
753
767
781
772
755
757
754
752
763
766
755
773
790
779
782
778
767
783
778
782
762
784
798
779
775
765
761
754
757
752
760
763
767
763
782
777
767
774
776
767
773
771
777
781
787
761
765
773
779
781
784
801
786
776
770
786
773
759
776
776
752
756
753
744
744
739
735
751
748
747
738
743
764
757
772
755
758
755
757
746
747
751
743
740
759
763
761
773
759
765
743
750
746
738
745
748
754
743
747
759
768
766
760
749
745
747
740
738
737
761
761
743
742
758
760
757
736
734
717
725
719
732
719
723
748
758
745
754
757
763
762
755
765
757
743
755
747
752
743
742
723
736
728
731
744
726
723
733
713
721
738
748
753
735
743
747
746
739
742
745
733
742
735
722
726
726
740
739
741
736
743
749
747
752
739
740
748
734
758
750
756
743
765
778
767
771
769
762
774
729
749
750
736
748
750
758
738
755
756
757
774
765
750
737
759
763
777
760
755
745
756
752
778
773
768
784
773
768
759
760
756
769
764
768
761
763
775
775
764
740
746
754
763
779
785
772
772
781
774
777
778
765
773
783
783
763
767
774
743
768
771
769
767
765
781
766
764
763
744
742
750
763
762
771
794
793
795
776
774
779
778
779
775
760
770
762
764
754
752
735
737
748
756
770
777
772
775
785
792
780
783
790
784
773
765
765
757
776
762
770
764
768
784
768
774
770
768
740
758
764
773
763
774
774
771
775
771
771
763
751
745
761
738
740
744
757
750
739
743
732
706
710
731
748
727
730
731
736
744
734
742
740
744
741
740
765
767
760
767
770
760
765
776
776
776
773
774
762
763
762
756
756
745
749
756
738
742
723
724
736
730
717
738
727
716
714
715
737
749
753
753
758
747
738
744
743
726
746
740
721
733
733
732
732
729
723
738
711
733
719
730
736
752
756
749
762
750
748
727
757
770
749
750
745
753
766
763
746
759
759
785
800
792
787
789
793
774
774
757
767
769
757
769
763
766
756
755
761
749
760
769
766
780
784
796
791
807
812
816
804
802
799
795
798
786
795
785
789
782
767
771
768
779
777
759
766
763
792
799
796
792
792
789
776
750
756
773
769
776
774
777
776
778
763
764
762
757
770
785
774
769
759
767
771
758
751
755
750
752
762
751
760
756
772
755
753
750
753
775
777
791
784
795
779
783
763
760
753
757
756
757
755
760
765
746
746
749
750
748
740
752
738
756
741
742
748
763
770
796
797
794
784
767
772
768
767
766
771
791
787
806
799
804
789
794
800
788
782
768
780
774
767
766
778
787
784
772
765
780
764
778
786
784
774
782
776
762
764
759
750
776
762
754
760
739
760
757
749
752
750
755
750
763
791
791
793
794
799
796
784
791
774
794
794
783
775
772
773
772
780
787
796
791
778
768
754
750
772
783
778
784
774
775
782
778
781
786
788
788
785
791
789
775
783
807
813
790
801
804
792
774
779
772
776
779
775
757
781
781
778
768
776
761
776
767
765
763
739
756
743
753
757
768
767
776
772
756
769
784
790
789
779
798
798
800
790
779
766
766
750
740
753
768
771
761
753
772
777
774
772
781
771
788
788
779
795
792
795
788
778
784
783
779
779
768
780
780
765
768
754
764
763
763
781
761
751
761
762
755
761
774
784
773
779
756
776
789
788
779
773
782
762
778
782
784
791
791
778
791
780
789
793
789
804
793
774
785
779
809
777
780
774
780
786
760
755
738
737
750
751
746
747
751
751
740
760
763
764
752
758
778
771
780
776
787
774
781
790
776
789
787
767
762
754
740
745
756
753
746
755
760
751
738
746
740
750
755
768
769
784
782
776
761
760
756
757
746
738
745
759
760
751
761
756
771
777
773
789
783
792
792
797
781
786
772
789
774
776
777
766
763
754
785
775
765
778
780
789
777
789
793
792
793
777
763
759
772
778
775
775
751
752
756
765
754
766
759
763
765
769
782
784
771
780
772
762
759
760
775
779
771
778
773
779
781
782
783
807
785
797
790
780
778
769
759
742
759
752
766
778
771
790
769
793
777
773
785
779
768
793
787
775
778
781
778
797
781
782
765
770
772
760
771
764
765
747
764
747
765
750
753
749
735
750
772
760
757
770
746
764
751
748
739
755
739
736
738
743
743
758
755
741
737
733
742
745
762
769
762
759
758
761
767
766
793
794
811
802
795
779
784
771
771
785
789
782
788
787
779
761
771
770
772
773
763
766
758
759
767
764
774
773
766
779
768
782
794
789
802
775
777
769
774
779
781
788
784
775
776
768
773
769
782
794
800
799
780
787
786
775
782
761
756
760
761
768
777
790
768
750
755
759
757
776
758
737
748
751
759
770
762
769
773
772
777
757
758
769
763
772
768
787
796
783
766
774
769
774
773
780
761
770
776
773
799
788
787
777
776
750
755
755
762
760
768
762
769
762
760
748
754
751
737
737
734
746
746
754
771
755
753
740
740
744
754
742
746
751
755
762
759
770
764
767
761
753
756
759
764
777
769
763
772
768
741
725
727
746
723
711
739
741
733
741
736
724
737
751
739
744
749
759
757
753
751
752
767
765
775
772
768
771
749
773
777
776
764
749
740
762
750
754
754
757
747
747
748
756
775
788
760
748
757
759
769
765
775
767
753
757
769
771
782
782
774
767
760
770
761
762
760
757
745
738
717
712
726
724
741
724
732
718
717
728
732
734
757
751
748
718
726
728
710
701
692
717
727
728
725
727
717
723
718
711
708
695
712
710
692
698
701
708
711
713
704
715
698
704
716
711
715
723
715
719
731
719
723
716
706
698
719
718
720
719
725
708
700
708
722
717
733
730
730
742
725
738
741
750
725
717
723
723
722
729
752
724
731
717
719
725
721
716
735
718
734
731
728
746
734
738
747
742
752
748
724
748
734
727
732
730
725
724
707
720
713
706
708
708
690
701
683
676
673
673
687
682
695
688
683
698
691
693
683
696
709
721
715
718
715
730
717
718
722
713
713
710
728
713
734
741
735
735
741
748
752
727
729
733
743
747
743
737
743
742
752
738
765
747
747
759
760
754
751
755
745
740
749
747
738
768
752
740
747
751
728
718
709
728
737
746
739
728
736
751
731
747
755
745
758
766
757
758
729
726
750
744
740
736
740
739
747
733
746
748
741
740
715
746
738
749
761
741
733
731
738
743
732
719
713
715
708
723
736
725
730
709
716
721
722
719
732
715
716
709
700
690
696
687
698
699
713
708
718
711
728
726
737
725
733
732
733
747
753
740
745
746
729
736
740
748
719
751
748
750
741
737
733
731
724
717
696
714
717
720
725
710
730
709
709
712
692
706
705
713
713
716
714
723
718
730
714
711
722
725
714
730
716
721
721
719
724
720
721
728
709
710
721
725
718
706
726
719
723
718
732
720
727
742
737
731
731
715
723
751
733
733
734
722
712
709
714
714
713
722
719
706
719
723
725
736
723
712
719
708
714
717
727
718
714
714
729
729
729
718
718
709
701
697
701
710
719
722
730
728
735
736
739
743
720
728
733
740
720
713
712
714
719
726
737
735
728
728
721
716
712
724
720
728
710
712
707
719
718
720
731
717
702
710
711
723
713
711
731
749
742
742
731
725
734
724
716
730
732
743
735
731
740
714
713
713
714
717
703
694
718
718
723
733
725
712
728
717
704
704
697
706
688
685
704
699
702
711
701
699
695
698
678
701
697
699
694
699
687
710
721
712
724
728
719
707
706
719
722
724
724
740
732
729
724
704
708
706
709
697
705
686
690
678
658
670
697
707
695
688
695
711
689
692
695
698
679
682
693
689
686
694
700
691
702
716
715
702
705
711
700
707
709
708
721
714
723
734
724
715
706
717
712
711
719
736
744
727
726
748
738
731
749
740
744
731
752
756
739
729
730
742
753
744
754
760
762
733
750
752
753
740
727
735
734
716
726
717
750
753
762
751
743
747
756
760
753
770
756
746
755
751
749
741
735
725
731
751
728
744
729
730
736
738
731
721
731
731
729
731
721
711
712
725
720
728
713
699
706
713
714
720
722
729
730
737
726
734
730
754
742
747
737
729
732
719
716
723
711
715
715
706
725
730
713
726
712
724
722
743
736
747
761
760
747
748
767
797
779
773
776
772
761
764
748
768
760
751
769
751
744
747
755
759
748
736
740
744
728
731
725
721
730
717
707
691
714
710
709
710
719
726
725
731
738
730
721
724
711
724
736
738
734
719
707
713
706
714
712
693
710
738
738
735
734
727
723
707
703
699
715
719
717
716
724
715
706
704
708
709
707
716
709
711
706
707
686
692
695
684
688
692
685
696
684
693
689
692
698
703
697
709
720
715
721
696
703
722
719
719
707
719
712
722
718
711
708
713
720
719
715
724
726
734
743
745
711
708
709
704
706
712
715
727
725
713
703
706
712
703
690
698
706
722
726
717
703
700
714
710
731
730
725
720
714
716
706
705
702
701
713
717
697
700
693
713
716
717
716
710
715
713
709
728
720
716
718
718
730
735
731
727
716
713
720
706
716
720
719
733
710
715
705
714
710
708
714
700
701
690
698
695
665
688
666
661
675
696
693
690
690
703
704
690
695
686
691
687
688
693
700
701
692
704
700
694
694
689
703
690
707
699
701
701
717
704
714
715
723
724
734
734
721
718
717
694
697
695
703
714
713
717
722
715
717
718
729
721
715
728
706
692
708
712
703
703
700
707
707
702
693
705
722
718
719
714
724
707
695
675
666
657
680
691
683
689
686
692
697
722
717
712
700
698
695
704
705
713
699
715
705
715
729
714
716
710
725
734
725
719
724
719
731
725
715
707
684
695
710
696
701
705
719
712
705
702
702
703
711
699
710
699
697
711
691
714
700
705
729
717
723
725
725
735
736
729
708
700
702
710
716
715
693
706
710
714
701
704
698
713
711
717
716
726
728
731
725
720
719
715
718
707
710
710
709
719
708
715
714
712
712
699
710
683
688
706
700
712
696
711
710
717
712
702
688
687
684
699
694
694
702
695
688
680
687
679
697
683
694
696
697
708
709
720
702
698
689
677
695
699
687
684
673
673
688
683
679
674
680
676
674
679
668
675
690
705
691
703
682
692
694
686
683
682
689
690
687
686
689
686
701
698
686
687
688
702
705
712
708
703
703
704
700
698
698
707
711
703
699
684
704
701
700
708
704
711
701
711
704
705
723
722
718
713
704
708
711
711
716
721
730
720
719
717
713
715
724
718
719
719
728
729
724
728
711
713
698
674
672
658
671
674
675
687
683
666
665
671
671
669
676
677
665
677
679
666
686
684
686
700
711
707
725
717
718
705
717
705
717
711
696
708
707
705
702
703
718
713
725
723
720
721
717
722
730
731
732
731
735
724
718
729
729
720
720
715
713
717
718
708
709
725
736
716
723
724
735
742
730
725
726
716
696
714
712
711
712
717
724
719
712
728
732
731
736
742
728
721
724
730
733
742
742
743
737
740
723
728
739
720
727
707
709
726
711
718
711
713
701
710
708
696
722
721
709
717
715
721
725
708
719
716
706
700
692
697
682
705
698
691
689
690
686
700
700
725
726
724
731
739
721
721
718
709
708
705
696
711
695
704
676
693
709
697
687
672
672
667
658
666
681
676
706
704
692
687
675
693
688
701
703
706
690
691
707
716
723
711
712
710
709
691
703
689
709
704
683
707
704
701
695
689
696
690
683
682
671
669
676
667
676
672
684
679
684
680
668
680
682
687
695
696
705
713
697
711
715
703
700
695
702
694
692
676
682
677
690
687
685
686
694
690
685
682
681
679
696
677
697
698
703
686
682
681
670
697
697
686
694
699
685
684
679
688
682
674
661
648
623
630
620
649
647
648
642
639
648
652
662
655
660
665
685
686
683
674
685
671
667
674
672
680
693
667
694
688
687
689
683
687
682
674
687
686
687
686
691
705
698
689
722
698
708
711
716
716
714
706
713
713
717
700
696
697
684
686
670
681
675
683
693
703
689
691
683
691
694
694
689
694
702
701
711
709
706
705
689
694
706
730
715
714
697
685
706
709
694
706
687
701
718
719
717
689
689
713
707
722
715
712
703
693
703
699
686
660
653
673
672
653
665
671
672
679
685
692
693
698
704
691
697
687
693
698
710
704
711
712
699
709
711
699
696
691
707
724
707
714
728
714
703
703
694
701
710
716
683
706
714
712
717
707
711
697
684
678
678
667
664
676
681
694
688
694
702
696
709
697
708
711
719
728
730
736
732
725
725
725
742
742
748
741
739
732
735
722
733
711
717
719
726
737
734
724
715
704
710
713
709
699
701
711
696
693
705
711
712
696
704
698
691
697
710
711
695
695
686
691
689
684
698
706
709
707
710
703
697
707
706
716
729
737
733
732
711
700
712
702
699
704
695
672
687
682
679
673
651
664
672
655
666
664
658
680
695
696
691
684
684
701
698
694
696
691
694
695
721
703
702
697
703
701
712
701
704
711
709
713
703
725
713
721
714
727
745
739
738
733
731
735
725
709
686
688
695
689
711
707
711
707
708
718
705
708
698
706
707
694
701
716
711
718
716
719
704
702
711
710
705
711
698
706
693
700
696
705
710
691
688
697
720
705
688
687
686
690
684
684
700
696
696
694
688
700
707
705
715
723
711
708
716
717
709
717
713
730
715
717
719
719
717
726
721
727
727
727
729
733
720
697
722
703
698
723
715
719
706
723
723
709
722
720
707
703
704
716
716
717
717
725
737
717
734
729
728
728
735
725
737
734
730
717
707
708
703
693
709
698
700
701
691
692
700
694
694
692
701
696
683
700
710
719
704
696
693
686
676
667
682
683
699
681
667
666
655
649
655
663
655
673
674
693
674
675
699
684
691
675
684
686
684
680
679
681
658
677
676
682
666
667
662
657
659
677
664
677
668
663
672
672
676
669
662
682
677
685
681
704
708
695
691
688
691
703
708
701
695
712
714
712
714
704
709
696
707
705
710
715
700
690
714
717
699
720
717
704
695
685
687
676
666
685
675
671
669
671
674
673
672
670
675
667
685
689
698
686
677
668
668
676
678
686
692
677
687
703
707
677
688
684
688
707
702
694
700
714
728
734
735
730
715
713
719
720
703
708
715
709
713
709
714
698
684
697
690
663
670
675
681
685
670
685
689
686
653
658
679
676
699
696
683
689
713
713
710
713
734
728
724
727
735
719
730
708
719
702
689
701
710
724
723
718
709
700
692
705
701
696
680
682
670
669
658
647
657
669
659
671
696
704
680
675
705
700
697
715
711
701
714
723
720
720
718
719
700
702
701
703
698
694
698
684
685
691
694
709
724
713
714
729
719
724
723
732
727
715
711
706
710
707
693
707
715
712
712
714
715
712
742
738
728
716
709
703
715
702
706
701
704
691
703
699
692
709
702
700
695
694
707
711
686
706
701
700
687
706
707
710
712
731
726
716
708
705
695
706
702
695
706
703
702
692
705
701
691
702
689
692
691
710
703
706
699
693
681
690
689
682
690
681
693
677
678
680
680
686
674
682
663
672
687
687
676
688
683
687
694
683
672
682
707
696
706
692
692
709
706
712
709
721
711
708
716
730
715
686
690
689
692
704
708
714
707
704
703
704
716
692
698
695
687
705
713
702
708
705
694
700
721
720
706
694
695
705
686
715
708
710
688
700
708
696
698
715
709
689
689
691
680
679
690
689
678
685
682
689
697
683
679
690
692
693
695
684
679
685
699
702
685
685
699
703
712
721
719
734
726
724
721
717
704
722
721
710
712
715
720
721
709
712
712
714
704
712
716
708
707
714
695
694
687
704
687
696
699
698
698
707
713
703
697
705
708
714
714
710
707
700
704
681
687
694
685
682
691
680
664
660
658
665
672
682
662
674
676
660
672
678
669
662
671
666
665
679
672
663
669
655
671
657
652
669
682
688
694
698
694
690
678
677
673
683
684
682
692
675
661
672
679
691
695
683
695
694
692
692
696
701
692
673
685
682
678
687
690
698
687
663
661
654
653
653
640
656
670
664
672
667
669
672
667
678
675
673
664
661
658
667
650
644
664
675
668
687
682
686
682
678
672
672
670
674
675
658
676
662
673
668
642
652
668
672
683
686
678
692
700
696
685
690
683
673
674
676
662
674
665
676
678
671
677
672
664
683
683
679
690
671
652
655
661
655
652
666
653
663
657
648
638
652
641
642
643
650
674
655
674
677
665
673
667
676
678
702
696
691
681
669
666
686
694
705
706
706
715
704
708
697
711
694
696
700
706
709
706
705
702
689
703
691
686
682
674
661
659
665
659
674
676
681
680
686
690
701
689
685
683
674
683
690
685
678
671
675
683
682
677
686
675
685
686
690
691
694
679
691
694
686
680
677
677
682
677
651
652
659
661
673
675
656
686
656
662
675
674
674
667
669
673
676
672
678
668
679
701
696
675
674
666
662
662
659
638
644
638
649
662
664
650
652
661
655
665
669
672
691
673
676
669
646
661
667
664
654
668
671
669
668
663
668
649
641
655
676
676
665
696
686
681
665
686
675
671
664
650
672
671
672
680
677
686
678
687
679
690
682
675
676
676
665
672
669
672
673
671
662
669
651
663
659
654
650
658
672
669
671
680
677
674
675
671
676
687
675
678
685
676
681
679
671
667
646
660
671
676
684
679
682
676
683
677
695
692
699
686
695
706
699
705
695
694
690
690
706
710
687
693
699
697
703
688
680
665
670
664
679
681
664
660
669
661
667
668
683
671
677
666
684
692
677
673
678
695
693
686
680
681
664
660
670
670
666
669
680
672
671
677
684
676
672
669
679
684
688
690
688
687
681
692
681
682
680
671
681
690
686
669
690
697
708
707
693
699
713
720
716
705
703
688
701
691
685
694
681
680
669
681
667
664
682
689
692
691
688
704
705
718
704
695
702
703
702
686
696
694
701
698
712
701
704
689
684
676
688
689
678
700
697
706
714
706
700
687
691
694
714
707
704
718
717
709
690
685
703
700
691
695
693
696
685
705
701
700
693
685
681
698
685
682
695
691
688
667
642
655
669
681
689
689
673
688
690
684
697
690
685
686
658
645
656
651
672
669
670
666
684
695
684
683
682
674
668
657
668
678
660
674
679
675
672
682
681
670
686
682
682
697
689
680
691
701
717
710
702
716
723
714
725
705
706
691
687
677
691
683
677
686
678
690
682
685
674
700
695
709
700
684
675
678
676
660
678
673
682
669
685
681
690
692
681
691
689
689
659
687
669
656
667
674
688
704
718
712
704
710
710
720
722
714
700
692
682
669
661
672
664
674
669
670
678
667
685
693
687
679
679
665
681
673
666
685
689
670
679
676
687
665
666
666
666
679
684
689
688
675
689
680
680
688
679
693
683
689
674
674
690
704
695
698
709
690
693
705
714
694
692
714
704
697
712
717
712
709
707
708
723
706
705
703
680
706
700
684
689
709
698
693
683
686
676
683
681
681
677
683
685
674
679
672
670
676
682
675
679
678
674
677
685
690
678
687
689
686
681
679
681
664
653
643
639
638
659
669
659
657
659
674
672
677
684
668
684
680
679
672
681
677
687
679
681
698
697
703
704
708
714
726
704
722
727
717
722
727
728
700
700
681
697
702
723
723
707
711
705
711
701
716
715
688
704
683
693
676
684
675
668
685
686
695
702
718
723
715
707
699
702
702
708
718
689
685
690
706
692
702
686
690
708
697
699
704
699
713
689
669
679
679
677
667
660
669
661
682
683
674
657
645
655
666
669
664
688
691
682
672
671
657
671
684
671
663
655
653
652
650
666
671
672
683
686
697
699
699
695
691
696
682
677
670
675
664
665
654
648
647
648
649
658
647
649
659
659
665
683
691
686
689
694
689
687
683
684
680
683
684
674
678
673
677
668
653
672
680
678
674
671
659
655
667
663
666
677
668
659
658
645
664
662
657
659
677
675
665
675
671
672
664
666
671
674
677
686
686
668
678
695
698
697
698
694
686
680
670
663
669
678
680
685
679
681
684
678
674
659
672
667
652
664
658
671
654
671
673
665
679
677
685
673
676
684
665
668
667
672
653
664
674
665
672
686
678
674
682
667
664
669
666
667
675
666
671
657
681
678
676
687
693
683
680
684
699
707
718
715
709
705
693
687
709
709
696
696
695
685
699
700
699
681
690
692
692
691
704
686
702
708
704
695
697
692
711
718
696
693
703
698
689
693
681
685
678
677
667
667
676
670
670
676
681
668
682
688
670
669
665
677
660
680
690
685
685
668
658
648
629
632
632
636
639
661
662
677
668
653
652
644
661
674
669
667
665
675
665
651
652
652
643
651
652
652
657
653
630
644
658
666
676
667
676
682
669
665
670
662
672
665
669
647
661
669
668
666
681
661
653
654
656
644
651
656
658
647
661
666
665
679
674
658
670
651
656
662
660
657
665
663
687
679
689
693
703
693
694
696
678
676
667
679
673
669
677
671
680
692
701
694
697
691
701
679
698
695
683
687
682
686
702
695
703
692
705
708
707
707
711
709
697
709
701
691
694
682
697
698
706
701
691
688
689
672
675
669
675
672
674
660
663
667
671
653
665
652
673
666
675
674
687
674
669
676
666
659
660
677
693
673
685
682
680
665
677
669
672
677
691
682
680
689
708
710
694
694
690
694
694
693
689
688
704
680
673
685
691
669
669
659
646
675
689
688
676
682
680
676
687
673
680
664
683
673
658
682
685
686
691
696
696
685
667
675
664
676
669
666
683
686
694
679
684
700
700
688
699
683
691
688
677
679
705
699
698
704
700
715
735
715
729
729
695
719
697
694
691
706
704
714
703
717
708
704
707
702
686
678
685
665
691
677
679
691
696
699
694
707
710
707
703
685
680
679
674
675
667
694
685
679
670
663
664
652
668
684
680
679
670
685
669
684
675
677
706
682
691
690
705
705
695
689
677
670
674
679
674
695
683
683
674
660
647
658
669
662
669
671
686
687
690
674
670
692
686
667
653
661
660
658
670
672
688
675
685
700
684
681
691
696
702
714
710
692
702
700
686
692
689
685
684
689
683
687
693
684
694
678
674
669
678
674
677
694
696
685
700
685
694
694
690
695
697
671
675
684
698
664
655
644
668
678
681
672
681
687
682
699
685
689
679
702
699
702
706
700
687
695
695
692
712
716
712
705
691
675
699
687
691
705
700
701
686
673
674
662
662
656
680
679
668
679
686
682
690
677
657
640
652
660
657
655
638
651
644
643
655
661
675
659
690
688
689
672
675
678
655
656
650
652
660
642
648
659
654
668
671
681
691
687
681
680
679
686
664
672
662
659
667
679
653
648
651
652
673
671
669
683
682
683
687
685
688
673
691
696
703
703
689
688
688
693
685
681
682
675
679
677
678
685
669
664
667
653
657
668
666
672
667
658
667
669
676
683
683
679
673
673
655
655
659
653
657
663
641
654
627
646
653
648
660
659
667
662
669
654
659
663
678
674
672
678
714
704
710
707
707
696
691
686
696
694
691
686
704
683
693
693
682
684
677
665
676
677
680
680
679
675
654
662
665
658
670
676
665
672
684
684
682
695
690
668
675
662
669
660
661
674
663
688
682
692
687
676
666
652
662
671
665
673
676
671
654
660
665
661
668
680
648
642
651
657
652
652
646
642
647
650
652
651
664
687
683
690
684
665
670
667
651
646
649
646
652
652
666
660
657
649
650
676
683
693
693
690
692
696
667
657
654
666
665
663
667
660
666
672
688
666
655
639
658
642
639
648
669
662
640
651
658
665
661
643
644
654
657
662
682
685
701
700
703
686
688
691
697
709
700
692
702
694
699
713
720
717
724
717
715
709
709
709
697
708
702
717
705
710
710
697
700
693
672
666
671
679
678
691
700
694
690
688
671
676
674
665
688
669
675
681
689
687
695
697
682
671
653
666
653
661
661
657
680
668
682
680
684
704
685
688
671
676
665
657
658
639
640
660
664
665
656
680
687
687
690
686
692
695
696
687
698
697
693
687
689
690
699
691
692
695
693
696
685
692
678
708
700
698
701
702
692
698
705
721
706
707
691
696
700
695
676
651
662
664
660
677
674
671
676
685
666
680
673
648
665
673
673
690
692
684
664
663
669
664
674
660
666
670
685
681
696
691
694
696
692
700
687
684
677
690
667
681
682
697
695
694
700
691
684
699
706
694
684
690
710
697
695
690
706
698
675
682
684
679
673
679
674
678
677
685
668
675
680
672
686
690
691
667
677
661
665
678
682
692
680
678
688
692
686
702
710
700
679
686
686
687
690
695
699
704
703
700
703
695
693
701
695
707
695
688
691
707
712
704
708
715
711
708
717
705
698
707
719
712
713
709
705
712
