677
674
673
675
680
683
697
687
663
663
663
660
645
660
651
659
645
654
654
658
655
670
659
665
673
668
662
681
684
667
662
659
662
667
653
641
657
657
656
653
657
654
654
641
654
639
634
650
665
651
667
656
636
617
610
619
610
616
623
631
619
621
614
625
635
632
641
621
644
638
626
635
669
659
660
662
667
667
666
654
645
642
644
640
638
641
644
645
641
651
651
655
662
656
662
657
656
670
664
643
651
640
629
638
639
656
641
631
640
636
623
631
624
632
635
634
645
660
657
635
650
638
632
640
642
617
627
644
651
632
640
650
658
660
660
657
665
651
664
666
632
638
624
644
649
650
642
656
652
667
675
673
657
657
657
661
660
652
647
636
641
644
637
636
651
630
647
657
657
649
649
644
643
641
660
676
668
667
662
659
648
649
646
653
657
651
638
630
630
621
626
632
639
646
645
640
659
651
640
641
633
637
647
658
646
645
643
643
629
627
629
628
630
626
628
640
653
671
656
640
638
627
626
631
624
637
636
637
635
637
637
621
625
626
619
633
630
626
623
611
610
615
622
616
623
616
625
618
614
614
600
610
609
614
607
616
611
611
609
601
596
612
601
599
606
616
614
618
629
628
629
632
630
625
616
640
641
643
661
662
663
662
646
653
660
648
656
658
634
625
648
640
635
636
654
679
674
677
655
640
640
649
648
641
645
655
639
633
633
635
612
615
630
629
630
628
610
621
623
637
634
635
622
624
628
621
623
638
639
626
636
641
641
636
638
622
625
615
626
618
617
611
616
616
600
606
610
622
619
613
602
607
613
622
617
631
621
645
661
650
661
654
651
654
645
642
645
645
634
634
630
625
627
645
642
650
661
657
647
659
639
651
649
639
629
642
646
650
641
631
635
615
628
636
641
636
623
626
626
638
643
646
643
622
624
623
616
619
616
622
624
619
621
618
634
640
635
632
622
625
617
624
616
617
613
594
605
593
603
609
612
614
617
624
631
638
629
628
614
627
617
621
628
627
612
615
626
619
613
618
612
623
628
646
631
634
623
619
616
609
612
601
619
619
625
623
611
617
613
616
609
609
612
623
613
608
608
613
614
606
622
628
614
614
626
622
625
637
635
632
628
623
633
616
604
609
623
630
615
605
605
614
602
593
601
618
611
619
611
617
632
622
612
627
641
621
619
638
624
613
615
625
634
638
628
630
617
621
610
619
600
595
590
596
596
587
595
611
593
587
598
606
605
596
588
588
617
606
612
615
628
624
615
630
620
602
586
604
601
607
613
622
630
607
603
602
610
608
623
616
616
608
603
605
589
581
583
582
583
569
599
588
601
597
599
613
623
636
621
626
637
624
617
619
599
605
593
614
589
598
597
594
607
590
602
601
603
600
605
599
598
597
607
603
616
603
602
601
601
608
603
605
606
602
603
606
608
614
603
593
585
582
584
580
592
596
589
587
591
588
608
613
599
586
600
600
622
615
609
627
619
616
621
614
625
631
614
614
612
578
600
607
599
602
584
587
593
603
592
583
594
602
606
611
594
607
610
607
602
596
591
616
617
611
603
618
613
618
615
626
627
626
626
620
598
610
621
634
622
622
606
616
607
610
612
600
611
596
610
618
641
626
649
651
647
637
630
635
618
604
593
594
609
601
588
607
611
598
602
603
608
615
606
642
636
638
625
634
626
644
641
642
628
612
627
618
627
640
644
634
623
624
624
616
620
618
617
603
604
613
612
602
619
607
613
626
615
621
627
625
617
603
609
619
615
613
602
606
610
607
623
621
635
636
637
624
628
636
625
607
606
585
596
594
598
603
600
590
610
615
626
616
631
616
622
629
634
626
617
620
625
636
624
619
612
608
612
607
604
611
600
601
602
598
599
608
603
621
617
629
617
622
634
640
631
606
622
625
635
628
630
602
599
596
582
596
594
609
621
616
615
610
618
616
607
607
615
605
603
591
596
582
605
626
619
623
627
625
633
638
620
626
629
618
622
624
616
625
607
606
600
596
593
592
594
602
584
602
594
612
606
608
617
611
602
618
631
634
615
626
620
623
615
616
619
625
613
608
615
602
607
592
610
596
617
599
593
591
582
588
591
619
618
602
599
601
622
628
623
608
611
623
630
628
622
625
610
615
620
614
615
609
604
609
605
600
603
610
617
611
620
626
624
629
639
619
624
611
611
616
629
623
633
619
623
629
613
629
622
641
629
624
618
612
626
627
622
620
618
624
624
624
622
622
623
643
652
641
635
640
638
625
618
626
621
625
615
632
645
624
628
633
620
621
607
610
609
595
596
588
595
590
605
591
598
583
569
582
575
569
587
597
602
598
595
586
585
563
561
568
583
571
568
574
586
584
586
580
597
576
571
584
593
590
592
597
597
604
593
587
597
579
572
579
563
572
572
576
572
569
551
560
551
547
552
567
570
585
601
614
600
582
581
571
572
571
565
573
575
581
572
588
579
591
579
571
581
581
577
581
577
561
578
573
571
555
566
572
585
581
576
597
592
591
598
599
606
614
618
604
601
590
587
587
583
585
585
568
583
588
586
576
576
584
574
576
570
579
586
573
578
570
585
571
584
579
572
559
545
555
563
558
571
548
551
551
576
569
556
562
579
583
587
594
596
598
598
584
587
566
585
593
568
586
584
592
602
588
591
596
597
608
608
612
616
606
615
612
610
614
622
625
622
612
610
610
609
626
621
609
599
603
617
603
602
591
585
580
584
600
596
617
623
598
602
594
591
593
619
611
615
618
611
608
594
597
600
608
614
613
615
619
607
624
620
598
600
593
584
591
603
605
608
609
605
591
574
591
587
586
580
584
575
578
574
587
596
580
584
577
574
591
600
586
602
605
586
594
595
572
559
549
564
580
578
583
583
586
593
591
588
606
608
590
596
599
596
605
590
612
602
604
586
601
612
611
603
610
609
597
598
609
592
589
591
603
591
591
575
572
596
594
580
592
581
583
595
588
587
595
589
591
595
599
601
590
585
585
609
613
623
617
621
617
604
617
623
625
620
614
640
631
621
632
613
627
618
623
623
595
619
611
621
617
629
620
614
606
607
605
604
615
602
589
587
573
586
581
590
585
589
584
582
587
581
597
587
592
591
596
618
610
600
601
604
609
591
610
599
597
595
593
596
608
620
602
592
578
602
593
605
619
612
595
602
603
611
606
604
598
614
628
621
619
619
605
611
607
604
602
610
590
585
592
591
598
616
620
624
623
584
593
600
604
603
595
597
601
618
630
609
622
619
604
602
603
619
622
612
624
627
618
613
612
604
583
576
577
600
568
582
590
572
559
567
560
585
589
572
563
578
594
601
594
602
595
589
597
599
583
586
583
596
580
588
569
575
587
583
578
579
572
576
566
577
570
585
584
586
588
579
587
589
575
574
576
581
569
569
579
576
571
585
569
571
580
561
570
584
586
583
580
573
587
582
592
590
600
587
594
585
580
581
580
580
583
591
594
567
574
574
578
583
589
577
574
582
577
575
586
591
592
589
588
573
578
581
584
569
569
585
583
580
579
555
564
558
547
550
561
566
564
567
563
564
563
593
589
597
602
589
581
587
578
561
562
568
562
579
572
579
576
578
581
582
567
572
560
571
564
592
588
590
591
579
590
579
570
580
583
581
573
567
560
572
576
570
570
579
566
569
553
549
555
561
566
570
572
571
563
562
571
559
574
579
575
591
589
596
590
570
591
585
585
588
585
588
586
590
590
588
582
574
565
561
567
579
592
581
569
578
584
576
584
571
566
570
564
559
567
553
542
550
556
551
558
542
566
565
562
561
561
556
570
578
574
571
564
581
597
578
584
575
585
584
591
582
577
588
585
582
575
594
611
603
591
573
553
554
563
576
577
576
592
598
580
587
582
590
576
592
601
607
598
601
601
571
577
575
581
557
558
566
564
586
575
572
577
565
565
578
572
572
584
576
576
589
593
592
580
573
559
563
558
559
549
544
555
558
549
539
532
551
573
567
558
557
559
562
560
575
560
542
559
560
566
560
571
556
568
571
579
568
561
579
571
573
573
570
585
562
567
567
575
587
594
583
586
580
573
574
571
572
572
582
593
578
580
583
585
572
568
557
568
546
562
562
554
565
558
566
562
569
556
548
554
549
562
563
549
551
578
584
572
563
566
570
563
554
564
569
581
572
579
587
585
593
568
576
567
557
556
557
574
570
571
576
583
582
588
590
582
584
566
573
556
554
576
585
596
593
576
580
572
565
572
561
547
556
563
557
564
557
557
551
572
554
553
558
541
537
543
539
551
566
565
558
555
571
577
585
582
575
570
572
591
594
584
588
576
588
594
593
596
583
593
588
582
584
587
573
572
566
585
571
581
576
563
585
587
593
599
588
583
582
575
564
569
573
572
584
584
575
568
571
566
559
569
561
549
543
543
554
548
561
560
562
568
564
579
591
583
596
582
576
563
587
579
565
566
580
571
567
579
573
556
574
571
577
569
582
583
574
575
585
577
574
577
586
589
590
595
595
586
585
596
592
593
597
588
585
591
584
585
575
586
588
577
579
588
563
568
552
562
559
555
553
555
569
550
552
562
538
546
531
511
542
545
541
558
542
535
539
542
536
535
547
556
566
572
573
573
564
572
566
560
574
555
561
564
557
549
532
542
545
541
552
564
544
564
558
556
565
556
558
555
551
570
565
559
562
557
569
560
557
553
566
546
535
546
537
553
567
555
562
573
566
575
585
567
565
584
561
577
557
578
574
578
583
575
581
581
574
564
559
561
568
567
558
569
568
572
553
548
535
554
539
554
544
551
565
564
559
556
561
562
576
565
567
555
544
555
553
553
562
561
553
544
553
561
556
555
552
565
559
559
547
551
555
571
552
554
563
554
572
579
586
581
585
577
573
575
568
571
556
553
573
562
565
560
573
556
581
578
569
569
562
569
576
582
581
597
596
588
587
586
580
579
584
587
593
587
595
581
581
579
585
574
585
573
574
569
584
575
577
571
563
556
571
567
567
585
562
564
564
578
584
572
578
581
576
567
566
557
558
567
577
582
592
575
590
599
608
592
590
577
580
572
587
573
572
577
593
584
575
576
595
596
601
588
592
597
590
594
585
562
566
565
556
561
554
571
563
580
581
570
577
583
577
574
573
575
568
568
567
557
565
565
560
549
551
561
562
563
560
562
564
567
552
551
542
552
559
559
555
540
549
553
542
548
567
571
563
574
565
561
567
557
557
546
544
538
547
544
562
548
543
534
540
542
530
528
559
546
548
541
546
548
544
558
560
558
553
544
567
564
552
567
567
576
576
571
566
567
569
576
563
565
573
564
576
561
565
559
549
555
558
565
569
563
574
570
570
572
570
571
563
567
576
580
575
576
580
565
561
561
555
558
559
557
559
551
556
563
574
557
562
552
563
568
542
556
556
566
553
567
566
562
564
560
553
557
549
559
573
582
584
579
573
581
583
587
600
573
583
582
575
554
535
553
552
553
559
559
563
563
571
570
562
576
564
565
560
541
542
536
539
543
545
551
567
568
568
572
579
588
591
589
576
579
581
574
565
570
554
556
563
562
545
533
535
537
538
526
529
540
554
554
561
558
573
571
562
569
566
570
563
552
559
561
562
567
566
560
571
578
585
585
575
590
581
575
572
583
581
559
560
561
562
553
568
572
574
564
582
588
575
572
579
590
592
581
578
564
571
566
561
564
576
586
581
560
562
564
565
582
595
574
582
585
589
584
574
566
584
594
595
588
582
586
584
597
579
568
562
572
573
564
550
550
554
570
555
570
560
546
561
555
556
575
563
591
587
601
598
589
595
590
592
593
582
575
573
581
583
604
614
613
603
601
582
578
568
570
572
574
585
589
593
599
596
608
595
586
582
573
587
583
587
568
570
570
559
579
582
585
585
588
588
583
591
587
579
584
586
582
588
580
585
586
586
602
595
602
604
605
605
603
601
595
605
600
613
612
593
592
584
598
592
586
579
560
571
577
565
572
584
585
577
562
572
566
562
563
584
566
577
587
592
602
591
590
593
588
571
583
585
566
571
572
591
593
593
590
595
594
582
595
595
583
592
583
574
578
572
572
579
586
581
570
576
554
560
545
555
559
569
564
566
562
561
558
554
558
544
555
551
578
581
586
585
593
587
600
610
590
591
590
604
593
584
605
603
590
581
585
564
565
564
566
579
596
593
608
612
612
599
593
591
592
593
572
571
586
576
590
585
576
563
581
576
586
581
583
591
566
575
565
558
551
553
546
554
560
565
571
573
565
571
584
594
582
568
564
585
574
569
572
569
564
572
569
578
574
562
556
561
555
561
570
556
553
552
548
545
540
537
530
535
524
529
539
545
562
558
548
549
544
559
562
550
545
539
553
542
570
537
544
560
548
545
542
549
542
540
531
546
536
558
565
554
542
540
549
542
537
536
541
547
551
538
535
546
547
546
538
533
532
555
550
546
558
551
555
572
566
566
572
568
551
544
548
551
551
571
561
560
548
551
541
553
557
542
545
540
545
561
542
555
555
559
561
544
546
546
558
557
555
547
542
565
579
566
571
552
567
557
555
555
555
554
558
559
559
557
558
557
573
554
554
565
551
569
569
563
557
562
574
560
561
555
562
548
557
561
542
546
548
545
550
549
559
574
567
555
555
557
565
547
566
592
562
583
552
560
568
566
574
569
578
569
577
587
579
598
591
592
587
588
584
583
580
577
580
581
590
596
593
596
597
587
582
576
576
559
571
574
563
564
558
557
557
557
557
568
559
574
554
545
555
563
554
562
557
547
553
530
535
551
553
564
542
562
553
558
559
565
568
565
554
557
566
559
550
558
556
547
546
527
526
528
528
524
521
539
551
549
550
538
539
541
539
560
548
551
546
530
563
547
553
551
541
541
544
541
537
511
512
526
532
522
540
530
533
533
523
533
545
556
559
556
563
556
557
548
564
559
567
564
552
560
542
550
539
523
532
530
546
556
542
534
546
549
535
534
537
540
531
530
534
530
536
542
552
549
556
563
552
550
557
560
557
567
566
565
551
546
558
557
554
555
565
569
577
572
570
565
570
562
572
596
592
593
578
561
560
562
572
565
538
552
541
545
555
557
546
551
556
551
548
539
549
553
517
514
502
506
508
511
537
527
527
535
552
534
555
558
542
546
539
557
546
545
553
553
575
569
577
580
580
577
576
578
591
574
582
571
571
572
573
574
583
575
575
586
570
579
570
567
565
559
553
558
555
549
555
575
541
541
542
533
553
547
536
545
547
546
544
529
530
532
523
511
511
520
543
537
530
541
518
520
528
525
531
546
544
548
534
508
507
520
525
519
511
524
546
533
535
543
533
525
534
552
545
536
540
530
540
546
556
548
551
554
558
559
571
578
575
562
557
557
559
554
574
574
564
572
570
566
550
552
548
544
559
558
562
558
553
547
535
543
521
527
522
529
536
566
554
553
548
567
569
563
541
527
527
544
533
547
545
526
529
542
547
541
540
548
546
539
543
540
559
554
535
540
536
529
526
530
546
531
550
521
550
550
542
545
539
545
544
558
557
545
549
543
551
544
542
541
537
548
544
544
544
541
559
563
563
563
572
568
562
565
575
582
578
565
565
553
564
561
551
552
550
546
558
566
563
552
559
561
553
556
559
542
530
533
522
508
535
529
526
546
545
540
547
552
548
542
528
527
529
543
555
548
563
576
566
565
564
556
546
551
543
523
532
541
537
538
570
564
560
559
551
534
529
525
531
530
532
514
529
516
519
526
524
525
535
537
544
541
536
540
537
552
545
549
558
548
547
544
552
547
541
534
538
528
540
536
523
535
532
529
540
544
545
556
558
548
545
546
547
553
564
564
561
564
552
575
559
564
556
542
528
527
524
515
527
527
534
531
528
527
523
544
533
537
523
523
512
523
522
529
538
537
539
534
518
515
512
530
527
530
535
525
520
539
542
537
539
540
551
543
536
538
516
539
542
535
537
538
534
535
532
533
526
536
536
526
529
537
536
547
536
533
541
532
553
549
543
527
535
545
541
539
535
520
508
515
524
518
520
527
534
544
543
544
550
546
543
537
526
510
528
525
523
520
523
524
525
522
513
506
500
483
511
497
507
511
511
522
524
523
535
537
540
534
521
517
510
513
510
520
510
520
512
516
509
510
520
526
537
521
529
525
527
521
522
520
507
533
540
522
525
523
515
518
498
519
520
521
536
532
536
532
533
533
554
536
530
534
538
546
552
550
549
537
546
537
542
532
531
538
554
560
566
577
560
555
575
560
549
545
546
541
547
512
521
520
521
532
539
540
532
527
529
531
536
533
523
511
519
520
516
513
512
506
503
515
509
507
509
510
508
506
515
520
525
537
532
534
528
523
528
541
543
542
530
532
527
532
535
535
539
534
531
526
535
535
532
540
539
543
538
538
542
530
552
543
540
538
538
544
532
549
555
543
554
548
538
528
534
527
527
529
529
515
532
534
523
540
520
524
526
515
520
522
532
540
547
548
551
556
548
550
546
542
530
547
549
555
551
534
533
528
534
530
526
519
511
509
509
518
523
523
518
532
530
550
550
563
564
563
551
566
557
548
567
566
573
579
574
569
580
554
552
541
543
561
557
542
547
531
529
538
538
532
532
550
540
547
535
521
522
521
517
518
525
511
517
526
536
525
519
539
530
530
534
549
545
531
546
540
543
542
549
539
558
554
547
546
543
541
557
550
544
539
540
530
524
529
524
520
522
516
505
497
494
510
506
513
511
495
509
512
526
519
518
538
534
528
540
545
532
543
547
551
536
530
521
508
517
520
521
528
515
508
523
525
527
526
526
518
506
503
509
506
515
524
511
513
505
522
513
531
538
547
550
546
543
539
537
521
511
502
509
491
499
492
489
504
499
499
491
515
503
521
508
504
498
491
483
494
495
490
487
485
492
502
499
494
498
487
492
486
486
498
493
501
513
512
512
513
512
504
515
518
512
503
512
490
494
496
496
515
524
517
518
518
517
529
525
512
517
513
515
509
517
536
549
529
529
526
516
540
533
541
544
553
555
538
560
555
563
564
561
546
544
534
544
545
537
533
538
528
546
533
533
524
525
521
535
525
528
533
545
531
527
526
515
517
526
519
509
521
527
534
519
527
541
530
538
531
535
522
536
536
544
531
533
524
514
510
498
505
529
525
517
509
499
500
508
511
522
519
520
526
523
517
523
512
497
485
484
487
482
492
510
512
517
514
506
510
503
501
495
492
485
485
501
484
483
486
509
497
502
496
497
495
496
483
494
480
482
476
466
491
486
479
482
493
502
513
506
510
520
522
518
500
500
490
495
495
500
493
477
471
476
478
474
470
473
470
476
475
463
473
477
480
501
485
488
480
474
477
465
477
477
479
484
492
483
491
488
488
477
470
466
470
489
478
478
478
491
491
502
503
490
493
485
492
486
491
491
500
496
510
512
512
507
499
503
498
503
510
511
505
508
503
509
499
501
500
495
491
497
499
493
492
494
487
495
502
488
483
486
486
484
484
489
491
506
499
499
495
489
488
489
471
484
483
495
482
489
482
498
486
490
475
484
488
478
476
481
475
462
455
473
473
474
454
464
465
466
466
454
455
448
438
441
456
446
458
464
455
455
473
484
479
479
469
477
459
466
459
466
465
470
465
468
467
474
475
469
475
470
459
460
467
459
443
448
445
439
448
442
443
441
436
447
455
442
443
438
438
451
451
461
459
464
465
452
448
445
451
454
463
459
457
450
446
444
437
439
447
448
440
442
457
475
478
450
449
452
450
470
472
470
458
450
459
445
443
451
456
454
463
464
465
465
452
449
463
463
476
466
460
460
469
471
467
455
457
460
469
470
471
459
458
463
458
444
458
468
476
490
483
480
479
468
473
481
477
479
486
481
476
473
479
489
494
486
480
488
498
502
504
497
499
503
491
488
482
488
474
487
497
492
482
473
483
483
471
476
477
477
472
465
476
482
478
499
493
495
484
493
498
485
500
501
489
510
507
508
504
507
490
480
483
486
502
505
488
505
499
498
495
489
500
514
509
495
494
495
470
465
444
461
457
449
443
437
434
445
447
452
444
437
448
475
465
459
460
459
462
467
464
473
485
475
487
487
484
471
468
484
470
468
452
470
487
479
474
471
465
463
470
468
474
493
495
493
484
482
492
482
477
479
476
472
479
469
449
458
456
459
445
443
433
445
442
445
444
446
453
449
438
445
453
439
445
449
456
465
457
459
465
452
452
450
452
439
446
434
440
447
445
439
435
430
425
430
439
439
434
432
433
449
447
450
448
448
453
460
469
465
448
446
431
427
439
427
444
447
457
454
454
454
460
463
461
452
442
441
432
439
440
430
427
426
432
428
414
408
409
414
416
418
419
417
426
427
414
416
417
431
432
426
427
432
437
435
434
436
435
424
426
424
439
438
449
441
437
445
439
438
443
424
432
429
425
437
444
428
456
468
471
470
466
469
449
443
447
452
435
429
413
423
428
424
426
436
440
437
434
443
436
437
439
442
436
451
442
448
452
442
443
445
433
459
445
445
443
441
434
437
427
420
431
426
418
418
419
425
414
427
437
438
452
436
440
443
445
437
436
439
437
427
433
441
448
446
438
435
434
431
432
429
428
436
445
444
427
431
429
420
436
429
430
440
445
441
450
437
451
452
469
460
452
465
459
466
480
479
484
480
479
482
471
469
457
450
449
452
463
452
446
432
431
434
448
442
447
460
474
475
471
471
472
460
465
474
473
475
476
472
468
475
465
464
460
454
459
465
469
470
465
474
478
477
478
471
468
473
482
476
482
476
465
479
477
468
485
478
471
469
475
471
474
473
456
461
462
456
459
466
476
469
460
460
457
457
464
444
443
450
436
437
449
458
445
456
451
457
462
465
471
455
464
466
467
474
486
483
474
463
458
448
435
440
440
432
445
435
450
436
435
431
439
443
446
451
460
463
455
440
437
433
446
454
434
439
450
451
447
451
467
454
449
451
449
448
448
446
450
451
444
446
448
442
446
445
449
456
454
467
463
468
471
462
461
457
460
446
452
450
443
451
442
443
438
438
452
447
471
446
451
438
438
430
444
443
442
437
441
453
456
457
452
459
466
456
475
457
472
479
465
461
470
472
474
472
456
441
446
445
436
444
447
438
465
461
460
454
469
485
477
476
470
487
481
473
465
461
467
461
448
452
454
445
435
451
456
435
431
437
429
432
436
429
414
402
418
410
413
415
423
417
404
415
410
427
437
429
420
422
420
428
422
430
441
443
443
440
450
445
450
441
455
434
430
439
440
448
454
430
429
443
445
442
444
434
433
435
436
443
438
433
428
421
437
441
442
448
437
443
434
417
431
436
442
437
439
453
453
447
445
447
447
446
439
444
453
443
430
429
449
449
431
445
441
434
420
426
424
426
434
434
418
426
436
444
442
437
443
460
442
438
435
427
434
444
448
452
445
443
442
444
442
426
421
418
414
431
425
438
433
441
438
436
446
448
443
445
463
454
447
458
456
448
439
444
441
440
431
434
431
436
433
435
442
432
439
434
446
442
448
439
434
426
433
430
437
429
427
428
432
428
415
415
416
422
413
415
416
432
434
425
441
446
433
434
436
428
415
413
411
421
425
424
416
406
411
426
444
434
418
415
428
437
442
437
434
454
439
443
442
436
447
444
443
426
435
444
446
458
447
455
438
433
429
430
433
422
428
432
424
438
445
441
454
453
439
435
435
427
424
431
421
428
432
425
437
447
444
436
439
436
443
446
447
432
434
451
448
451
451
454
439
436
443
445
440
437
437
438
436
429
430
428
422
422
426
427
418
430
407
406
409
415
415
412
419
413
418
432
452
454
458
456
465
463
456
454
456
449
457
432
441
444
447
449
456
447
445
445
451
448
463
465
451
444
446
427
427
431
405
403
399
394
400
406
412
428
420
429
428
425
443
433
429
436
444
429
438
422
435
428
438
443
438
448
451
457
451
433
420
440
451
447
438
448
447
444
461
456
442
457
456
441
432
433
435
432
430
445
445
448
444
457
446
453
459
436
438
440
442
449
456
453
455
451
445
439
423
441
438
435
447
456
445
449
440
439
439
420
422
431
422
422
425
428
435
412
414
422
426
434
435
426
424
416
410
421
434
432
439
436
444
462
440
434
424
425
432
437
428
441
444
443
436
439
441
435
442
428
441
446
436
432
431
421
425
416
411
408
411
410
425
429
432
435
435
433
422
429
433
441
436
437
428
423
425
427
421
439
424
427
421
421
419
422
422
421
431
439
426
431
434
439
434
435
428
429
422
422
419
427
426
430
437
422
430
432
439
448
438
436
431
432
436
431
430
429
428
434
436
440
439
443
439
447
449
444
423
420
424
428
422
414
409
417
421
426
425
430
430
434
450
450
431
425
415
428
426
429
446
440
420
412
411
410
391
399
421
427
420
416
402
403
404
399
412
407
396
398
412
407
418
407
420
436
434
433
426
436
430
425
431
445
436
426
429
428
429
424
430
444
433
438
424
417
405
408
413
421
413
409
397
397
401
394
401
411
419
409
400
400
411
416
415
424
429
433
445
442
443
437
443
440
436
436
445
442
430
425
430
421
422
414
417
425
438
440
450
434
438
459
449
447
447
444
438
437
460
462
464
467
459
451
452
453
451
451
456
456
459
456
450
454
446
452
450
445
439
437
442
448
450
445
435
425
429
419
409
427
437
430
432
417
426
408
403
399
410
412
405
412
423
431
429
435
441
434
425
424
437
439
430
437
430
434
432
442
444
441
449
456
458
445
448
465
442
432
424
432
425
434
438
443
449
449
448
440
432
441
426
422
433
436
448
454
459
458
457
445
442
450
454
442
434
433
425
427
418
421
421
424
421
424
423
447
435
442
443
452
437
442
445
430
437
443
439
452
451
463
464
461
461
455
442
430
434
424
432
423
427
421
430
430
415
422
421
423
421
422
429
426
433
437
436
448
430
432
423
427
445
443
429
441
441
438
447
452
444
450
455
451
450
444
452
449
466
456
444
440
434
439
439
428
439
447
434
429
436
427
425
425
418
421
422
415
419
423
418
425
429
429
418
425
433
428
433
432
417
405
405
406
406
405
414
414
421
421
412
417
410
413
410
411
416
405
387
391
401
403
409
403
407
406
418
410
411
422
416
418
406
427
422
411
408
407
402
405
411
414
416
415
424
435
425
427
420
422
424
436
435
419
426
422
437
440
437
427
431
423
414
410
413
403
419
401
414
427
425
441
434
433
438
422
425
438
434
430
428
413
425
439
424
411
421
424
417
423
420
421
424
426
431
414
419
430
435
439
438
420
422
416
411
419
420
427
435
419
417
420
411
394
393
399
410
410
414
413
407
411
410
410
413
408
404
409
422
419
425
422
420
415
410
411
429
429
421
421
423
431
421
426
433
434
429
419
423
416
431
433
439
439
428
427
429
416
421
426
422
417
409
412
416
411
403
410
419
412
408
411
401
403
403
405
411
416
413
403
403
398
395
387
388
389
397
407
414
419
403
403
407
405
408
421
417
406
410
423
426
409
403
402
406
402
403
400
403
406
404
403
414
412
415
410
407
408
403
414
422
422
426
409
407
423
425
418
406
400
394
380
389
407
408
406
404
397
396
411
422
407
410
414
404
418
415
413
395
391
392
407
400
392
400
405
406
405
408
411
398
401
403
417
391
397
416
417
413
406
399
405
402
398
409
413
405
405
397
400
396
412
413
410
411
411
419
416
419
420
408
398
412
411
426
431
421
424
409
397
403
387
395
382
389
388
397
405
402
398
408
414
407
397
398
406
386
408
416
421
416
413
420
419
413
405
412
408
411
409
391
397
404
420
415
402
401
395
397
400
400
397
381
390
381
378
383
378
388
396
402
393
395
385
388
388
393
398
393
403
405
406
414
406
413
405
399
386
401
392
397
401
389
400
402
388
379
378
383
379
376
379
382
380
394
377
386
392
397
393
384
399
395
394
396
391
395
403
395
407
412
399
401
408
418
421
437
418
432
426
412
415
409
404
420
425
424
428
442
430
432
429
422
426
422
404
416
430
420
430
420
432
429
416
414
418
410
407
408
415
414
437
414
408
419
414
413
409
405
415
407
406
412
402
407
397
395
411
411
403
415
416
401
412
409
403
397
410
420
422
409
417
413
411
403
414
404
388
395
407
407
409
409
418
423
426
421
419
426
432
436
423
426
427
438
415
416
407
405
404
393
391
393
386
381
386
380
392
386
389
398
395
402
388
386
383
382
384
384
383
384
374
386
394
384
396
399
408
389
405
416
401
395
397
399
379
390
394
405
398
414
426
410
420
418
417
413
408
408
416
418
408
400
410
409
409
412
406
417
432
423
413
415
420
416
420
421
430
426
426
421
423
420
401
398
407
408
399
406
418
412
405
405
402
388
392
401
401
412
420
421
432
420
412
404
410
419
412
411
414
403
403
406
417
420
421
423
422
417
416
411
425
417
408
411
416
423
422
415
411
413
415
403
400
413
402
409
414
398
406
401
412
405
408
411
407
399
403
420
415
422
417
415
423
428
420
427
419
423
410
419
415
429
414
413
410
414
417
430
426
438
439
426
422
413
414
398
418
422
417
432
417
418
426
424
429
424
419
414
415
409
406
398
397
411
400
407
407
424
401
405
391
384
397
395
397
393
390
391
406
396
392
403
395
397
398
383
379
387
386
374
382
377
366
376
388
397
403
407
397
401
412
413
407
415
420
430
418
419
423
424
410
402
408
414
419
425
437
426
414
419
417
416
404
415
425
413
409
403
402
394
402
405
391
404
407
411
401
421
415
412
423
410
420
410
404
424
420
423
408
425
435
433
428
425
424
423
405
413
422
417
423
426
416
427
432
433
423
425
418
421
413
416
415
409
402
414
405
410
394
406
410
409
414
407
416
424
422
415
410
410
421
410
412
415
411
417
413
439
431
428
429
415
427
423
418
413
415
427
417
416
411
415
411
418
423
432
431
436
423
425
430
441
442
433
434
427
429
433
436
432
435
416
413
420
421
433
436
437
425
428
429
425
421
419
413
423
417
418
414
401
407
410
410
419
421
412
410
411
410
410
413
413
411
421
426
423
420
436
437
434
425
417
439
422
422
432
419
422
415
433
428
403
416
413
416
402
409
414
419
416
417
408
413
403
400
390
399
412
403
412
395
403
400
407
407
406
399
406
416
421
431
414
412
410
410
415
404
404
409
423
426
427
427
429
430
426
423
414
433
424
436
437
437
446
443
442
421
419
434
425
412
424
441
431
416
417
404
404
410
412
397
406
398
381
392
402
399
387
385
382
393
396
389
401
403
409
408
405
401
408
409
405
404
404
408
409
399
403
413
414
406
408
413
417
416
421
409
418
427
405
412
411
409
408
396
405
396
411
419
406
403
405
415
409
400
403
406
402
411
403
403
396
401
400
398
400
405
402
400
393
397
402
380
391
386
377
379
395
398
402
398
391
394
411
413
417
396
405
410
401
400
409
412
413
419
427
424
416
417
408
395
406
407
402
402
389
405
396
403
407
398
403
391
405
414
409
408
406
403
392
407
407
414
410
408
408
412
415
427
416
430
438
437
430
437
437
447
437
428
422
420
427
430
429
422
413
425
424
436
434
424
432
407
410
410
406
413
399
405
395
405
404
394
388
397
399
394
404
409
409
403
404
404
413
427
426
430
421
424
424
420
422
430
427
424
423
432
428
414
413
412
421
422
413
415
416
413
434
422
411
403
410
424
417
410
397
405
405
407
398
397
396
395
401
406
405
403
413
409
412
409
413
414
406
406
407
408
404
405
408
416
406
404
419
405
408
413
418
414
422
412
419
412
413
407
390
400
391
408
415
408
413
407
426
421
429
412
410
416
419
425
432
424
430
429
431
420
426
431
432
433
423
416
418
426
436
427
431
432
426
430
429
424
420
427
416
415
418
411
403
394
399
399
405
408
415
414
420
410
409
412
408
408
408
406
419
413
413
422
435
427
441
431
426
433
438
449
442
437
433
433
434
434
435
426
421
421
422
435
425
425
430
420
417
423
410
418
418
412
421
417
413
405
410
401
416
409
401
403
414
407
415
425
428
412
411
403
401
403
402
403
412
402
414
423
415
396
403
404
406
415
413
416
424
418
420
420
414
402
419
420
426
414
425
437
429
423
426
432
424
414
413
417
413
398
404
408
409
400
418
418
415
420
425
420
408
401
402
397
411
415
411
419
423
431
417
421
410
421
400
392
400
404
398
403
397
404
412
402
402
411
418
423
407
399
408
405
420
404
430
419
417
429
415
423
427
422
428
424
417
431
428
423
415
430
428
436
443
424
425
433
426
418
413
417
429
430
421
419
414
413
413
401
390
405
397
401
400
402
420
416
412
405
403
390
413
411
418
404
399
414
401
405
420
419
421
419
416
421
411
426
424
420
406
413
419
417
432
425
422
425
440
429
430
430
424
421
409
410
418
416
421
415
411
415
403
404
402
400
413
406
395
402
387
395
397
397
389
391
407
391
399
404
408
412
408
417
412
399
412
418
414
412
398
401
404
405
397
393
401
401
399
392
398
392
391
404
403
399
401
398
394
403
417
414
412
419
408
408
396
409
402
393
394
396
400
394
400
387
384
385
388
389
394
405
392
390
390
398
404
415
407
408
418
412
409
407
401
418
409
414
416
405
402
413
398
413
407
401
411
406
408
413
415
414
408
403
409
417
405
400
402
394
412
420
415
402
390
397
397
395
398
397
390
402
405
417
405
405
392
404
397
396
402
400
392
395
416
405
405
399
397
394
388
392
403
395
399
394
387
379
373
378
374
388
393
402
394
388
395
401
406
400
413
399
411
416
412
418
415
427
431
430
432
417
416
404
412
427
435
431
431
415
432
426
422
408
413
409
406
425
404
405
409
415
399
412
417
419
419
425
423
426
429
435
423
417
417
405
409
420
419
421
427
417
416
416
392
398
411
388
395
412
408
414
420
432
435
425
426
423
421
422
407
404
414
411
413
410
414
407
410
407
416
414
418
410
421
408
421
418
426
433
445
440
432
420
414
418
416
409
417
422
412
410
411
412
412
427
428
423
417
422
407
395
395
407
406
418
412
409
401
410
409
403
399
394
401
404
409
398
392
408
406
399
396
411
409
412
411
407
405
392
385
394
394
392
387
396
397
414
420
416
408
411
405
407
403
404
418
409
415
413
413
430
419
402
399
397
403
390
405
398
397
392
396
398
403
402
406
404
397
410
394
403
396
406
405
406
418
415
412
402
409
416
410
419
415
395
404
412
409
411
414
415
414
404
401
408
407
395
385
390
398
400
391
398
399
404
404
408
404
401
400
420
408
411
413
408
408
407
402
402
415
408
406
408
420
415
421
426
417
426
422
420
402
409
412
419
419
432
430
429
422
412
412
425
422
412
418
430
414
408
407
410
416
409
405
402
400
415
417
418
412
417
413
411
412
419
416
414
425
413
408
417
419
408
418
416
413
420
410
410
406
403
412
389
388
387
394
402
396
393
404
402
395
400
410
407
398
396
398
401
390
403
401
396
385
396
391
392
399
404
400
386
395
389
398
389
396
387
387
390
397
397
392
403
418
415
419
412
410
404
404
405
401
401
404
409
412
408
402
403
416
400
400
405
403
405
414
406
421
412
423
407
399
425
417
427
412
411
413
415
409
403
416
418
407
406
397
402
416
419
417
419
419
421
419
425
421
429
435
432
426
413
428
428
434
444
441
440
442
424
425
423
425
429
414
415
426
427
432
427
423
418
413
422
437
422
411
412
423
427
409
416
399
416
405
405
403
397
411
404
411
395
397
382
380
387
399
385
394
405
404
407
417
414
420
433
429
417
430
440
419
415
410
438
419
419
426
414
423
416
428
427
418
415
415
404
424
424
418
425
435
424
437
423
426
428
414
400
417
411
407
400
394
394
393
383
384
385
376
391
385
390
385
386
390
383
376
378
382
393
393
405
403
410
406
409
408
400
396
394
408
400
392
394
404
408
398
403
402
394
389
390
392
392
407
405
392
396
393
387
392
390
375
385
389
390
388
373
388
393
400
394
389
388
404
404
412
406
407
400
399
390
409
403
413
409
404
401
407
395
396
389
400
402
412
423
411
414
405
401
397
396
394
398
405
412
414
415
418
427
421
422
434
426
420
423
434
432
417
414
409
413
416
408
405
404
400
403
403
410
420
429
444
425
444
439
439
436
424
421
415
418
401
405
418
405
413
421
412
427
421
429
415
415
405
411
414
416
403
393
400
407
414
397
399
396
374
375
388
397
391
395
385
391
389
385
391
404
405
414
420
426
419
439
444
446
449
439
425
420
414
415
401
409
406
407
399
413
405
402
411
404
396
406
426
419
415
409
402
381
385
379
365
374
365
365
378
385
383
372
370
381
383
386
381
390
387
383
387
390
379
383
391
377
390
396
386
402
390
390
386
383
396
403
393
403
394
401
398
389
378
381
397
392
401
390
379
395
398
417
406
402
394
402
400
396
397
382
381
385
393
399
400
392
410
415
423
403
409
410
401
395
399
408
404
410
421
419
397
396
395
403
403
413
409
401
394
397
392
389
384
401
414
408
403
409
407
404
389
382
375
372
383
389
382
392
396
396
397
390
405
402
424
414
425
430
434
435
426
436
430
435
430
439
431
427
425
411
412
418
420
416
421
425
428
414
425
422
413
427
414
411
419
426
420
427
424
432
432
421
420
414
408
402
397
397
403
408
420
416
422
413
416
409
418
411
420
418
418
410
416
399
403
405
401
394
403
399
402
406
402
409
407
399
397
414
410
426
411
407
411
415
410
407
405
421
407
419
427
432
423
425
423
408
426
401
407
417
418
418
419
414
412
416
419
428
426
409
417
407
392
406
399
401
405
411
407
402
393
400
403
397
404
396
400
406
403
406
404
415
412
401
388
397
380
392
400
392
385
390
380
385
400
394
387
384
389
376
382
387
390
384
378
392
390
379
377
387
392
397
399
389
388
393
390
391
405
406
407
409
408
403
404
410
413
396
415
417
413
416
396
386
388
384
376
385
386
393
399
402
403
419
416
410
422
418
409
407
401
399
392
394
373
366
367
381
377
371
379
378
381
374
363
366
368
369
367
365
377
378
385
377
386
383
380
360
366
358
364
357
362
369
366
378
368
384
381
372
365
372
375
382
392
379
370
373
374
367
370
379
361
367
368
379
399
400
408
403
402
398
406
394
399
391
382
377
374
362
361
367
373
380
382
380
370
379
382
376
363
372
382
367
372
378
380
383
378
373
374
388
394
383
382
381
381
392
380
383
371
367
369
383
388
380
397
391
390
391
392
390
403
404
407
401
382
383
386
403
390
388
385
390
382
382
386
379
373
378
366
379
375
378
390
389
372
366
366
378
370
369
365
363
370
383
384
382
377
377
393
390
390
394
393
381
371
373
383
393
389
392
389
389
385
388
389
382
376
372
364
377
374
362
367
380
384
394
403
407
428
413
410
406
405
402
399
388
393
408
411
405
395
388
391
388
387
394
388
386
389
395
389
385
386
379
383
361
363
356
359
358
367
369
363
374
369
376
364
366
371
369
370
390
388
400
400
410
394
403
395
394
393
387
389
385
386
389
377
378
375
382
387
389
396
405
398
400
400
388
396
385
396
393
401
395
402
394
396
410
401
412
400
399
380
387
387
383
385
386
381
387
394
395
383
399
395
392
382
388
397
384
387
376
394
389
373
369
364
383
385
389
393
396
392
384
376
367
374
380
392
384
388
372
372
375
375
388
386
397
398
383
382
385
395
390
383
376
375
364
380
389
381
373
380
384
376
381
386
394
395
392
393
387
386
389
394
398
394
402
393
387
396
394
394
399
401
406
398
399
390
389
383
379
378
370
381
379
391
381
376
380
383
388
388
383
383
386
384
387
395
409
405
403
394
386
397
388
386
381
375
380
378
369
382
382
372
385
381
375
390
390
377
391
398
402
408
405
380
381
378
385
396
402
402
388
392
386
395
403
405
400
405
408
399
383
390
386
401
404
400
392
401
390
398
401
394
402
397
393
403
405
416
400
403
401
407
403
402
398
400
391
396
392
392
387
393
402
402
401
402
407
399
407
404
397
392
396
399
390
395
394
388
372
373
401
411
407
412
407
422
419
404
390
399
406
408
405
399
406
408
404
410
409
409
408
409
419
408
402
407
416
421
418
412
423
427
421
405
394
412
399
398
409
404
391
397
396
392
390
396
399
394
386
378
389
393
390
395
389
379
388
388
397
406
403
388
391
391
388
379
384
372
369
363
364
377
366
370
383
375
380
390
385
387
393
399
393
397
402
403
404
406
405
409
394
406
410
401
388
394
397
399
402
391
394
392
385
377
372
364
363
368
376
369
365
370
380
372
378
382
394
386
383
391
386
385
386
383
399
387
386
404
403
410
401
394
403
401
391
392
388
378
378
377
376
375
371
367
368
380
380
368
364
362
369
373
379
367
367
380
381
370
367
378
373
388
372
367
376
364
367
374
375
381
370
371
366
363
357
352
346
340
352
352
350
356
373
368
365
362
364
369
378
387
401
414
401
391
390
385
378
373
383
366
370
356
366
368
374
373
381
393
379
379
381
380
382
376
373
366
374
367
361
368
371
365
375
381
369
375
380
393
395
389
390
385
401
392
386
395
403
403
402
389
390
391
383
379
375
388
375
372
375
385
381
382
394
378
376
380
370
370
366
367
364
363
353
369
356
383
375
381
380
380
388
378
397
401
395
392
394
388
381
374
376
365
359
379
364
370
379
378
366
377
374
369
370
375
371
382
390
377
395
389
390
394
395
400
406
396
391
389
391
396
395
379
392
391
391
390
389
376
380
391
381
394
382
377
373
363
370
364
371
368
363
365
366
366
361
374
370
362
374
376
380
370
376
382
393
395
396
388
390
391
382
389
391
389
400
399
387
386
391
386
383
378
371
373
383
396
388
382
387
380
387
391
405
407
402
391
411
406
402
400
403
407
404
414
407
409
404
396
406
404
404
396
401
392
400
385
388
387
388
380
370
372
374
381
381
385
387
375
379
384
392
381
393
388
373
377
369
377
378
384
378
373
375
381
394
392
393
396
395
371
384
389
384
373
386
386
388
389
398
399
396
409
414
402
408
398
399
387
390
389
384
388
399
403
403
403
417
418
413
416
421
409
413
416
415
417
416
420
409
404
410
416
407
403
404
396
397
410
418
410
404
418
412
405
394
384
397
401
408
403
389
389
380
373
375
380
388
395
405
409
410
404
404
406
403
402
400
400
404
387
397
395
399
395
405
392
392
398
392
381
381
378
385
378
376
386
378
390
398
388
397
388
388
385
396
388
405
396
386
382
379
381
384
403
392
391
389
394
386
406
403
399
407
411
412
403
397
390
393
395
386
392
380
392
393
396
400
397
404
405
400
403
409
420
415
422
424
432
435
428
433
421
405
406
406
403
402
410
415
404
403
396
409
397
398
400
400
398
402
389
388
400
395
400
397
401
398
398
410
409
419
411
395
383
392
389
391
388
388
399
383
388
399
392
398
403
410
426
408
392
400
394
388
380
382
397
386
393
395
387
386
393
400
394
397
396
402
402
386
396
406
401
404
411
414
419
427
415
412
407
391
407
405
394
402
386
395
396
395
386
392
391
380
380
386
384
384
390
383
379
391
397
393
387
383
383
389
390
384
381
391
382
377
387
388
392
407
389
384
376
382
386
375
371
381
378
386
394
397
417
414
410
409
406
407
398
386
386
373
382
380
382
377
368
384
380
389
390
397
389
387
397
407
405
383
378
387
390
393
402
406
394
407
401
393
401
390
386
383
383
386
380
379
377
386
388
371
379
367
369
367
363
372
363
372
362
368
370
365
366
371
386
367
360
375
372
377
370
376
365
365
368
363
373
370
376
375
361
360
368
367
377
388
395
383
401
393
389
389
380
385
374
388
387
377
377
368
367
371
380
374
381
373
359
377
373
374
380
359
363
377
378
374
387
379
384
370
366
368
367
364
363
367
356
369
361
361
375
380
383
383
390
391
386
387
377
395
405
392
394
389
398
379
398
403
405
406
398
396
389
384
399
398
394
402
400
391
378
361
374
364
377
367
370
360
375
368
359
369
369
363
382
353
342
344
349
346
351
368
373
386
390
395
396
389
381
377
383
388
389
392
387
389
379
369
381
381
382
362
372
373
375
381
384
388
391
391
382
370
372
386
368
389
386
389
384
389
386
395
394
400
397
379
377
373
376
375
380
388
411
403
393
392
399
404
394
390
397
407
412
411
392
411
410
414
396
400
402
411
413
407
392
389
384
403
409
409
413
412
398
400
400
398
401
392
392
396
399
398
390
391
397
402
409
408
392
400
400
408
398
400
397
393
396
401
401
400
389
390
392
393
401
406
412
409
413
410
407
406
403
407
409
401
413
415
410
420
410
403
396
399
394
397
406
407
390
404
408
419
413
415
422
406
426
418
395
400
379
370
374
384
372
381
382
371
363
366
361
351
359
371
362
363
368
373
379
399
394
381
393
392
390
396
396
388
394
391
387
392
398
389
381
362
356
358
366
369
364
351
350
353
356
365
361
358
361
373
373
377
378
378
383
384
383
369
371
378
375
378
371
371
370
363
363
356
364
362
363
358
366
380
379
378
392
384
382
376
374
387
394
384
385
388
374
377
377
370
381
386
388
