857
843
847
847
837
829
841
856
852
852
838
823
842
830
820
818
803
806
827
814
829
806
804
791
816
815
808
801
795
792
817
813
813
813
820
812
815
832
832
822
818
837
832
841
820
826
813
836
821
815
788
798
784
802
820
821
814
807
805
799
810
810
811
799
819
830
828
813
812
822
824
827
824
830
822
825
816
795
807
811
787
812
813
822
817
820
814
802
796
803
799
786
802
800
791
800
808
795
803
810
807
796
808
811
799
806
813
808
812
820
822
815
826
829
824
813
811
813
808
797
802
797
798
788
794
794
811
826
800
797
784
795
828
805
800
817
818
814
827
811
818
836
835
853
835
826
830
835
820
829
836
842
837
857
843
833
850
843
838
827
824
806
802
801
791
799
800
788
784
794
782
808
811
794
793
775
798
786
813
802
805
800
798
796
790
797
801
809
799
804
792
790
795
785
801
799
804
803
816
813
813
815
805
823
814
812
814
817
798
807
813
808
814
805
791
793
787
765
788
797
799
784
818
808
809
815
812
806
809
807
819
815
815
814
820
832
826
817
799
805
811
805
796
813
813
812
805
807
786
796
823
812
819
813
805
823
824
823
826
831
819
815
810
820
806
817
820
835
835
828
831
809
797
788
785
803
807
813
820
821
825
835
830
824
817
821
828
804
798
787
794
788
799
774
760
757
772
788
797
787
803
795
802
795
799
808
807
806
813
808
803
784
788
819
802
798
793
795
806
830
814
829
815
816
838
828
818
828
801
808
800
810
797
803
816
823
828
834
829
829
843
840
836
824
804
800
797
783
803
809
802
805
800
819
811
807
803
806
804
817
818
806
805
812
812
804
790
813
794
795
776
772
789
796
812
806
833
826
820
808
801
807
806
808
797
799
807
815
804
802
814
809
808
811
803
803
801
807
810
817
821
810
808
809
827
811
818
828
811
803
800
813
807
815
810
828
817
800
802
808
811
797
798
781
788
801
795
791
797
807
814
806
795
803
802
816
796
794
801
793
792
806
800
789
797
798
817
815
812
808
797
807
817
796
810
817
814
823
810
806
822
812
810
811
803
831
833
815
805
814
799
799
784
797
799
789
796
799
814
816
810
811
820
849
807
811
822
813
812
818
815
794
797
790
796
806
812
798
803
797
809
812
812
819
817
812
802
805
799
799
788
775
786
788
766
779
790
783
794
803
808
818
817
808
805
790
798
797
796
797
797
792
790
802
792
801
821
814
806
813
814
810
819
823
833
847
826
836
801
809
824
819
815
806
799
817
800
815
808
827
817
827
815
808
823
806
823
817
819
817
812
808
800
802
811
818
810
812
820
813
810
790
799
794
790
795
792
782
785
798
809
804
786
785
793
799
823
807
814
792
781
786
784
770
783
754
750
752
747
776
798
806
808
818
791
798
809
794
793
799
780
793
797
795
792
803
805
810
792
780
807
809
806
798
813
803
781
779
773
784
816
799
789
776
784
802
778
811
806
799
797
790
797
790
780
792
806
807
798
799
801
803
812
803
790
792
794
787
774
771
777
776
781
776
782
786
802
787
793
802
794
785
795
799
802
803
808
814
794
803
795
823
821
825
833
804
815
805
798
805
799
807
821
810
829
819
813
819
827
812
830
823
814
802
795
816
804
810
805
782
791
788
791
783
776
770
771
790
795
791
802
800
806
807
798
800
801
792
797
776
776
787
805
807
790
778
773
778
799
787
797
801
815
818
821
811
806
793
792
781
763
769
756
774
796
779
796
785
779
793
805
822
807
796
802
813
807
817
800
790
799
763
779
777
780
773
794
784
767
780
774
779
774
778
812
797
805
810
809
809
816
823
822
807
793
805
789
794
802
777
785
789
773
772
775
789
805
787
788
787
777
792
798
790
772
795
785
781
781
786
778
772
774
775
762
762
763
762
772
771
789
785
790
771
753
752
779
741
749
762
759
775
745
768
781
777
784
782
773
774
755
754
756
763
762
750
768
756
754
749
756
751
747
724
744
731
756
755
759
757
755
773
774
765
756
770
769
786
782
780
762
782
775
753
763
752
756
758
752
767
774
776
782
783
807
809
796
797
796
805
788
766
770
765
764
756
761
779
794
793
789
780
780
783
764
765
758
764
768
773
757
764
758
743
749
742
758
746
763
757
748
758
741
750
756
768
764
760
751
765
755
766
766
782
772
772
791
774
776
768
773
787
768
772
767
778
781
790
780
775
771
773
758
767
768
768
791
774
767
758
761
770
770
759
769
754
745
766
761
766
781
774
753
753
741
733
731
756
749
761
767
770
752
767
766
773
781
786
797
803
788
778
785
772
761
780
779
777
776
780
795
808
808
800
803
806
802
790
792
785
788
799
792
766
775
779
790
795
797
779
773
757
762
774
755
755
743
765
760
750
749
761
770
762
746
771
764
760
775
780
765
774
763
781
780
793
787
787
808
792
795
800
791
805
821
812
806
811
811
800
803
786
788
787
777
779
775
757
759
770
755
766
765
757
760
746
743
770
774
750
749
740
738
748
766
773
776
774
785
779
788
774
778
796
793
773
766
759
744
751
731
743
740
760
763
751
746
762
754
756
758
750
748
749
742
753
755
752
760
754
753
735
740
741
732
755
754
750
746
746
734
747
755
750
732
752
761
766
749
756
747
743
767
760
771
776
779
772
764
766
765
756
763
768
765
762
767
761
780
791
784
765
764
769
784
789
783
773
764
763
787
786
785
778
766
767
777
776
768
751
753
757
777
775
771
779
782
772
775
759
763
738
744
740
754
778
775
776
775
776
782
792
787
775
769
767
771
749
756
751
745
739
739
736
744
750
747
744
733
730
737
742
744
744
751
752
763
752
751
745
765
784
783
771
761
757
764
752
775
754
748
759
770
781
793
784
786
775
775
754
762
771
767
771
760
774
783
777
790
798
807
797
808
815
813
791
791
789
781
774
790
774
782
764
759
754
743
740
736
736
757
752
760
751
747
751
759
764
766
750
752
755
762
761
774
769
755
757
769
763
775
752
766
768
761
763
757
750
745
749
748
743
745
749
747
730
719
732
725
744
737
756
752
757
751
743
741
778
773
780
784
783
807
775
770
779
777
784
776
787
791
779
770
758
757
775
791
814
802
793
790
788
796
795
809
778
770
779
796
783
777
771
784
790
803
802
785
780
774
768
764
756
759
757
754
765
757
761
771
761
746
741
753
750
747
737
747
764
751
746
765
778
776
784
795
784
778
782
787
779
763
759
779
758
760
762
770
759
784
771
780
770
783
765
756
766
766
763
761
750
758
781
772
774
777
789
777
766
759
759
778
756
763
762
751
759
753
760
761
755
771
768
772
772
772
766
766
752
756
750
767
772
770
763
767
764
760
757
768
767
776
759
758
741
748
742
740
756
760
779
774
777
771
753
770
755
758
769
762
777
764
757
779
771
771
759
769
768
769
788
774
786
791
775
766
785
765
765
763
770
760
766
763
747
754
747
737
740
758
766
760
736
761
758
752
757
763
763
768
768
769
778
768
766
761
762
756
750
750
754
746
762
778
782
787
783
757
772
755
756
754
767
762
750
748
752
767
775
761
755
762
757
773
761
763
769
784
802
792
817
796
793
788
786
778
765
771
766
796
777
788
786
801
789
784
780
777
785
798
781
754
755
748
738
754
755
750
751
748
752
759
747
766
782
772
773
764
756
755
752
752
751
775
777
775
771
783
783
793
799
790
794
785
785
781
780
791
800
799
786
777
773
793
788
787
771
790
786
783
763
782
779
785
786
783
762
772
771
764
778
773
786
787
793
788
771
785
789
772
760
768
765
776
772
769
764
759
770
775
769
772
768
762
766
775
774
772
776
783
779
760
754
770
780
758
758
774
786
798
782
789
781
785
781
773
769
757
761
753
748
757
746
744
747
754
742
752
758
770
769
769
779
773
782
793
793
798
798
802
795
793
792
773
756
763
766
767
776
771
766
775
779
764
765
773
772
793
791
797
794
794
789
788
791
788
781
789
774
781
784
787
777
783
783
768
765
759
771
776
773
769
768
770
773
794
775
742
755
741
749
758
766
771
771
754
757
772
784
784
783
764
790
785
784
780
780
778
783
787
757
776
771
777
794
792
783
777
775
779
767
775
764
767
752
763
760
754
757
766
792
801
799
783
782
778
777
777
781
774
775
777
786
784
751
768
761
772
789
801
790
786
806
800
801
774
786
793
802
789
796
788
796
796
801
778
798
781
776
765
751
766
771
778
790
798
798
793
796
798
804
807
796
785
793
785
777
784
768
740
743
749
751
729
729
737
743
751
755
745
765
767
783
773
784
787
777
798
805
788
793
795
787
793
778
779
771
777
769
759
755
753
752
754
745
743
743
760
763
747
735
727
742
747
751
778
803
786
772
782
784
790
777
768
771
778
783
775
772
782
766
763
750
735
757
741
737
743
744
740
738
735
741
750
745
736
740
756
762
767
762
764
762
757
768
772
767
763
779
773
779
778
790
772
770
755
747
765
756
765
763
778
761
766
757
775
763
765
748
752
746
746
749
757
751
759
752
748
752
745
734
750
754
789
773
777
778
787
789
796
803
785
786
781
784
781
776
762
736
765
767
769
770
774
784
790
786
769
765
761
779
782
784
764
772
762
761
747
748
769
779
794
771
770
778
783
797
798
791
777
771
763
768
771
764
756
760
760
757
754
763
738
759
767
761
755
766
771
775
766
766
770
772
785
797
787
798
806
802
822
810
819
790
777
781
788
774
784
780
795
799
794
771
787
779
784
799
780
785
783
785
774
768
757
758
750
751
767
766
761
759
760
759
762
774
764
777
768
760
760
761
766
752
754
758
735
727
752
753
748
750
757
744
733
751
724
718
724
725
721
716
727
739
743
759
753
765
766
748
741
762
752
762
753
759
736
735
768
747
742
741
765
777
778
769
763
758
765
772
775
753
751
741
753
752
745
745
747
763
763
751
749
758
776
765
772
780
773
771
786
783
765
744
736
741
763
762
762
754
769
747
742
757
723
742
748
739
718
733
738
741
733
732
733
755
747
761
773
781
773
774
773
767
789
775
772
755
743
751
755
759
757
763
754
758
758
743
743
740
735
730
733
738
744
752
752
730
721
730
714
742
745
736
739
733
738
735
751
737
749
749
740
737
742
734
724
729
735
727
724
729
750
753
752
746
754
772
757
765
763
767
760
746
751
757
763
736
751
737
745
741
737
734
744
765
765
754
742
732
738
740
730
737
762
754
764
761
770
757
742
750
745
749
746
745
756
775
758
766
746
751
757
762
758
749
752
741
770
766
761
744
742
738
751
757
758
769
774
764
762
760
759
760
745
755
768
764
769
761
750
749
744
742
734
751
757
738
744
729
725
734
737
734
731
738
734
743
743
745
733
757
773
775
786
768
743
760
771
754
758
762
756
769
776
777
762
755
769
759
738
746
767
751
751
745
754
772
766
748
746
757
751
748
767
794
801
801
780
794
785
789
793
772
772
775
786
779
775
769
753
767
751
760
772
769
761
766
764
766
776
772
784
784
774
772
774
760
752
750
785
766
748
757
752
746
745
744
734
748
747
749
774
777
787
782
783
785
800
778
764
777
784
792
776
797
793
785
786
774
780
773
754
749
751
767
768
771
758
751
749
762
767
774
764
772
772
764
742
732
750
765
790
775
785
769
756
745
744
751
771
770
780
777
765
761
775
769
758
738
773
805
787
767
763
766
770
770
769
779
755
789
770
793
778
769
761
742
752
763
767
758
751
774
761
770
774
781
775
780
778
791
782
789
788
775
768
781
792
789
791
794
789
777
778
785
781
778
794
779
768
769
769
765
751
764
761
779
776
783
774
781
774
756
756
747
755
737
748
753
747
753
754
748
746
739
756
758
740
750
758
748
766
770
764
761
767
762
776
771
788
765
777
760
768
767
750
760
772
742
750
756
776
766
773
775
771
768
777
751
762
773
767
760
766
776
772
762
763
760
771
773
767
747
762
754
747
759
768
760
771
772
780
767
784
788
773
777
792
798
793
784
790
776
773
779
774
779
766
787
771
766
779
786
790
772
790
780
768
757
739
742
743
728
724
737
751
765
752
753
759
752
741
725
747
737
757
762
753
751
740
747
755
760
770
754
750
754
753
777
772
759
754
762
775
766
795
780
773
777
776
779
771
760
761
749
754
771
773
767
781
780
770
782
771
779
777
774
775
765
769
763
762
762
767
768
772
753
754
752
751
741
751
755
756
766
766
756
754
751
756
741
768
767
768
762
761
777
772
775
774
768
762
755
748
748
749
753
748
753
772
739
743
730
741
732
745
754
750
752
750
752
735
738
756
746
759
745
746
743
745
744
747
761
765
749
767
758
768
766
768
759
790
780
759
755
756
756
755
743
740
741
750
734
738
746
756
745
728
726
725
718
717
726
738
740
736
743
748
750
758
758
755
773
777
781
769
774
768
774
763
753
749
756
766
772
777
776
772
772
783
787
788
805
800
792
794
788
786
775
774
770
771
781
774
750
765
755
740
757
769
779
786
794
791
773
766
763
766
767
747
759
741
746
762
784
778
785
796
790
776
771
772
769
771
763
769
775
773
786
786
785
798
810
800
797
783
806
789
791
795
787
762
759
758
754
756
760
773
793
816
792
796
782
776
777
785
759
769
763
758
778
766
755
776
752
751
758
752
741
746
744
738
721
712
717
720
737
736
757
755
751
746
761
742
742
738
756
757
767
753
761
769
773
783
776
777
771
782
776
773
770
769
773
769
754
741
736
741
753
752
752
746
728
739
746
756
762
785
769
784
791
784
772
769
767
779
777
778
767
754
744
753
758
730
726
725
725
731
710
699
719
702
732
720
736
735
743
750
755
758
757
757
751
759
760
769
757
753
765
757
749
746
748
747
752
737
762
764
749
767
744
763
775
760
751
749
758
758
758
762
768
753
759
751
756
752
753
757
759
762
754
777
784
786
795
791
784
775
767
759
762
748
752
748
764
767
785
776
784
776
781
795
792
790
807
798
778
760
757
751
770
757
771
760
784
790
787
765
756
761
764
773
761
775
754
758
770
761
752
747
750
746
757
748
754
744
745
756
733
737
741
746
715
736
763
761
752
729
752
741
757
753
744
735
745
753
755
760
742
750
763
775
777
756
725
756
726
748
729
752
727
735
750
749
750
746
751
750
744
772
790
779
786
794
781
782
795
777
793
780
776
798
793
797
794
794
775
781
774
777
781
782
769
772
795
802
781
754
759
749
745
740
758
757
739
752
761
762
759
750
741
765
755
765
762
745
739
753
757
763
768
781
766
761
753
761
763
769
761
760
766
795
801
781
789
778
776
770
774
765
775
765
764
762
750
781
777
764
785
773
759
763
768
778
771
785
785
774
780
788
785
772
751
764
760
773
761
742
759
760
768
777
786
786
786
779
770
777
770
785
780
778
779
783
759
761
761
759
760
747
763
767
776
754
767
753
755
754
760
746
757
747
755
751
742
746
741
757
757
751
743
754
735
746
748
752
751
752
744
761
749
743
744
750
730
717
734
730
737
730
724
726
735
718
730
747
755
740
731
727
751
766
765
781
761
747
753
745
737
752
750
756
735
743
742
734
716
714
710
711
715
710
729
713
718
719
712
710
726
734
736
733
725
729
721
729
739
735
743
771
796
797
795
773
775
769
777
790
790
792
782
779
764
756
765
759
762
768
757
736
722
726
724
723
724
732
740
735
735
747
740
740
741
730
736
748
744
751
762
757
764
747
745
752
759
742
745
746
754
740
735
721
732
735
745
747
736
738
751
765
748
735
742
743
736
735
727
735
751
742
758
750
744
733
739
758
760
757
754
757
753
758
758
758
759
749
732
730
750
738
732
728
705
716
715
721
740
743
738
748
748
756
762
747
765
774
771
764
759
743
757
752
760
773
759
769
763
763
765
769
740
725
742
746
742
755
751
749
760
743
747
740
726
741
738
727
733
722
735
751
735
735
732
742
718
740
765
754
747
759
739
758
749
750
743
750
747
759
735
742
739
735
722
724
737
743
738
735
743
738
745
740
743
732
739
736
760
751
752
757
765
788
788
793
780
770
762
766
781
755
746
757
763
758
748
751
759
765
749
740
750
747
757
749
746
747
749
746
737
733
729
738
732
734
733
726
726
735
735
727
740
731
718
725
726
742
741
751
726
741
732
744
741
755
768
761
767
761
750
737
730
729
713
711
694
704
723
722
712
712
722
714
726
721
730
742
737
726
746
742
741
743
745
746
759
753
775
772
774
785
784
765
771
743
742
736
732
721
720
725
733
725
733
737
726
721
743
739
755
734
724
714
746
740
749
756
760
765
749
746
760
769
764
743
756
750
758
752
747
770
748
764
760
769
767
754
767
758
764
767
754
761
762
764
760
760
743
742
748
731
730
739
742
752
748
726
708
729
724
737
756
728
748
736
734
740
747
750
758
747
730
735
729
726
728
736
719
737
742
731
734
728
726
733
742
751
759
756
752
763
761
754
745
739
749
721
728
737
744
738
729
736
733
720
745
757
745
743
759
772
767
763
735
752
754
758
744
734
747
738
719
723
726
735
756
728
735
751
761
743
742
733
736
746
741
746
743
762
757
757
746
724
714
728
724
713
728
742
741
751
749
769
773
765
755
747
740
771
759
763
769
761
768
763
758
743
735
756
751
752
773
793
799
785
783
777
784
763
761
757
744
753
740
745
746
751
748
736
725
735
749
755
765
761
752
744
753
755
748
725
729
741
739
771
771
761
755
756
749
760
767
760
751
756
736
738
736
753
747
731
751
735
732
743
744
747
750
753
760
745
737
727
727
727
740
754
754
774
769
749
760
760
760
766
764
774
781
777
774
759
765
765
763
765
767
762
775
762
764
772
767
761
758
762
770
752
747
769
761
770
761
762
754
765
766
756
745
757
760
756
740
753
750
757
741
732
759
755
754
745
759
754
737
740
731
736
708
724
737
733
742
726
734
747
753
758
751
746
743
724
752
739
736
726
715
705
730
731
730
728
726
725
730
743
735
746
748
747
752
731
735
734
738
736
747
741
760
740
742
754
759
745
741
750
748
747
741
739
745
720
726
728
729
729
735
739
750
743
714
726
728
739
715
722
719
720
727
725
711
712
719
720
729
732
728
726
727
721
718
736
736
728
741
722
720
729
725
740
738
735
719
728
723
723
739
741
740
730
749
757
760
761
752
761
761
747
750
755
766
773
779
751
751
755
750
744
740
760
747
754
743
741
748
733
734
725
745
737
740
746
736
731
737
735
734
746
742
739
749
737
759
751
751
757
728
722
727
730
738
728
725
717
696
718
707
708
721
722
719
720
720
702
706
707
721
707
718
726
720
752
743
736
741
726
748
755
749
760
768
769
757
775
762
766
775
777
751
734
740
721
742
751
743
753
745
740
757
727
733
745
730
733
742
745
740
743
740
728
726
748
752
748
752
739
733
735
730
723
721
722
736
733
721
723
730
732
728
733
757
761
752
752
750
737
730
726
730
728
735
729
728
743
740
752
761
746
745
744
740
754
764
749
744
756
728
748
743
743
739
736
762
770
772
775
772
761
753
751
737
740
723
737
719
739
727
742
754
758
751
768
759
755
743
763
760
742
752
755
740
749
730
734
720
717
723
720
735
746
746
742
747
758
763
763
756
746
739
760
742
747
752
754
755
726
727
751
746
749
751
754
755
743
756
742
759
752
741
753
741
745
768
751
745
724
733
722
716
719
720
714
710
703
704
702
702
690
710
705
690
693
694
692
713
721
715
720
731
736
726
707
722
740
748
753
741
741
739
730
748
745
749
755
751
736
743
760
760
769
771
749
738
745
744
751
752
763
759
738
758
756
753
750
760
744
752
762
766
761
763
756
757
768
762
751
753
763
748
747
731
728
732
730
759
754
759
751
762
767
748
748
740
738
731
730
725
709
724
736
746
744
734
743
746
744
747
745
728
713
729
723
715
723
756
750
732
746
743
738
732
738
736
733
743
750
741
740
748
748
755
746
728
740
741
738
745
742
740
710
715
729
715
709
718
729
738
736
737
736
744
738
755
752
764
746
751
747
762
760
750
736
752
748
749
756
746
742
738
731
749
738
754
769
770
786
772
764
760
768
781
778
771
781
759
739
726
730
732
732
735
727
741
725
722
725
716
725
711
714
710
722
715
725
728
745
745
741
731
729
746
732
744
764
740
728
739
741
738
745
747
739
742
754
757
759
758
746
745
735
739
761
740
735
748
739
726
728
742
756
742
754
753
740
740
735
739
744
737
742
728
726
732
738
732
720
730
727
742
748
741
754
745
737
732
743
722
736
733
745
742
727
743
725
742
746
752
739
745
749
745
748
755
761
746
737
735
738
739
732
728
738
729
727
734
748
755
743
738
740
753
746
747
750
730
719
720
722
722
714
712
698
710
719
740
745
748
741
740
730
732
740
756
766
774
754
752
732
748
754
737
732
736
757
745
748
746
739
746
759
760
752
744
737
747
756
758
768
743
753
752
756
733
723
726
739
731
729
739
739
745
730
736
744
739
756
749
755
769
767
761
765
780
783
770
780
765
766
762
755
773
759
769
749
744
744
738
720
721
731
729
729
740
737
730
734
735
731
737
736
731
740
736
738
750
766
756
751
744
729
728
719
724
737
732
747
753
757
759
753
761
770
755
755
754
750
734
722
725
736
743
748
733
743
754
742
741
738
730
755
741
734
743
742
745
753
752
751
738
740
740
723
720
707
683
709
696
693
705
717
726
715
703
711
710
725
740
753
754
737
740
728
730
733
727
713
700
708
696
694
691
702
726
711
711
725
726
740
741
740
758
738
740
748
752
764
758
746
743
751
756
774
774
764
756
753
761
754
769
762
772
770
762
762
754
759
756
765
784
779
793
766
745
742
733
742
736
747
725
725
742
741
737
745
730
739
736
737
747
750
735
722
707
708
695
716
709
723
706
707
714
718
721
713
710
716
700
714
705
713
721
725
722
726
745
739
744
736
725
748
744
736
735
750
747
756
762
735
725
731
712
719
704
717
716
708
716
726
710
714
714
726
731
721
737
740
749
723
745
736
736
742
754
751
741
752
752
768
750
767
776
773
763
773
781
774
779
795
797
769
768
768
775
773
773
772
775
757
750
744
742
739
745
741
737
719
721
735
740
741
737
747
754
758
756
740
749
759
763
753
742
748
762
765
771
768
774
761
767
771
743
748
750
756
769
769
755
756
785
790
783
773
752
755
753
749
760
761
762
753
727
724
747
746
746
767
773
771
769
766
768
774
769
757
764
744
757
743
746
747
759
754
771
769
791
790
776
780
777
772
767
781
780
782
779
768
762
745
763
752
756
761
750
759
762
754
745
727
726
731
737
745
762
768
753
765
760
753
747
744
731
755
744
741
745
743
749
740
745
737
742
748
743
742
745
762
756
753
766
778
759
762
754
759
757
759
756
744
748
736
754
741
739
745
748
758
763
753
763
747
767
766
750
753
772
781
778
770
787
784
773
777
754
758
742
747
739
739
757
747
751
740
750
763
753
742
744
735
736
762
758
752
759
762
765
749
747
758
753
763
761
750
738
751
740
737
746
739
742
736
737
745
747
742
723
736
742
753
761
759
764
763
743
735
748
750
751
747
746
735
732
725
724
739
730
741
752
753
778
768
763
751
743
756
761
759
774
774
760
773
759
760
750
759
743
728
725
724
729
744
737
739
727
719
732
723
715
732
741
749
750
748
741
751
734
738
730
723
722
738
732
735
754
760
745
735
737
745
745
762
756
746
748
745
750
755
754
756
745
741
754
760
765
762
744
744
730
743
729
726
723
716
717
718
733
721
725
721
731
737
727
721
714
706
704
697
701
709
705
711
725
718
718
700
731
746
729
731
741
752
729
734
753
747
741
735
731
726
730
734
737
740
743
753
760
753
752
767
759
768
765
760
759
761
739
735
725
714
725
728
721
736
749
765
780
765
772
779
780
777
773
769
774
769
755
758
767
758
762
766
781
788
804
792
760
753
745
755
749
762
747
760
751
742
771
771
755
761
763
767
768
762
759
762
767
784
786
773
756
765
770
765
764
750
767
766
760
749
738
738
742
753
742
744
752
758
764
762
779
769
774
773
760
764
767
780
788
781
789
776
768
750
740
749
743
767
764
752
754
765
751
741
750
752
735
736
743
729
758
769
784
776
783
781
760
773
770
756
764
750
740
750
749
745
749
742
743
747
749
759
759
766
771
764
764
758
738
747
729
729
721
734
744
729
728
724
720
726
722
726
738
732
721
706
718
732
726
724
733
706
718
714
717
707
713
715
709
708
698
707
711
717
707
709
709
711
726
751
747
758
756
743
745
730
734
719
722
731
735
727
736
730
735
747
749
747
740
727
729
731
727
730
731
730
726
727
734
743
736
745
734
748
745
727
721
720
735
751
748
727
763
768
747
740
716
718
724
717
721
721
719
731
721
728
725
747
730
730
742
739
740
724
727
730
725
741
738
732
723
740
734
731
747
750
743
735
721
726
729
718
720
722
735
736
743
733
747
731
762
762
766
755
761
743
729
750
739
737
732
725
719
720
719
744
751
744
765
747
749
754
747
766
748
741
738
732
730
752
753
764
765
745
762
766
777
763
773
774
755
757
751
759
753
764
762
761
747
762
743
737
722
753
752
763
763
748
748
756
749
752
756
773
751
747
748
733
741
737
745
745
742
753
726
730
724
726
727
732
737
755
750
745
764
755
759
757
764
767
756
769
761
775
755
753
750
758
755
735
731
748
726
748
762
745
748
752
753
759
776
779
765
743
751
756
745
754
757
755
734
760
768
746
746
743
730
746
736
730
725
738
731
753
745
752
745
726
739
737
740
741
753
743
726
761
757
770
776
764
786
782
779
759
759
773
773
759
756
743
763
753
752
770
761
768
761
774
760
759
765
768
774
766
769
738
754
767
758
753
742
738
743
735
747
753
733
745
741
752
736
746
746
746
742
741
756
744
755
743
753
753
755
740
746
754
750
739
741
735
731
746
751
766
769
759
772
761
762
764
752
738
758
736
743
754
751
746
734
751
754
755
773
777
771
778
777
776
776
765
768
760
756
751
752
739
742
719
726
730
755
763
769
763
742
749
747
763
768
768
763
786
769
777
776
777
760
746
757
742
740
727
743
732
744
760
754
739
736
753
742
751
761
759
763
784
770
780
770
763
762
760
763
755
762
763
763
774
763
760
771
762
782
762
745
755
745
744
745
750
751
746
757
749
756
751
750
753
767
744
760
762
767
763
775
770
783
766
766
772
760
761
748
764
775
766
778
769
780
776
754
751
739
729
741
747
741
737
756
755
748
747
756
752
749
757
761
770
768
770
769
752
750
757
771
761
744
746
751
734
734
741
733
740
739
739
737
727
723
725
718
706
718
721
725
728
739
727
729
751
738
735
754
748
755
761
748
750
757
763
752
753
751
744
747
751
757
744
742
737
746
745
763
736
747
749
743
733
742
731
729
722
721
719
715
728
734
757
756
756
744
733
725
736
734
731
702
715
712
710
709
693
712
718
705
709
724
726
722
733
722
715
708
699
699
705
723
721
715
701
709
712
698
697
708
709
700
713
717
714
709
713
709
706
721
719
715
714
709
708
719
709
698
691
696
702
717
719
740
727
728
712
717
726
735
710
710
695
709
724
716
717
722
732
716
716
708
708
701
716
725
735
729
736
748
765
737
749
725
730
725
719
721
716
721
734
733
735
735
751
756
773
784
768
767
762
769
770
766
757
760
756
760
764
749
746
736
738
754
753
769
745
750
749
740
741
746
740
766
770
770
780
768
770
760
760
767
749
758
748
740
740
740
752
745
749
758
752
758
759
733
734
723
734
712
725
709
707
709
728
718
738
739
743
732
723
715
725
736
741
758
755
750
752
756
749
733
738
739
739
738
742
738
749
741
736
731
724
723
716
735
725
726
731
714
711
719
724
737
731
731
719
765
750
751
745
748
740
728
752
751
750
728
713
729
731
734
742
735
739
742
722
741
732
724
726
731
735
738
750
743
745
744
733
711
728
726
720
724
722
720
714
697
710
697
696
690
708
688
695
688
709
728
731
734
725
734
722
727
737
750
743
755
769
742
744
743
742
739
736
715
713
719
715
733
726
726
730
738
734
749
743
738
737
745
721
737
729
738
754
738
732
727
729
730
719
739
746
748
742
753
777
760
755
760
756
753
753
729
735
734
753
747
751
758
755
748
761
753
749
736
727
734
728
729
742
755
750
751
756
753
744
760
767
748
752
754
753
740
738
723
749
740
745
764
741
743
731
750
745
742
737
738
751
730
739
746
739
747
745
752
755
748
750
742
740
736
749
745
747
736
751
737
746
771
763
745
746
748
745
741
756
758
751
746
762
768
755
752
773
777
773
785
763
775
774
787
775
772
759
756
758
753
751
750
758
748
758
761
760
754
739
748
752
769
757
760
746
761
756
747
752
762
754
752
743
740
729
731
738
725
729
727
737
729
730
731
732
746
748
742
743
729
726
750
756
747
752
754
749
733
759
764
738
734
732
749
733
742
763
741
746
748
740
732
741
740
752
735
733
725
739
752
733
756
734
734
738
732
738
718
720
753
750
765
751
759
754
748
754
762
753
741
745
751
745
747
744
737
737
740
744
741
749
736
727
733
724
732
744
745
742
759
750
754
750
751
752
752
753
758
759
746
742
761
758
784
773
768
766
737
753
769
767
750
746
750
749
755
753
765
757
774
766
757
729
740
744
721
719
714
746
745
763
752
761
771
775
769
764
743
747
741
749
759
762
760
779
800
799
766
769
764
765
755
762
762
753
770
747
749
745
749
727
750
742
757
753
753
748
749
736
732
730
729
730
732
720
729
749
746
749
729
743
740
718
726
732
721
723
718
736
746
733
728
724
722
726
730
732
742
727
736
727
716
739
724
732
740
736
716
724
724
736
741
727
738
762
748
736
739
745
752
750
758
758
757
769
769
766
748
765
761
755
750
743
738
727
744
762
776
785
783
790
761
785
762
764
761
769
780
771
772
769
772
735
756
751
741
743
749
750
733
738
745
743
737
738
733
747
727
735
733
742
739
746
745
743
761
767
790
791
784
758
763
764
758
755
773
771
768
754
751
764
756
761
754
756
764
777
756
759
743
765
780
789
782
764
782
787
769
781
771
768
752
767
764
775
771
762
757
772
766
765
752
749
752
752
764
767
759
761
762
760
771
768
757
765
755
755
759
753
742
738
741
750
756
762
760
766
749
757
736
738
737
750
744
735
729
730
729
721
743
721
727
731
732
729
714
724
730
738
745
736
721
734
742
735
728
743
741
748
755
737
731
732
743
741
733
724
715
724
716
731
735
742
740
755
760
760
751
747
747
731
734
732
740
742
753
740
733
743
746
734
749
760
773
763
751
765
741
738
748
753
738
738
751
747
741
734
742
749
735
740
737
718
720
727
722
723
724
727
721
720
726
732
716
723
722
731
727
735
736
750
749
741
749
761
760
770
771
775
773
767
760
738
737
756
750
751
755
754
753
751
761
770
788
763
774
782
772
766
770
750
759
736
749
749
752
748
735
755
737
743
774
753
763
773
771
766
754
750
737
726
725
733
727
732
724
735
730
720
732
754
747
752
755
762
749
755
755
753
738
742
754
756
765
773
758
766
774
763
768
760
760
751
774
764
761
748
746
750
741
750
743
730
723
727
721
729
719
731
732
745
758
734
738
728
734
751
745
734
728
728
721
716
730
726
714
718
726
709
710
721
712
720
723
713
707
710
698
720
737
724
730
725
722
716
723
721
731
724
726
736
739
747
756
757
740
740
753
750
748
744
719
740
743
744
763
751
736
744
739
747
731
755
757
737
744
715
720
722
720
718
731
728
741
718
740
725
735
722
719
713
712
707
716
712
720
732
735
728
725
718
720
695
691
698
686
704
717
704
728
723
728
725
740
743
751
733
727
724
741
745
740
727
736
725
717
717
719
712
719
703
697
685
710
704
704
702
708
731
722
724
713
735
738
734
750
752
758
756
745
739
725
730
729
722
724
726
728
725
725
742
737
742
725
733
730
740
729
750
728
728
718
713
704
723
703
696
696
696
689
694
731
716
711
718
719
705
722
716
715
717
725
729
713
720
728
710
709
727
732
745
742
745
756
742
754
759
770
751
759
750
770
765
760
766
767
757
750
770
757
756
757
763
766
756
752
767
755
734
745
749
740
742
739
756
759
735
743
750
753
739
745
741
740
728
728
734
739
725
741
746
739
738
711
727
732
744
744
772
762
770
766
770
769
774
781
778
776
747
753
751
758
769
765
766
756
750
741
736
757
775
758
737
746
748
739
738
722
742
733
728
745
744
748
732
733
736
749
743
738
741
743
738
739
733
735
731
734
734
741
741
761
740
748
743
753
742
733
736
748
740
742
750
757
744
752
745
749
752
754
741
743
739
751
740
737
760
767
773
757
769
771
775
756
753
744
745
748
743
755
759
755
733
741
733
736
726
714
708
716
721
724
715
737
734
736
736
736
738
728
731
744
740
739
729
735
739
758
734
743
731
733
725
727
731
725
728
733
741
746
753
755
758
747
749
724
736
732
719
717
707
711
721
737
731
740
745
749
735
763
748
748
758
771
764
760
772
763
759
747
748
743
738
745
761
733
734
727
726
731
737
729
725
732
731
737
731
741
749
733
730
726
722
730
738
731
730
728
706
706
703
701
714
722
722
722
739
733
725
732
720
721
717
727
728
724
721
726
734
750
744
741
731
733
727
726
724
718
721
716
723
709
702
709
713
707
722
741
740
718
730
724
725
731
728
725
733
714
716
712
724
740
745
737
729
739
739
756
737
735
738
753
760
760
763
762
748
749
753
747
742
739
744
736
760
768
765
758
759
740
729
742
747
734
746
739
740
738
732
731
733
732
732
721
720
724
712
717
710
715
716
723
721
744
723
713
706
718
726
728
714
722
731
727
730
747
760
744
726
729
726
731
744
737
737
737
731
718
715
708
707
708
693
710
713
707
702
704
687
690
698
689
680
681
696
708
713
719
725
717
715
713
728
718
729
718
722
716
717
729
725
742
731
741
739
739
730
744
737
729
729
714
733
718
727
732
739
725
717
720
740
740
733
722
706
704
700
701
711
715
715
717
708
719
713
708
709
726
716
710
708
701
708
718
724
718
720
726
710
709
685
693
698
688
696
694
681
689
681
701
688
704
701
710
697
704
713
726
717
708
710
704
700
711
709
713
706
692
690
691
699
708
706
719
716
701
709
722
710
707
721
711
715
704
696
710
713
707
713
718
719
708
726
726
714
714
708
719
704
718
714
709
707
718
707
706
702
697
693
702
703
675
687
679
686
690
693
686
681
689
688
699
687
676
697
687
675
689
682
661
672
681
685
682
703
702
701
711
705
709
702
706
706
706
708
707
690
686
691
700
680
675
690
686
705
701
698
695
712
717
731
708
711
713
725
728
719
718
711
716
723
719
726
715
708
714
702
710
682
686
692
693
683
706
708
716
691
693
690
701
696
699
702
704
712
700
699
687
707
715
714
705
703
706
709
701
703
702
709
695
702
698
687
683
687
682
681
702
701
704
717
711
692
708
704
736
709
717
729
734
741
731
721
706
695
678
689
698
714
717
733
729
724
741
737
728
721
718
724
726
715
740
737
727
724
723
721
724
735
727
719
712
709
712
698
709
696
711
701
715
715
729
708
708
710
724
718
711
721
718
712
712
696
701
707
708
708
733
733
717
721
736
723
725
726
712
720
711
728
722
730
724
716
736
731
741
736
746
745
742
737
730
731
735
730
724
720
737
737
716
729
725
740
738
739
725
724
717
725
703
714
740
718
733
714
706
700
690
699
697
708
704
705
703
705
697
694
691
713
698
709
696
689
690
691
689
683
685
671
692
675
685
690
666
664
667
662
654
648
651
657
651
662
674
673
669
672
681
668
672
686
677
684
682
692
689
686
682
690
702
681
713
701
707
717
710
713
695
710
703
715
722
697
693
693
691
695
703
718
703
702
707
691
690
696
699
694
689
693
688
683
684
682
682
694
687
692
693
699
697
704
702
688
682
688
687
679
687
690
676
687
692
699
704
700
704
703
701
693
691
704
696
681
694
693
699
710
709
690
677
678
683
683
681
690
693
685
693
716
679
687
705
708
717
700
690
702
706
701
718
717
706
701
709
703
711
711
714
725
739
739
726
719
712
719
713
706
709
714
699
696
689
673
686
686
707
695
695
699
709
706
698
712
707
723
718
729
690
709
700
696
707
721
704
704
706
700
718
709
723
728
723
702
718
716
722
737
727
738
730
715
713
715
726
734
714
719
732
742
721
725
718
718
713
715
706
718
718
717
700
711
702
703
680
693
680
665
684
690
690
692
692
701
706
693
705
696
693
676
691
695
706
703
716
705
715
701
696
691
687
693
705
704
702
714
713
706
709
704
699
721
708
693
680
686
695
699
703
709
697
687
689
680
686
696
704
707
711
689
677
687
685
682
694
701
708
713
717
716
708
714
701
692
705
703
708
713
708
704
717
725
708
702
708
705
712
693
692
689
688
682
697
702
692
701
683
702
691
691
688
694
695
690
686
687
685
688
681
678
704
704
678
683
683
688
684
699
684
677
686
684
679
684
675
693
701
706
707
706
708
694
693
682
670
677
673
671
687
687
676
695
687
711
720
709
690
690
717
719
706
718
713
717
710
689
671
679
683
680
677
683
689
694
709
707
716
707
713
704
683
695
698
702
689
688
693
690
698
703
694
685
681
691
685
670
667
680
683
688
696
680
688
677
676
679
681
707
701
715
705
710
712
692
715
719
726
742
718
707
706
705
712
718
714
720
707
700
697
706
698
694
712
744
732
731
727
729
715
715
714
713
721
711
728
730
732
726
711
706
709
705
721
731
731
729
728
741
738
744
744
743
751
753
734
724
711
700
697
660
656
652
658
669
667
691
697
693
696
679
680
678
665
669
686
680
693
699
703
685
680
667
677
684
686
689
710
713
710
699
697
708
697
698
708
724
721
703
701
690
691
678
682
712
713
699
706
696
709
703
703
705
708
710
686
704
689
684
690
704
684
680
694
688
687
670
667
687
693
702
699
714
715
731
716
697
688
709
716
728
720
719
703
679
708
702
692
692
709
708
712
690
682
687
700
703
707
719
707
700
695
693
687
689
689
682
685
686
710
694
695
702
707
704
708
701
704
724
721
721
718
722
722
718
712
708
708
708
716
710
716
711
722
711
717
714
716
695
696
718
698
694
704
700
671
682
682
681
668
689
692
692
719
708
720
696
715
710
705
697
715
715
715
718
710
705
714
703
695
696
694
699
717
725
710
728
738
729
728
728
729
725
734
732
716
715
709
710
708
710
693
695
689
706
702
687
685
689
682
679
679
675
678
693
687
688
688
682
677
677
684
695
709
699
707
697
673
681
667
676
662
684
676
681
683
682
683
676
681
676
683
688
681
671
692
679
691
693
701
699
692
706
709
704
707
696
689
701
683
701
692
700
703
708
713
701
704
697
698
714
703
705
684
674
666
692
692
705
698
698
698
702
700
703
696
699
697
692
707
717
724
714
690
702
722
707
693
690
694
683
694
698
701
694
687
683
681
694
706
700
712
718
720
708
719
711
727
717
712
704
711
703
726
702
701
695
679
687
704
708
719
721
721
706
715
693
706
705
725
726
726
728
718
723
712
708
726
717
729
723
715
718
718
726
716
720
721
706
713
700
703
704
716
703
696
692
672
655
671
677
661
687
684
692
706
690
682
691
675
672
665
665
676
685
696
698
695
702
707
699
697
691
686
699
688
694
690
697
704
688
701
688
677
698
691
708
713
719
714
708
703
689
693
696
706
706
693
693
688
691
678
690
691
686
708
690
675
667
663
686
698
707
699
706
707
709
707
683
683
665
683
682
711
694
687
697
686
690
688
692
676
677
673
671
676
678
686
670
660
677
683
684
675
684
686
690
684
712
708
705
715
713
699
708
703
704
688
699
682
683
697
707
712
705
724
711
705
713
720
733
728
719
726
727
718
702
708
706
692
701
696
708
711
727
727
709
700
699
691
687
696
693
728
723
714
705
704
691
683
706
706
704
711
698
703
711
702
712
708
719
711
696
680
682
689
679
676
684
675
671
683
682
681
684
691
683
677
684
670
684
681
668
689
690
695
702
718
705
707
711
697
714
717
720
732
731
713
711
717
722
726
712
726
727
718
725
720
711
726
713
724
709
712
719
704
715
704
688
704
705
712
702
678
688
703
699
683
675
672
677
691
695
709
717
735
742
720
720
723
713
726
730
721
704
719
723
740
744
728
721
724
731
742
733
731
707
710
710
721
705
707
724
719
714
695
722
719
714
713
705
691
667
684
673
692
678
704
697
694
701
707
716
715
711
711
711
724
727
741
747
730
715
726
746
739
729
726
722
716
721
714
700
708
712
699
696
699
714
703
693
719
704
705
705
718
706
717
713
704
710
715
712
710
711
713
699
708
704
690
702
709
718
708
702
703
708
710
702
706
698
697
703
697
705
714
705
701
712
701
712
710
695
705
685
677
682
679
655
657
666
675
684
690
676
669
661
649
659
646
661
650
658
658
668
666
674
654
664
653
656
647
663
680
674
674
679
685
696
701
694
701
695
682
700
698
688
693
692
685
689
678
687
701
696
674
685
686
689
704
709
702
713
708
711
716
721
718
712
696
700
710
714
719
724
743
741
723
709
730
734
703
708
711
698
694
674
681
683
672
682
695
687
682
703
712
733
730
725
722
724
719
720
719
717
714
729
733
726
729
724
721
712
703
711
700
695
691
707
699
693
697
701
707
697
708
712
701
700
699
696
689
700
691
705
726
723
726
702
706
706
712
701
708
695
690
699
684
700
711
714
702
721
735
710
718
716
709
715
701
709
693
703
703
701
689
684
692
690
696
702
697
710
712
704
718
698
729
708
710
713
715
705
715
730
742
743
753
741
744
734
754
755
737
733
730
733
731
742
730
734
730
736
730
726
729
717
718
703
716
695
706
698
699
707
704
716
719
720
704
703
690
684
681
698
694
708
711
701
699
692
687
700
694
697
688
720
713
709
713
699
697
690
677
681
675
695
692
696
691
693
701
695
697
699
706
688
689
692
682
684
701
700
699
686
690
668
667
688
679
676
677
684
661
678
673
679
693
693
686
679
688
688
682
669
688
694
706
705
712
710
715
711
699
698
702
702
690
698
690
674
693
678
657
659
651
660
663
659
670
663
670
660
663
675
684
685
684
686
686
682
677
674
672
669
666
678
680
675
675
653
667
667
670
661
655
644
647
654
660
642
635
627
628
639
643
656
645
662
648
637
654
647
660
646
661
676
700
678
681
671
656
652
643
658
666
669
670
659
666
660
662
665
669
670
668
671
679
691
671
667
676
660
664
670
654
676
677
682
683
682
699
697
700
692
701
710
721
706
725
721
725
707
718
691
705
705
719
698
697
708
705
701
717
724
704
701
709
714
722
702
690
701
698
687
678
684
689
701
690
686
701
684
680
674
680
664
667
676
678
667
683
668
664
666
666
681
682
682
686
676
690
663
675
679
675
685
689
693
698
689
687
680
684
687
676
678
677
691
698
699
700
709
709
729
713
707
697
710
706
697
691
689
692
687
683
696
680
685
687
690
698
674
694
693
687
700
680
680
673
670
681
685
691
693
689
685
677
692
699
702
703
688
680
680
684
674
672
695
682
683
667
665
674
677
674
679
667
672
669
665
660
677
692
696
679
672
675
672
664
673
652
670
678
676
661
667
670
655
674
674
679
680
663
655
669
663
659
662
654
658
662
650
644
643
646
657
654
673
678
661
660
653
675
666
672
662
677
673
659
647
636
634
664
655
651
653
652
660
665
650
651
670
660
659
657
643
636
638
642
654
654
669
666
655
681
677
682
676
690
703
692
698
701
692
709
699
693
700
698
693
691
695
688
685
683
685
685
670
684
704
704
702
696
698
691
683
679
676
687
682
684
674
667
696
676
685
696
708
690
689
678
670
687
688
681
679
677
674
683
676
680
690
698
692
683
698
694
691
687
688
689
680
684
695
688
675
661
657
668
684
675
683
679
675
691
691
684
680
690
699
684
681
676
669
671
651
631
627
665
663
686
675
675
690
676
681
668
666
655
668
669
673
669
663
674
669
680
680
680
673
673
666
671
680
684
687
706
698
707
716
718
710
727
702
726
706
719
709
711
695
691
682
684
685
691
684
699
688
705
702
698
689
681
683
684
693
686
676
679
677
669
678
675
677
676
670
656
661
655
671
680
689
698
720
704
710
728
707
694
678
685
671
677
674
690
692
695
681
672
676
671
669
685
677
673
678
681
671
672
683
690
713
704
704
695
692
692
691
677
680
683
694
679
675
681
692
701
712
697
705
679
689
697
682
675
680
666
678
666
673
664
664
661
670
689
682
689
701
698
680
679
691
686
684
680
687
690
666
687
693
693
676
711
694
710
702
686
684
687
682
682
677
680
677
667
667
661
660
672
685
678
684
677
674
680
688
672
684
677
691
678
696
687
695
686
691
695
688
686
711
696
691
692
679
660
668
668
656
669
677
686
682
685
673
672
670
675
654
668
659
644
650
647
671
668
672
684
656
665
668
655
659
665
667
681
663
658
665
650
660
681
659
684
677
