261
266
262
268
273
280
270
273
276
267
250
243
246
228
244
238
239
242
245
259
264
267
264
259
255
256
250
258
249
252
259
252
257
254
252
233
238
240
249
246
252
250
248
253
256
268
262
266
255
255
252
259
254
259
248
247
255
245
254
256
256
254
250
245
247
243
237
241
243
251
246
246
244
250
253
250
249
248
249
250
249
241
238
254
259
256
257
258
253
251
249
255
258
254
255
254
263
242
254
250
249
263
258
248
258
266
260
263
261
261
266
260
264
259
258
251
268
256
260
257
259
271
270
262
264
258
259
258
252
245
254
252
255
259
262
247
250
241
252
248
244
239
251
250
248
259
255
250
256
259
252
260
262
264
266
270
266
259
254
253
266
258
263
254
244
257
264
263
254
249
253
244
240
236
233
222
242
245
248
234
247
239
239
239
227
236
249
246
246
255
253
263
262
272
279
260
258
256
258
253
248
258
256
252
258
244
241
246
233
234
232
238
232
236
237
236
246
248
244
239
234
225
223
239
234
226
228
230
233
230
231
232
224
228
231
236
236
237
240
233
247
239
241
239
243
243
252
256
247
258
246
255
255
268
243
245
245
249
245
236
249
246
246
248
246
244
245
248
241
240
241
239
255
239
237
247
247
246
243
244
235
237
235
220
212
209
221
228
224
236
234
222
223
229
227
211
215
230
224
219
228
233
230
230
231
235
237
245
252
257
261
250
266
268
271
266
272
269
266
264
262
269
271
271
267
267
266
264
257
253
264
261
273
260
263
253
258
256
264
251
254
241
250
251
254
259
247
250
243
237
242
246
252
247
245
240
243
238
244
252
252
243
244
242
242
251
254
263
259
257
251
254
247
252
243
250
252
256
257
258
246
248
248
258
256
261
272
262
264
267
263
257
257
251
248
249
251
253
261
258
260
262
259
267
265
252
254
269
270
279
277
283
282
273
272
265
264
248
252
258
260
254
266
262
268
269
264
261
256
256
262
270
261
262
247
266
270
272
273
271
266
258
267
268
263
272
273
281
279
270
271
267
267
275
274
282
273
274
277
266
255
266
258
253
250
248
254
252
250
247
250
249
253
266
270
267
269
262
263
271
259
267
271
275
269
259
242
253
257
256
256
264
256
256
266
268
264
264
259
257
258
265
275
268
266
266
260
257
268
261
250
258
258
262
259
264
256
259
247
249
253
250
242
256
243
257
250
246
241
235
245
245
240
234
239
225
222
223
227
235
235
239
250
243
258
244
246
250
253
259
259
268
259
270
266
259
265
269
268
273
265
259
250
260
263
257
251
255
255
261
260
243
245
241
233
228
222
224
220
236
227
217
218
220
226
230
228
231
238
227
230
239
232
232
227
230
238
243
248
249
231
249
259
263
266
267
266
266
256
258
249
251
253
266
261
264
265
263
272
265
259
249
249
254
254
245
245
249
236
235
247
264
259
250
253
256
245
247
248
245
236
244
243
239
237
236
229
230
229
220
209
216
218
212
217
229
219
220
222
225
235
236
228
224
227
223
233
231
232
231
231
225
231
217
222
225
229
228
237
231
218
222
230
236
228
243
237
235
231
232
237
240
237
236
245
244
238
239
238
244
251
250
257
252
235
242
248
241
244
249
250
244
244
246
242
234
232
228
234
230
230
228
225
231
228
215
215
217
218
229
220
230
226
226
232
231
231
222
233
235
239
236
242
239
246
247
237
239
223
229
237
235
227
231
235
235
228
223
225
225
221
225
217
225
234
227
229
241
232
232
240
241
258
253
245
244
238
242
247
254
253
249
260
255
247
255
255
246
239
238
235
227
230
216
226
225
230
233
232
234
232
243
235
231
234
231
230
228
221
235
234
243
247
247
242
241
232
226
232
225
235
241
239
229
231
222
207
204
215
219
218
233
234
237
233
231
232
231
223
219
216
224
212
223
225
218
220
228
240
243
235
232
233
241
253
249
242
238
245
249
259
248
243
243
247
251
253
254
256
255
252
244
240
231
235
237
235
244
234
232
229
234
237
239
237
238
245
228
231
237
238
239
217
219
218
231
221
217
220
224
224
232
237
221
224
219
226
227
236
228
232
240
232
235
234
236
237
238
241
234
249
241
234
251
250
247
240
235
239
241
246
229
237
228
231
230
236
237
238
226
223
227
226
221
221
217
222
226
222
230
231
230
219
226
221
227
231
225
218
223
229
218
216
207
202
209
219
232
233
232
221
232
226
225
220
208
208
209
206
211
220
207
210
222
222
224
230
228
217
220
215
214
201
206
207
203
214
204
198
198
204
208
212
208
209
205
215
214
215
210
211
214
217
218
208
206
218
213
211
206
207
210
214
206
213
219
201
192
197
195
196
200
206
212
212
215
222
213
209
206
206
209
202
210
218
211
220
217
218
213
217
214
220
214
221
214
211
208
206
202
208
207
213
211
205
203
205
199
203
212
209
207
203
204
201
213
203
212
202
199
205
208
208
212
219
208
218
206
209
198
203
202
223
213
214
219
224
222
224
218
230
219
222
219
220
217
214
212
225
223
232
226
223
228
224
223
211
225
223
217
214
215
213
217
223
236
219
214
221
220
224
234
222
221
217
209
226
230
220
219
217
210
227
221
226
217
216
218
220
227
232
228
224
228
218
207
210
214
227
221
227
223
229
225
236
241
229
236
237
236
234
232
222
229
236
240
238
229
219
227
222
222
221
215
217
220
220
211
228
224
223
221
219
219
219
200
201
208
215
218
225
218
221
203
218
211
220
233
237
229
222
211
216
205
200
203
209
215
215
218
214
217
216
221
219
221
222
221
218
212
222
219
207
220
223
219
221
224
217
227
216
220
219
223
211
215
223
223
213
215
217
217
206
216
223
226
227
221
227
223
222
225
219
224
228
224
225
231
228
234
232
232
230
232
226
221
239
229
228
222
215
214
216
209
205
208
207
211
213
207
217
219
220
224
221
226
220
216
211
221
213
214
223
219
219
217
229
231
231
233
229
221
224
230
225
220
208
213
215
211
222
219
225
225
213
204
206
216
219
222
221
217
221
221
226
224
225
224
207
218
216
221
222
226
226
228
217
225
223
214
206
209
214
216
215
218
222
210
213
210
222
219
229
220
221
225
211
226
219
226
217
214
208
214
217
215
220
221
219
218
216
210
218
213
210
215
213
204
200
200
194
201
197
200
197
209
202
216
209
203
213
207
211
229
218
220
210
209
212
214
212
206
213
216
224
219
223
220
216
212
225
224
222
231
223
221
219
212
218
214
212
214
210
208
217
215
208
208
209
203
199
200
193
206
221
216
210
206
199
198
195
192
186
175
182
179
184
176
179
180
168
176
181
175
171
174
178
186
191
186
194
197
191
185
185
179
180
173
186
176
177
180
174
178
179
187
182
188
189
196
192
189
186
188
194
194
195
185
179
179
184
176
180
185
187
184
186
190
180
176
172
168
170
188
181
175
177
177
168
167
174
173
172
172
170
177
179
177
170
171
163
169
170
173
175
181
171
161
160
162
162
159
157
170
167
170
174
179
171
175
179
171
171
167
167
171
173
172
167
169
180
181
185
184
185
179
178
181
172
171
163
166
166
164
176
173
178
179
178
179
170
172
185
174
183
173
172
173
166
172
171
171
176
176
174
173
187
176
175
167
180
185
185
189
185
179
180
173
178
173
174
169
173
171
170
172
173
177
173
172
176
175
171
174
174
181
179
176
177
180
169
166
168
170
169
164
158
165
167
172
177
167
164
174
172
156
154
147
153
148
154
152
158
169
171
171
177
175
169
167
169
172
170
167
162
169
166
168
164
172
169
174
178
169
161
171
170
175
175
176
181
173
170
172
175
174
169
171
171
168
175
172
181
176
184
178
179
173
181
183
183
192
191
190
191
196
193
190
189
189
183
178
173
165
166
167
170
166
171
169
166
167
171
162
167
177
181
191
177
175
170
177
175
187
176
187
189
190
183
186
184
178
183
179
177
174
180
186
184
171
173
186
183
180
189
184
189
178
168
173
175
167
160
154
157
151
153
160
165
161
162
164
160
163
163
155
152
151
148
152
159
161
158
161
158
161
165
168
172
171
164
163
164
161
166
163
161
161
165
159
167
164
173
171
181
173
168
165
170
167
161
161
160
165
164
163
156
162
155
172
169
166
170
168
167
166
159
164
173
174
171
171
168
164
169
165
164
165
160
163
160
166
165
165
164
162
166
167
169
168
154
158
158
159
161
163
160
168
166
167
166
164
165
166
172
171
171
170
168
177
176
180
178
172
175
177
177
176
174
170
170
159
170
163
167
166
166
173
180
172
168
163
164
165
159
157
151
155
163
159
165
168
169
169
166
175
183
181
175
168
184
187
189
190
178
175
184
189
189
185
191
191
180
182
171
179
181
180
175
173
178
172
172
182
171
172
173
173
170
169
170
184
176
177
178
163
168
168
165
163
171
170
166
160
155
162
145
147
147
147
155
150
150
152
151
151
154
161
162
156
155
156
146
151
157
155
161
160
153
151
152
157
152
145
150
142
142
143
147
154
166
166
161
162
152
157
157
147
156
150
154
158
153
152
155
160
157
161
156
147
147
153
140
143
143
151
151
143
140
133
140
138
143
141
142
143
135
134
137
150
141
149
145
151
145
144
143
151
148
153
151
148
140
137
141
145
144
147
154
143
150
150
152
149
150
149
148
147
152
139
138
140
140
137
141
139
139
135
133
140
136
122
119
122
124
134
127
132
135
136
124
126
123
118
115
115
121
116
121
120
118
124
117
116
118
122
127
120
127
121
124
124
122
116
117
125
125
131
134
140
143
145
144
138
142
146
152
144
138
130
130
143
146
143
138
138
147
138
141
138
142
138
141
138
138
144
150
143
148
143
142
137
146
134
133
127
115
124
111
123
115
116
122
120
124
128
131
133
132
125
129
126
123
127
128
126
116
116
121
126
133
126
125
120
122
125
123
129
127
123
125
132
131
135
137
136
142
143
135
133
138
130
141
133
132
125
134
136
135
136
137
133
130
133
129
137
127
128
130
128
131
128
120
117
130
128
129
139
141
142
153
152
140
139
142
149
137
141
143
141
146
142
148
137
139
142
131
139
145
150
143
146
146
147
140
148
146
143
151
144
144
150
146
150
148
147
140
140
142
148
143
143
137
132
129
136
144
146
142
136
139
141
144
137
135
141
136
137
142
146
140
135
143
141
141
137
135
130
133
133
133
127
122
125
132
137
135
136
123
123
127
123
116
126
136
139
136
134
142
146
141
141
138
143
143
143
147
143
136
142
144
140
134
141
141
134
140
142
145
138
139
144
139
137
140
147
142
150
145
151
157
158
147
141
146
147
134
140
140
135
134
135
136
137
131
131
125
138
138
140
142
133
139
143
139
147
141
142
140
131
137
143
139
141
146
137
135
132
134
138
130
126
126
123
129
134
133
130
129
132
137
134
126
136
132
133
132
134
133
130
134
134
144
140
136
127
134
136
142
132
132
134
135
132
129
129
129
125
119
118
120
107
115
118
113
109
117
116
119
122
126
123
115
119
123
119
119
118
121
123
118
125
119
129
125
125
123
129
134
131
136
129
133
128
129
123
120
120
126
129
129
126
121
120
119
116
118
118
119
117
121
122
114
120
116
111
115
112
118
119
130
137
132
122
124
121
117
115
113
104
99
100
110
100
95
88
96
92
98
97
105
104
107
110
109
108
110
116
110
115
113
122
128
131
129
133
128
134
129
131
136
128
130
123
121
122
119
117
121
124
124
132
129
133
124
122
124
122
120
125
124
130
134
137
135
132
130
125
133
139
135
131
123
127
133
134
137
133
129
132
140
137
128
126
121
132
133
136
141
145
141
146
146
144
143
132
139
131
130
124
134
132
135
133
139
139
136
142
142
136
143
143
144
150
151
152
144
150
144
136
135
138
138
143
145
144
134
132
134
131
126
129
132
136
133
131
134
137
140
138
132
124
129
136
143
134
132
133
129
136
134
134
138
133
134
135
139
131
127
133
142
145
136
129
136
137
138
128
133
136
135
139
141
137
136
144
134
133
132
124
127
126
131
143
136
135
137
141
137
137
127
124
124
122
121
112
108
110
114
131
129
133
131
138
131
131
126
133
134
132
129
132
138
125
130
129
132
134
133
127
133
127
121
125
124
125
132
133
122
122
122
117
133
124
125
130
130
138
138
143
145
146
138
128
133
134
134
139
136
137
134
130
136
130
124
131
141
146
150
143
139
138
136
140
136
138
136
148
140
137
141
138
141
139
139
136
128
130
134
132
137
134
141
142
138
141
148
148
148
148
149
142
138
146
147
146
148
147
148
138
138
139
135
142
134
133
132
129
128
140
136
136
128
130
121
123
132
139
136
134
139
139
138
138
139
143
146
141
145
142
142
141
142
140
146
131
137
138
145
139
147
143
144
142
145
144
143
144
150
140
143
140
137
143
142
141
136
134
130
138
146
143
142
142
149
153
143
147
141
142
136
140
134
136
128
125
123
132
134
123
131
137
138
132
134
137
134
142
137
138
137
139
137
144
146
144
138
142
141
143
143
138
136
137
132
128
132
124
122
116
115
112
117
122
120
118
120
124
125
126
121
125
124
120
127
126
137
125
129
129
132
125
117
117
120
120
117
125
134
131
126
128
132
132
127
128
125
132
130
138
139
147
137
144
148
150
150
136
137
135
142
146
135
132
131
130
133
130
131
129
137
138
136
136
127
133
126
134
133
130
133
131
135
140
127
136
142
145
146
140
138
140
144
145
142
139
139
141
142
130
134
136
127
136
134
138
136
137
138
136
135
135
128
123
126
118
120
122
128
127
122
137
137
134
130
130
133
129
125
134
132
139
141
141
139
143
128
144
135
135
141
147
150
150
151
160
153
160
156
157
156
160
160
153
168
159
158
161
162
158
154
162
157
163
151
153
157
151
150
164
163
162
159
160
157
160
157
152
160
160
161
157
148
160
155
161
158
158
155
143
149
149
141
146
148
146
145
145
139
140
151
151
142
146
145
147
144
142
145
145
143
145
138
132
132
134
133
133
128
127
124
125
131
134
138
144
142
141
148
148
145
151
149
144
132
137
140
134
142
141
132
125
122
125
134
135
134
132
128
128
127
131
127
125
131
131
136
135
137
139
137
144
146
136
137
141
143
138
134
138
133
146
141
138
134
134
135
139
132
130
131
124
127
131
131
133
136
128
137
124
133
129
132
130
134
133
140
135
133
141
150
154
150
147
151
150
152
148
147
144
155
157
152
147
154
157
151
152
152
153
155
145
153
152
156
153
151
157
155
149
152
142
141
143
141
142
134
143
133
130
132
135
141
142
144
139
132
135
135
138
130
132
135
132
139
146
137
139
136
135
142
141
142
136
142
137
139
139
142
130
140
137
143
136
136
138
142
137
142
139
146
144
141
142
147
143
139
140
144
144
139
134
134
134
138
136
134
136
146
148
150
144
145
154
145
138
138
126
129
143
149
148
144
140
148
154
156
153
157
155
158
162
151
149
145
144
144
137
135
135
136
140
142
143
137
141
135
131
137
136
140
141
141
139
140
148
141
151
147
138
137
136
140
143
145
142
145
145
144
146
147
137
138
136
138
137
142
138
134
139
134
128
134
132
123
133
131
123
118
119
117
118
132
133
134
132
143
140
133
127
129
133
131
136
133
131
140
136
136
138
138
132
144
144
137
148
159
148
142
145
142
136
131
132
129
142
139
140
138
146
139
144
141
154
152
153
154
149
148
143
144
140
140
142
151
149
155
153
153
153
138
137
139
134
131
130
130
124
130
132
126
126
129
131
128
132
136
130
138
141
135
138
143
144
139
150
140
144
145
139
144
145
141
148
143
135
133
132
139
136
136
134
134
146
138
138
134
141
138
138
128
127
132
123
138
137
136
139
145
139
148
143
145
145
143
146
149
145
147
151
155
144
142
135
131
128
125
132
129
128
130
130
123
128
125
142
137
141
133
133
134
136
132
130
130
132
135
133
129
127
126
129
123
132
139
129
118
123
121
126
118
118
115
120
121
112
115
115
119
114
114
119
116
117
116
115
114
121
118
126
119
116
120
115
124
128
120
121
121
126
126
125
122
124
130
141
137
140
136
150
146
143
134
133
135
136
143
141
132
136
136
135
140
134
137
137
131
128
132
127
135
128
130
134
139
143
142
138
135
144
142
143
150
155
161
147
139
148
150
152
146
140
138
152
149
153
148
145
153
147
143
145
157
156
157
150
150
143
145
145
145
144
136
146
147
141
144
143
142
145
147
149
142
138
133
132
130
138
144
139
135
133
130
141
132
131
135
134
138
144
140
134
138
137
141
143
146
149
140
146
147
142
147
130
136
137
140
141
144
138
136
135
140
138
143
143
136
124
131
131
130
133
136
136
128
129
127
124
121
123
124
121
125
131
129
127
137
133
135
145
139
138
138
132
135
137
138
142
145
152
147
135
144
143
130
137
129
134
136
134
131
133
141
137
142
142
143
138
144
146
154
141
138
145
138
142
134
133
139
134
133
139
137
135
132
132
135
143
144
141
142
135
134
143
148
150
146
146
151
149
148
144
140
140
146
150
153
146
140
141
137
142
137
139
144
147
149
151
152
143
137
153
156
150
141
136
135
138
133
134
124
127
133
125
122
119
115
119
126
128
124
133
130
137
140
138
141
140
146
147
145
151
150
145
144
139
136
133
134
133
136
133
132
138
141
144
137
132
128
130
125
129
129
129
134
124
127
123
128
132
136
133
132
135
135
133
125
117
122
124
120
129
141
133
140
143
133
133
139
139
142
137
143
146
143
133
133
131
123
124
122
117
123
126
133
144
149
149
141
137
149
147
146
148
144
139
135
142
133
138
136
136
139
138
144
151
148
146
140
142
146
154
145
147
149
148
150
148
152
149
147
147
142
147
135
140
140
141
138
130
138
143
137
137
143
135
136
128
127
128
134
139
139
133
141
142
143
142
139
134
130
139
138
134
142
140
142
149
147
142
150
144
153
149
150
142
137
143
135
136
139
140
143
140
141
139
137
141
144
145
145
142
135
137
139
132
127
128
123
129
127
129
139
134
139
134
137
145
150
150
150
144
140
142
149
153
148
144
140
139
138
144
142
146
146
145
147
151
154
148
148
134
127
130
135
137
136
136
131
133
130
127
135
138
130
119
130
125
134
137
143
145
149
139
137
133
133
127
137
139
131
136
145
147
154
156
155
164
156
158
158
152
160
149
156
151
151
150
152
156
151
151
150
145
145
151
148
139
135
136
131
133
131
129
126
126
126
125
131
132
135
138
136
130
138
139
141
130
141
142
142
136
136
130
138
137
136
134
132
137
137
130
129
133
134
135
129
126
129
124
123
129
133
131
134
137
143
131
137
133
129
127
128
129
124
123
128
129
127
133
136
136
138
140
143
143
145
149
148
144
152
153
150
153
154
151
147
143
150
150
147
145
139
141
137
135
135
131
130
136
132
134
131
132
140
137
140
137
137
140
142
141
137
141
139
136
140
141
141
148
143
143
140
138
133
136
135
135
136
133
128
138
133
133
136
137
136
137
146
143
147
151
144
151
145
151
149
141
139
137
132
133
130
143
127
126
126
132
131
126
129
138
133
128
130
134
133
127
139
132
140
134
139
138
140
133
143
131
132
136
133
133
134
132
131
126
131
138
136
125
129
130
134
137
134
137
140
135
138
137
136
143
139
135
135
137
137
137
138
132
138
127
128
123
134
137
141
134
137
137
138
130
132
128
124
118
136
142
145
136
137
132
143
137
136
132
135
133
138
147
144
155
161
161
161
161
156
149
152
152
146
146
143
144
135
133
138
134
132
126
134
133
134
135
143
155
144
143
144
142
142
138
139
135
140
140
142
135
135
141
144
145
145
144
146
136
143
154
155
150
153
143
139
143
140
143
130
119
121
123
129
127
134
137
133
136
139
139
131
133
135
137
134
139
136
137
139
135
128
118
120
119
125
130
124
128
132
124
131
124
123
121
119
126
122
134
133
132
132
134
129
134
131
135
139
138
135
125
129
129
125
126
123
128
124
133
127
119
113
114
127
125
134
134
139
146
141
144
140
133
136
137
146
137
136
133
136
145
147
144
133
139
139
143
142
144
147
138
141
140
137
142
142
135
131
146
143
142
147
150
141
144
143
138
139
139
130
131
128
135
130
131
125
123
123
124
125
129
129
129
133
134
127
133
137
135
132
137
133
133
142
144
141
141
127
124
124
124
134
136
142
143
148
146
143
145
133
131
133
131
134
140
132
137
142
141
138
143
134
143
149
146
143
143
146
136
135
138
137
135
129
131
128
131
132
131
131
137
138
140
134
141
131
126
122
133
123
124
119
124
129
131
126
122
125
132
131
136
131
134
135
135
134
128
129
136
133
131
137
136
134
142
135
132
134
133
142
137
148
140
137
143
144
141
144
140
143
140
146
144
148
148
151
148
150
149
150
151
152
155
161
157
161
156
156
149
154
143
136
143
145
145
149
143
143
141
140
139
135
142
141
139
140
143
138
139
140
136
141
146
150
142
139
144
139
131
134
138
138
131
134
125
135
134
137
130
127
139
130
135
140
139
138
127
126
141
138
137
148
149
151
144
149
144
138
139
143
144
143
142
134
133
138
140
132
133
130
139
136
139
135
134
136
140
138
136
133
132
132
135
140
136
150
141
143
145
154
153
149
154
143
142
153
152
153
152
154
149
138
145
141
135
142
126
129
129
124
120
130
135
132
138
140
142
139
136
138
142
143
136
131
132
137
138
141
143
138
140
140
139
142
135
138
132
127
132
129
130
129
120
118
130
129
127
127
136
136
142
133
133
127
129
135
133
118
120
121
123
125
134
127
123
118
123
119
117
117
111
104
105
119
120
124
125
124
123
122
127
120
131
127
126
116
127
126
124
121
126
125
128
133
125
129
136
137
136
134
139
130
132
139
139
132
127
126
130
137
136
136
132
137
142
144
136
149
145
140
136
136
127
135
132
132
130
138
138
139
136
135
131
138
137
130
124
124
125
120
113
106
113
114
115
109
116
122
123
125
123
126
135
127
132
130
129
129
136
136
134
140
124
126
126
131
134
137
131
126
121
119
125
136
133
132
137
132
133
130
128
133
130
132
133
133
118
128
125
124
128
136
139
140
145
139
150
146
142
131
132
132
137
126
123
128
127
134
126
131
132
133
131
129
130
134
134
134
130
129
124
120
126
125
126
132
129
137
140
143
141
138
140
138
142
139
148
145
142
133
134
131
139
139
142
141
136
141
140
133
142
143
144
146
148
141
147
149
154
148
153
158
155
158
155
146
150
146
148
144
152
151
147
151
141
141
149
139
144
146
146
152
154
151
144
145
151
146
142
140
140
147
132
129
136
138
135
133
133
137
135
129
135
142
138
133
136
127
130
133
133
130
127
129
134
139
131
139
137
145
141
139
145
142
139
130
136
130
134
133
140
131
128
131
132
144
144
147
154
149
151
149
145
148
142
146
140
151
144
139
138
138
144
136
142
135
131
130
133
128
130
123
124
128
126
122
131
133
130
131
126
117
115
116
115
110
122
118
114
120
114
121
122
123
126
130
134
135
128
133
129
134
124
131
131
128
126
116
126
125
128
126
124
123
125
122
125
122
130
127
123
128
130
131
129
126
124
127
124
128
125
124
120
127
123
119
128
126
130
131
137
139
143
144
138
128
129
132
135
136
141
137
140
127
132
126
128
128
128
129
119
123
123
129
132
128
134
124
137
137
144
140
141
139
138
133
128
132
138
148
147
137
134
137
131
134
131
122
123
120
124
127
130
131
126
130
133
131
126
130
132
136
139
137
133
132
126
128
128
123
116
112
117
124
117
117
114
120
118
117
114
117
124
127
133
133
133
128
134
126
129
134
141
134
133
135
140
135
134
139
140
141
139
139
140
143
134
137
137
130
133
124
125
133
127
121
124
127
128
124
135
142
138
139
140
142
140
143
142
147
146
144
144
148
147
148
141
143
143
145
147
150
148
139
141
144
137
151
150
146
130
134
132
135
135
133
142
133
138
138
127
125
122
130
128
127
135
138
152
151
145
141
143
131
138
135
137
141
130
138
139
143
140
133
132
131
125
125
123
125
130
138
131
124
124
122
131
137
135
130
130
136
135
126
126
124
128
128
134
137
141
141
136
137
147
141
135
139
134
135
133
132
138
139
134
134
130
136
138
136
141
145
136
142
136
130
141
135
136
133
138
136
145
138
136
142
146
141
137
134
134
135
139
142
146
149
149
149
151
145
148
155
158
154
150
159
151
142
149
154
143
140
141
145
141
146
144
144
144
136
145
142
135
137
136
138
148
146
138
140
154
144
145
141
149
157
151
155
155
153
150
144
143
149
150
153
148
143
151
136
149
143
145
138
142
142
140
134
143
142
140
146
141
138
138
142
148
139
143
149
147
146
148
151
138
140
134
132
139
132
131
136
134
131
132
130
133
137
134
137
138
144
147
141
141
146
153
145
137
143
149
137
144
143
145
142
140
144
139
143
140
138
140
136
140
143
144
149
151
156
146
147
149
139
150
144
148
156
153
153
152
146
142
138
135
136
138
136
137
139
138
141
148
143
136
134
139
138
138
136
132
133
127
134
130
133
132
138
138
134
135
141
138
138
142
138
146
136
136
139
141
150
150
147
145
151
152
151
148
143
141
145
137
147
137
143
138
146
147
144
146
142
136
143
142
138
131
129
131
130
121
123
124
118
124
124
117
118
116
123
122
127
124
124
125
125
131
130
134
130
133
131
127
131
133
131
121
132
142
124
125
122
124
130
119
118
116
119
125
123
115
126
120
122
125
124
124
121
124
122
121
127
131
123
128
136
139
134
129
131
135
133
136
131
128
133
133
128
122
130
131
128
124
134
133
134
137
128
126
126
122
117
122
131
134
130
124
124
118
122
121
123
124
120
113
120
126
121
127
126
127
126
123
128
129
130
129
124
130
130
126
119
122
122
116
119
120
116
114
114
110
105
104
105
104
106
109
114
126
127
117
119
118
119
129
125
122
125
128
126
121
118
122
123
119
124
122
120
122
122
127
127
121
115
123
117
122
118
110
119
114
113
121
117
121
120
118
111
115
116
111
114
117
125
121
120
109
115
115
117
118
117
127
130
136
133
122
118
120
124
121
131
125
128
122
127
123
123
124
121
112
113
115
111
116
110
113
116
114
116
118
118
113
121
125
124
116
115
112
113
115
116
110
111
122
118
116
130
121
118
112
114
119
114
118
123
120
124
122
119
120
117
124
120
119
121
124
127
124
126
123
127
124
120
125
121
115
114
113
110
116
115
119
114
108
121
118
121
116
118
110
113
108
114
109
109
112
109
102
103
93
93
104
97
102
110
108
105
100
101
102
102
102
106
104
106
106
104
103
107
112
112
112
120
119
121
125
117
115
114
111
116
122
111
113
115
111
110
117
106
103
113
108
114
121
121
118
123
131
130
131
131
133
133
136
135
136
136
135
126
128
126
136
126
127
128
127
126
129
130
137
129
128
130
123
131
134
127
126
126
129
128
129
125
125
124
129
123
126
115
118
116
121
125
131
130
134
136
130
125
124
133
127
133
128
121
126
126
118
123
125
118
120
118
119
112
115
117
109
102
103
109
116
113
113
108
104
108
112
121
121
113
111
111
111
108
116
120
115
110
119
115
117
119
118
116
111
116
122
126
116
118
124
132
135
137
127
117
120
118
124
126
124
126
122
120
119
115
111
115
117
111
114
120
123
123
120
114
121
131
122
117
125
127
121
121
124
121
120
121
122
122
126
140
133
120
122
123
125
126
117
121
126
115
117
114
115
111
115
110
116
121
126
122
117
123
119
119
119
121
111
121
121
119
119
117
120
111
109
106
110
112
112
112
117
115
119
124
128
136
142
143
137
135
132
138
135
132
133
128
128
134
133
131
126
131
134
135
133
135
130
130
138
137
137
131
131
127
123
122
125
123
127
128
122
122
119
123
122
117
117
111
122
125
119
116
115
118
114
108
118
116
119
121
126
126
128
127
123
120
117
118
129
122
122
117
122
123
129
129
127
122
118
114
121
117
115
122
121
112
117
109
109
112
119
119
118
109
113
111
119
116
110
111
109
109
106
107
105
114
113
111
108
110
119
121
129
127
122
125
130
126
125
124
124
126
124
124
125
125
123
126
120
123
126
119
120
116
119
117
120
116
120
123
119
115
118
114
121
120
116
116
119
124
114
118
120
115
119
112
119
123
121
125
119
132
126
128
129
122
121
120
122
117
118
112
113
112
112
113
116
117
116
122
117
120
117
114
113
113
115
123
126
121
117
119
128
122
123
115
115
115
114
113
115
116
119
109
117
113
111
111
109
117
126
125
128
137
136
132
137
134
138
131
132
133
122
119
116
124
126
124
124
127
118
119
113
119
119
107
113
113
120
113
114
116
117
118
113
114
128
123
122
119
110
115
121
121
123
118
116
110
109
109
105
104
108
110
109
104
104
94
102
103
104
101
103
104
108
110
105
106
102
96
99
103
110
100
104
100
109
111
105
104
102
110
111
108
109
110
111
111
110
110
111
103
104
100
108
106
105
102
108
106
104
104
103
103
102
100
101
104
109
110
113
108
107
105
112
111
106
106
99
103
99
98
97
106
103
96
99
108
104
103
106
108
114
112
107
109
116
118
118
123
122
112
109
107
113
108
109
110
108
114
113
111
107
109
117
101
107
108
109
102
117
112
111
109
107
105
106
95
92
105
103
103
98
103
100
96
101
99
99
98
102
94
98
98
109
105
102
101
102
102
94
90
102
98
99
96
98
107
104
107
100
100
96
102
105
96
98
105
105
100
100
100
94
86
89
92
95
94
90
91
97
98
104
101
101
97
95
94
92
97
98
101
99
99
105
102
103
105
106
96
96
95
97
103
105
112
107
106
110
106
108
111
103
108
108
109
103
103
106
104
100
106
113
110
106
99
95
103
104
110
115
111
110
105
102
105
108
108
106
101
101
105
102
97
87
90
91
92
93
102
101
103
106
100
100
98
96
102
100
100
100
102
101
101
101
99
96
91
101
100
103
98
99
102
103
104
100
91
95
100
101
99
101
104
104
101
101
103
99
105
111
97
99
99
97
103
110
110
110
108
103
103
103
98
98
100
96
99
104
103
106
102
111
112
113
106
101
105
104
96
100
100
100
95
100
109
106
111
103
96
99
92
103
103
99
103
103
104
102
104
105
108
104
108
103
99
95
92
88
94
94
95
99
110
103
110
106
106
105
108
100
103
102
104
108
104
104
103
94
92
93
94
93
97
101
98
98
95
105
105
103
97
100
102
105
102
101
104
102
108
114
105
104
98
96
102
103
91
97
93
95
97
91
95
87
88
91
88
91
87
96
94
102
100
101
103
102
101
109
106
108
101
108
108
111
107
109
110
114
109
109
116
112
116
108
107
112
113
107
107
99
109
112
112
111
106
109
107
112
104
102
108
105
101
102
98
99
101
104
105
109
110
104
100
99
104
95
102
100
96
97
91
95
97
93
98
99
102
99
108
105
106
100
103
100
102
104
105
98
103
99
96
95
102
101
102
99
98
99
105
96
105
96
96
99
95
99
112
98
100
105
107
107
110
110
109
105
103
98
94
80
84
98
97
93
96
89
92
102
94
96
101
100
102
96
98
100
90
94
96
100
102
103
106
108
103
96
99
94
93
95
96
97
97
99
103
107
110
108
109
108
107
105
105
103
104
100
96
95
94
96
97
94
95
93
89
96
96
97
101
98
102
105
110
110
107
106
109
106
105
108
105
104
100
97
103
104
111
104
100
104
110
104
107
107
107
104
109
99
98
98
105
104
101
106
95
95
95
90
101
96
100
104
105
102
94
98
98
101
101
99
98
102
102
99
93
95
99
106
109
104
102
100
107
107
109
108
105
102
101
103
86
85
93
90
90
96
98
104
105
105
108
101
91
97
92
91
84
85
91
93
93
91
91
95
89
92
97
102
106
101
104
111
104
110
111
107
100
100
97
98
97
99
100
104
111
114
114
108
105
100
98
98
104
104
104
100
101
103
98
102
105
105
106
106
111
111
109
107
110
107
108
105
103
103
105
103
108
108
103
101
98
100
98
99
107
99
101
100
103
100
109
107
109
109
110
100
107
105
102
109
101
107
102
103
96
103
104
99
100
100
104
101
99
94
93
97
101
108
104
101
98
95
95
99
95
93
92
91
85
82
90
99
97
100
101
103
109
109
103
106
105
116
109
107
104
104
104
105
109
109
106
104
100
99
101
99
92
91
94
86
89
90
96
96
90
100
96
91
94
97
103
98
104
105
112
105
106
97
92
94
99
102
92
84
86
87
89
91
94
96
93
91
98
102
104
102
98
99
102
98
92
87
94
96
96
96
98
91
93
91
90
98
99
99
87
85
88
88
90
91
92
84
77
84
76
88
85
88
89
90
91
89
85
90
92
89
98
91
96
90
95
90
90
93
90
89
86
92
93
89
88
84
81
90
87
83
87
83
97
95
94
93
91
87
86
95
91
98
95
96
95
89
87
91
93
88
83
89
89
79
79
75
82
90
90
95
95
96
88
85
92
95
89
92
84
79
83
81
80
83
86
89
95
101
91
94
97
104
101
102
99
86
84
89
89
85
89
91
94
93
85
84
96
88
86
83
86
88
92
96
91
92
94
91
97
101
100
102
91
100
94
94
90
84
83
90
84
84
89
94
95
94
87
87
83
89
93
94
90
92
98
101
93
93
91
95
98
100
98
99
105
101
104
104
97
101
103
107
109
113
113
108
113
116
119
121
116
117
114
112
109
107
106
109
114
110
116
121
119
108
111
110
98
98
96
100
91
88
93
101
96
102
90
89
90
87
86
81
82
87
90
90
93
97
97
94
87
92
100
93
97
94
91
102
105
102
103
98
95
99
97
99
109
105
104
102
103
99
95
100
104
110
112
100
99
100
95
98
92
91
101
97
95
94
99
96
94
92
91
98
102
103
100
98
97
100
90
100
104
106
103
97
104
101
102
94
98
100
104
94
98
100
93
97
106
109
108
106
101
102
99
93
98
94
93
99
98
99
99
92
93
98
93
95
88
87
89
87
97
94
100
94
91
93
96
98
93
90
98
95
97
97
94
94
93
100
102
111
111
111
115
110
116
113
114
115
117
107
108
109
110
111
115
117
105
108
103
102
107
110
108
112
110
108
111
104
100
97
91
98
88
91
92
94
89
94
93
88
88
86
87
90
91
92
87
95
99
105
100
97
106
100
109
101
101
100
103
107
114
107
107
102
101
106
104
111
112
103
102
114
110
107
109
116
105
99
94
98
99
100
104
102
91
98
108
112
106
113
106
108
107
104
99
92
89
91
85
84
88
90
94
92
91
95
98
91
101
105
100
94
91
93
99
99
101
93
98
98
95
92
97
95
96
98
93
96
101
101
100
96
99
97
95
96
99
94
102
98
97
98
103
108
102
99
94
95
93
87
86
89
87
87
89
88
82
86
84
86
81
81
85
82
86
84
83
85
82
88
88
88
93
91
96
90
94
91
93
92
91
92
92
95
95
97
97
91
92
94
86
91
91
92
95
87
91
84
84
96
99
100
95
90
88
87
93
95
95
93
97
95
100
98
99
96
96
103
100
99
90
95
96
90
91
92
93
100
94
94
96
104
102
97
101
101
99
103
102
104
103
103
105
106
103
110
97
103
104
107
95
95
98
101
101
103
105
105
100
106
97
99
96
96
97
100
103
97
98
100
100
98
95
94
88
94
96
100
102
105
100
95
96
103
101
106
100
97
94
98
100
98
95
97
97
96
96
98
96
103
103
103
101
110
111
105
109
106
96
96
96
100
99
89
90
91
96
97
101
100
95
87
84
92
88
85
89
87
83
82
88
88
92
91
91
99
102
101
92
94
99
98
98
101
99
100
105
106
108
110
107
107
111
112
112
108
105
95
105
105
100
99
104
99
96
101
98
106
100
109
114
106
105
98
108
103
107
103
102
98
99
100
100
109
110
107
113
113
109
105
106
100
100
99
103
94
106
104
100
100
95
104
103
95
98
100
97
92
87
82
88
94
99
95
100
90
98
94
94
89
91
93
90
92
95
95
97
101
98
88
94
99
98
99
105
106
110
108
101
99
99
96
87
88
89
94
94
95
86
88
84
89
91
92
97
90
89
87
92
92
99
99
100
106
105
102
98
103
107
103
103
108
108
106
108
112
109
117
116
113
111
102
99
104
100
95
97
93
92
92
89
96
91
93
93
96
95
100
106
99
94
99
98
97
107
98
104
97
102
102
104
107
103
108
113
108
113
108
107
110
103
101
107
98
101
99
101
107
105
105
112
109
108
113
104
100
102
97
94
96
97
90
96
96
95
98
93
91
91
92
94
91
90
93
91
88
91
78
74
80
76
77
74
76
79
84
89
88
94
90
87
86
85
89
92
88
89
87
87
81
85
82
81
88
90
87
93
91
86
89
92
93
94
93
103
99
102
104
108
99
98
98
87
81
82
82
79
84
82
81
83
78
76
83
82
79
88
83
84
84
87
79
79
79
82
78
81
88
85
83
85
82
86
94
84
89
89
84
86
84
83
79
81
82
81
74
76
76
77
77
79
79
77
71
76
72
70
70
74
77
83
79
77
79
76
77
74
75
75
77
72
72
73
66
70
71
71
71
72
73
76
74
73
80
83
76
78
79
83
88
86
87
87
88
86
93
94
90
84
89
79
85
81
87
86
83
82
81
82
80
81
82
86
78
77
74
73
73
78
79
78
78
81
79
83
79
86
85
84
93
92
85
84
87
86
87
88
91
91
93
92
85
87
87
95
94
91
91
94
89
90
83
81
77
86
75
81
75
75
72
76
69
71
77
79
78
78
87
82
77
83
86
86
84
82
83
82
84
88
88
93
87
84
81
80
84
83
82
81
75
77
75
73
77
72
72
68
70
77
74
79
80
81
79
82
74
77
78
76
75
74
82
76
83
76
79
85
84
84
85
80
79
82
79
83
88
82
88
85
74
80
80
77
81
83
87
93
87
85
86
83
82
77
79
79
84
83
80
81
87
84
89
86
85
86
88
83
76
80
83
82
83
84
81
76
78
86
85
83
77
78
80
78
73
75
76
72
72
70
79
81
76
76
84
86
77
86
86
86
80
79
79
74
78
75
82
83
80
79
78
81
85
81
83
82
77
81
81
79
68
72
73
78
83
79
80
73
82
82
78
75
70
72
72
75
75
79
70
73
78
85
80
75
74
72
74
71
77
78
78
70
75
75
76
75
78
70
76
71
76
71
73
64
60
67
74
76
77
84
78
74
76
72
82
76
72
83
82
83
80
79
75
78
77
77
73
67
71
68
72
70
71
74
77
76
75
73
76
85
83
91
87
89
92
91
93
92
88
90
87
85
85
81
86
92
86
80
82
82
85
87
87
94
87
80
80
84
78
80
76
80
80
83
85
85
85
87
84
81
86
82
83
81
78
80
83
86
82
80
78
82
84
89
92
83
81
85
86
89
90
85
85
91
84
85
84
88
90
95
89
94
90
89
90
88
82
77
79
85
90
94
95
94
91
86
92
91
90
85
86
88
89
85
91
87
84
84
84
78
82
87
92
86
77
81
90
89
89
89
86
83
87
87
87
89
91
89
95
90
91
89
95
94
93
91
90
92
91
89
84
84
78
81
85
78
80
75
78
78
80
78
86
86
86
83
78
85
76
82
80
83
83
74
80
74
79
85
83
79
77
79
75
78
77
74
73
71
69
75
77
75
81
84
80
79
78
80
83
79
77
79
80
77
83
81
87
88
84
81
79
77
76
75
70
72
77
76
79
82
74
87
87
85
80
85
75
74
73
74
76
77
79
77
79
75
78
77
73
73
75
77
77
78
75
75
82
86
80
80
79
82
81
72
69
78
76
75
78
75
73
78
80
75
72
80
78
78
72
71
81
84
78
79
79
79
78
73
71
75
74
76
73
79
77
79
76
77
78
83
93
90
91
82
79
66
78
81
80
85
83
82
87
86
84
81
86
80
76
82
84
81
78
82
82
76
81
83
84
76
74
76
80
81
79
85
89
91
86
90
90
90
85
90
90
89
84
86
89
90
89
93
93
88
88
87
84
85
81
76
83
81
72
84
85
80
81
81
79
83
87
88
89
82
82
87
85
89
90
88
86
81
77
86
83
81
79
83
85
84
88
86
80
82
79
83
80
82
83
81
76
76
84
81
84
86
89
82
78
83
82
83
86
75
79
70
74
76
77
72
75
73
75
73
76
77
71
73
77
75
77
74
78
77
71
74
72
75
75
76
69
68
72
71
68
70
71
70
68
71
73
77
73
76
75
79
84
81
82
80
83
80
82
85
79
78
79
79
75
80
77
83
82
76
78
78
84
80
80
78
77
82
86
80
81
83
75
78
78
74
71
80
82
86
83
83
77
81
78
76
80
78
79
75
80
79
76
77
76
85
93
85
80
79
82
76
72
69
72
71
75
74
76
82
83
74
75
76
79
75
73
77
74
78
81
80
83
84
79
77
72
79
74
77
75
72
74
73
72
72
71
67
72
79
73
73
76
82
86
83
87
86
82
80
85
86
79
85
84
80
83
79
81
84
87
90
88
76
77
67
72
73
71
76
86
81
86
90
96
91
95
91
95
91
94
94
96
91
92
96
90
88
84
86
89
85
83
89
87
86
86
85
79
80
86
90
87
86
79
79
84
96
94
89
91
90
85
82
79
82
82
87
85
88
89
85
90
84
83
82
81
78
82
78
73
78
78
76
78
80
77
81
83
79
78
78
79
79
79
80
77
80
75
75
68
74
76
73
77
73
75
76
79
85
80
83
84
79
77
84
84
78
74
70
70
67
73
78
75
84
77
69
74
79
78
77
79
82
78
81
77
72
77
79
83
86
84
80
76
82
77
77
82
82
84
83
85
84
83
80
78
78
70
74
78
78
76
79
81
76
83
88
80
80
80
77
76
78
73
76
90
93
88
80
86
87
86
75
78
82
71
70
68
69
72
70
65
65
67
65
71
67
73
81
82
82
85
80
78
76
76
78
79
82
78
77
78
78
87
81
83
86
84
88
94
92
94
88
90
85
83
78
86
81
79
71
81
76
79
86
88
88
92
84
85
90
84
84
85
82
83
85
80
74
79
83
81
86
85
92
89
86
90
89
94
97
91
93
97
91
87
84
86
83
88
85
83
80
86
83
78
85
92
87
82
91
87
88
84
86
83
83
83
84
80
78
81
81
76
78
81
81
75
70
72
69
75
75
77
78
80
74
78
79
81
82
78
80
82
84
82
81
77
79
77
79
82
84
82
75
77
76
83
87
76
81
79
84
79
79
79
85
80
83
82
88
89
88
90
82
82
88
84
82
81
77
81
80
81
78
82
80
75
75
78
79
85
84
85
82
79
76
76
71
75
81
74
81
84
85
78
74
74
77
83
81
82
78
76
80
79
76
79
78
79
85
84
84
76
76
81
79
82
80
84
85
80
80
72
68
76
69
71
70
63
68
67
66
72
68
71
70
78
74
77
75
64
72
69
63
61
62
58
64
65
58
57
56
61
59
63
64
67
63
62
63
58
67
60
60
62
58
58
55
54
55
53
55
53
50
49
57
56
52
51
51
52
46
43
44
46
48
52
52
52
50
48
49
44
45
42
48
48
40
44
46
50
45
48
43
44
42
41
48
50
45
44
49
48
42
48
55
55
56
59
58
56
58
58
56
56
54
56
56
59
63
66
62
66
58
56
64
62
64
58
56
51
54
58
57
54
46
52
49
52
54
57
53
55
51
57
57
62
57
55
58
62
65
65
62
58
57
56
56
56
52
59
54
55
58
54
56
51
54
55
53
57
54
57
54
54
56
57
54
55
55
51
51
51
52
52
44
47
43
44
45
48
46
48
47
46
46
50
51
53
50
53
46
50
49
52
49
49
48
45
47
48
41
48
41
42
48
51
51
48
50
47
47
47
43
45
47
44
46
48
49
52
48
45
46
52
50
51
50
51
49
51
48
44
49
53
56
58
57
53
51
53
57
53
60
63
63
56
58
52
54
56
56
58
55
53
56
56
53
56
58
53
52
61
60
61
64
65
61
62
60
53
61
60
60
62
65
65
65
68
66
68
62
61
64
70
67
63
64
67
67
67
59
61
60
61
60
56
53
52
54
55
51
55
58
59
61
58
53
59
52
51
58
61
62
62
60
55
55
53
49
54
60
59
59
58
57
58
57
62
62
63
65
67
61
57
60
63
62
59
52
62
59
64
55
59
62
60
62
53
59
61
60
57
53
53
51
50
51
58
52
57
56
52
54
55
52
55
55
56
52
52
55
54
51
55
51
54
56
57
59
57
54
51
52
54
49
54
63
57
58
58
52
57
53
54
59
52
56
59
59
59
57
58
55
53
56
59
61
64
63
62
62
58
58
60
60
63
61
62
65
67
71
72
69
66
71
67
67
68
63
65
60
59
59
59
59
57
55
59
63
57
58
58
58
62
59
61
61
66
65
67
66
66
61
57
55
58
57
60
60
59
62
66
66
66
65
72
75
76
74
75
77
75
76
71
67
64
68
62
66
68
66
66
66
67
70
68
69
68
65
68
67
71
73
74
73
69
66
68
68
66
67
66
64
68
74
72
69
68
59
65
72
75
74
70
64
