737
738
722
728
735
732
729
729
738
731
739
745
727
740
733
730
747
747
738
742
751
741
738
741
737
739
705
708
716
714
723
713
721
705
704
699
689
694
685
692
712
688
717
725
709
700
696
708
696
692
705
682
695
678
688
671
678
675
685
698
708
706
710
706
706
697
714
708
705
716
705
718
718
732
744
739
734
724
729
728
745
736
727
722
741
722
719
728
705
719
732
728
711
715
705
714
727
735
736
727
716
713
723
707
723
722
710
715
719
715
719
697
690
693
688
691
694
688
696
711
721
713
709
707
691
696
696
697
700
701
714
704
725
738
738
736
734
744
732
724
723
711
713
702
700
685
700
690
662
670
697
712
721
722
725
711
699
700
703
701
700
686
676
676
696
696
698
694
692
705
690
707
699
710
727
721
714
704
687
701
706
716
684
686
676
670
669
662
667
677
673
666
678
679
672
684
682
691
682
691
700
704
710
710
703
686
679
676
701
701
708
717
724
723
736
731
720
719
723
717
734
708
690
710
703
691
692
695
700
718
729
713
701
701
725
725
714
708
708
722
707
711
704
698
678
694
695
694
701
694
687
690
677
670
674
679
686
685
680
677
673
683
681
680
672
668
667
678
688
711
693
717
706
696
684
684
674
689
690
688
688
674
672
680
696
685
688
689
692
689
696
691
688
701
705
712
699
706
716
710
731
732
722
716
733
721
699
704
725
705
716
714
708
708
707
701
715
710
704
688
687
690
703
707
712
695
710
719
708
718
702
696
703
703
704
711
713
717
702
705
714
696
684
674
665
658
696
676
689
684
701
690
705
685
703
699
681
700
696
683
703
697
706
715
694
690
694
720
718
714
704
701
698
689
696
711
701
704
706
698
691
689
693
706
698
700
701
686
678
671
678
683
688
699
697
690
709
714
710
716
688
692
684
683
683
681
676
679
687
684
683
696
692
689
683
687
679
685
662
655
664
669
646
635
660
654
647
650
645
658
659
654
664
652
664
652
649
656
659
662
645
649
673
666
661
682
685
669
668
671
682
684
682
679
677
678
670
674
666
674
653
678
666
672
685
693
669
670
671
671
682
689
695
697
678
700
702
714
710
714
722
716
720
746
731
730
713
688
697
694
691
689
691
680
697
687
683
682
688
670
688
669
677
685
691
698
707
688
685
681
695
700
698
699
707
707
721
705
698
684
671
694
706
705
703
691
691
709
681
700
700
703
705
698
686
676
697
704
725
713
723
722
723
729
721
729
721
730
717
723
722
705
706
698
698
726
712
735
726
720
732
749
720
726
714
715
713
722
707
718
719
726
735
720
722
721
729
714
713
707
704
714
722
710
714
716
711
714
715
714
724
702
706
711
706
718
711
712
715
701
700
695
710
707
708
695
698
695
719
696
693
701
710
706
712
712
711
717
702
692
687
708
701
705
690
684
680
669
672
692
693
708
712
694
692
703
695
688
681
687
680
690
683
679
688
692
694
698
697
698
716
700
701
701
712
702
687
685
696
687
706
696
710
710
710
709
718
715
723
713
684
688
693
694
680
671
674
695
703
701
708
699
725
709
724
723
718
728
732
723
728
724
711
721
718
721
698
703
698
692
711
708
697
715
707
712
717
706
711
718
707
706
705
707
705
710
715
701
707
702
707
717
706
726
711
703
705
714
712
727
724
731
727
720
723
710
728
708
705
687
688
683
675
681
690
699
699
695
695
689
690
697
695
713
700
688
692
697
707
697
694
688
688
670
680
691
670
669
687
673
691
692
677
690
687
676
682
678
669
668
678
674
688
694
696
694
692
694
676
691
666
675
694
684
693
696
682
685
694
694
691
699
694
707
713
709
698
686
696
714
696
685
694
697
698
693
689
712
697
692
705
690
682
679
680
689
686
692
681
688
687
695
700
694
701
698
710
715
699
682
676
685
695
695
708
713
708
701
700
693
706
684
690
705
687
680
674
681
678
684
696
694
686
690
691
710
683
686
676
674
668
684
674
680
697
696
696
690
688
697
683
689
696
689
682
668
665
660
685
679
683
682
680
674
673
677
685
696
694
677
687
695
693
701
683
685
685
685
679
688
683
668
683
673
673
679
690
681
688
685
684
692
676
692
689
695
695
700
686
701
698
686
690
710
715
714
701
693
692
682
685
680
674
675
687
671
667
684
706
695
706
718
707
701
698
700
700
696
679
685
685
670
680
685
692
690
674
679
672
672
674
688
676
670
664
666
656
667
676
665
651
661
658
670
694
679
686
697
699
688
692
690
696
699
688
695
691
669
658
657
653
656
652
648
646
656
658
677
682
700
692
690
696
702
680
681
679
698
688
689
685
691
682
691
676
696
683
680
669
687
693
701
696
683
699
702
707
705
713
710
695
699
703
693
689
680
680
683
684
681
689
686
689
672
696
702
690
691
681
688
674
691
680
683
711
675
668
669
675
672
679
678
660
672
673
676
684
690
691
685
688
675
680
698
691
697
684
681
677
686
682
664
660
669
675
672
682
673
672
665
669
687
688
687
692
682
699
693
692
691
679
699
698
704
700
710
697
704
693
692
685
683
688
678
678
671
673
671
668
676
661
666
648
662
672
672
654
670
675
676
680
670
656
664
673
682
697
704
688
681
682
680
691
693
688
682
696
688
707
694
692
697
684
688
689
668
687
717
690
685
678
688
701
675
679
670
676
679
680
690
671
677
671
659
671
682
692
673
661
646
653
679
666
661
676
682
680
673
676
678
684
684
684
682
678
685
670
653
685
677
669
678
660
675
659
665
659
671
685
680
669
684
685
693
685
673
676
670
662
684
688
674
679
685
684
692
689
694
684
698
696
704
688
686
692
683
691
702
689
687
686
693
720
724
701
708
703
705
718
713
715
717
713
698
702
701
687
690
681
670
681
693
674
676
672
684
691
683
675
678
671
657
669
676
676
672
686
681
705
707
699
686
675
687
674
666
682
682
670
682
669
668
667
673
697
673
680
672
663
676
672
672
667
670
659
656
656
665
650
661
669
680
661
655
648
663
662
663
668
674
684
673
674
672
676
688
690
671
686
690
678
683
673
665
665
667
665
675
648
644
655
653
653
662
673
677
656
664
672
666
653
658
662
646
648
644
645
659
666
668
673
670
666
678
670
674
696
689
684
687
690
695
696
693
682
689
690
695
688
670
669
687
666
685
677
670
669
668
684
661
676
698
699
694
691
691
676
678
689
695
694
675
676
695
676
687
664
674
675
676
668
658
663
659
668
685
675
678
684
693
679
699
691
688
696
705
695
699
693
700
674
666
682
674
672
658
667
663
653
669
670
665
659
665
687
699
693
707
684
677
676
691
659
665
654
664
670
659
650
643
649
630
635
630
615
628
636
642
645
650
638
653
650
643
647
628
642
633
627
635
640
636
649
662
670
657
668
657
656
644
623
625
639
646
658
645
649
637
651
662
674
653
647
637
651
669
670
671
653
650
648
662
653
660
668
660
660
655
655
649
657
678
655
651
668
659
665
671
668
667
668
658
639
629
610
617
622
608
609
615
610
615
615
591
607
599
621
617
604
602
622
609
616
621
622
623
625
631
619
638
661
650
633
635
642
640
632
652
652
645
639
643
650
655
656
641
664
646
651
650
643
638
644
633
624
637
642
643
638
643
620
616
619
649
643
641
643
658
641
646
640
644
637
642
630
635
646
633
624
621
622
616
614
626
632
634
632
636
654
668
658
652
645
650
668
666
656
649
662
663
662
648
642
628
631
627
617
634
632
636
621
622
630
616
605
611
613
606
606
603
615
606
615
599
606
607
609
622
612
622
624
619
617
612
603
611
625
610
615
609
629
623
621
607
612
614
615
608
616
633
613
626
609
610
613
624
623
629
611
606
618
636
661
648
634
644
641
639
622
630
628
608
616
643
647
630
627
624
609
604
605
609
617
611
621
608
619
608
611
624
622
628
620
622
622
610
641
640
643
635
627
621
634
615
633
643
620
634
614
601
602
617
611
620
625
622
607
602
609
620
625
619
618
622
627
636
635
630
655
647
639
652
658
658
659
650
647
645
655
653
653
655
647
660
658
665
642
642
637
638
634
656
648
645
648
667
651
649
648
664
653
651
648
638
624
627
634
635
644
637
633
629
623
631
629
644
632
634
646
647
642
633
640
654
644
641
649
666
652
657
651
640
622
646
643
641
647
641
644
645
645
639
650
623
628
625
632
615
630
630
632
621
622
629
622
636
635
628
639
632
640
649
664
673
668
657
669
651
658
637
642
643
650
661
672
678
666
663
672
658
652
638
642
637
648
647
661
659
654
652
663
645
655
655
656
668
653
647
630
632
647
647
636
620
611
622
623
627
627
623
638
637
623
624
636
633
622
625
612
619
630
642
628
636
636
642
632
649
633
623
598
603
615
625
616
616
615
616
620
620
625
610
619
632
619
629
630
629
633
641
639
646
646
654
653
653
643
629
637
651
640
632
628
627
633
628
625
618
613
622
617
637
634
624
628
628
607
625
632
627
632
630
624
624
606
599
608
610
623
622
611
624
608
624
616
619
613
606
602
612
606
609
618
609
597
599
612
620
620
608
606
601
594
612
629
636
617
628
633
620
609
611
632
626
629
633
639
631
620
612
626
624
605
622
636
638
647
646
638
639
627
637
638
646
655
641
625
639
632
624
612
635
625
635
638
632
620
603
594
592
600
595
609
610
599
593
593
591
614
617
612
610
615
623
619
632
629
624
620
602
626
627
630
617
614
613
621
614
620
596
596
603
589
594
595
594
599
601
590
589
582
593
597
609
597
590
589
592
605
615
606
601
590
597
595
600
607
605
616
617
612
608
623
616
615
614
610
583
602
586
584
590
591
594
604
585
594
591
587
602
598
611
600
607
624
623
617
619
623
624
628
625
622
620
618
617
621
624
608
620
619
623
620
635
644
625
641
645
629
626
602
609
616
617
608
619
625
612
616
610
610
599
603
595
607
597
602
615
615
617
629
633
640
640
637
627
622
608
620
615
609
611
599
614
601
608
628
621
624
637
629
634
628
634
621
609
610
609
601
598
600
586
608
586
580
577
579
588
593
570
570
568
578
579
572
587
589
585
594
592
578
582
578
583
588
576
574
581
587
582
592
598
603
603
590
598
591
590
592
590
588
588
581
571
578
573
581
581
562
565
553
576
572
579
582
590
577
583
581
584
591
586
600
593
609
584
588
598
579
580
578
589
604
598
605
600
622
617
607
596
586
583
612
616
618
613
610
608
619
607
614
606
608
586
600
586
587
571
590
602
595
601
622
605
602
596
601
591
582
586
587
574
582
573
585
578
585
572
575
599
593
589
595
585
594
598
592
573
595
584
577
584
588
583
564
586
566
593
589
579
571
574
579
575
583
586
565
565
558
554
546
552
557
559
553
563
566
558
563
577
576
577
587
591
586
587
589
595
592
590
587
577
573
574
577
573
574
585
597
584
593
582
588
585
594
582
569
571
584
583
593
585
583
583
587
592
599
583
602
595
591
586
599
611
610
598
584
561
582
590
601
593
590
613
615
607
602
613
596
602
600
606
591
592
599
589
599
589
590
593
593
590
579
575
573
580
588
587
584
594
589
592
602
601
602
600
603
606
621
614
616
616
615
615
606
600
599
609
600
601
615
601
600
602
595
592
587
597
588
587
575
568
572
575
583
599
594
611
603
605
602
605
610
603
595
605
612
608
631
631
618
631
616
619
625
621
638
639
633
624
624
620
627
620
618
609
620
611
608
603
596
589
582
572
592
604
604
595
591
593
597
568
574
570
589
586
583
575
582
574
588
595
570
580
585
578
573
572
580
578
557
571
563
575
597
591
591
583
579
580
594
583
581
560
582
572
586
588
593
603
590
585
581
576
557
589
580
578
562
579
568
568
570
579
569
572
586
580
580
597
580
590
593
575
584
585
581
578
563
563
571
583
571
571
575
579
581
594
604
590
587
584
568
576
569
580
572
578
564
571
575
564
564
554
554
556
555
559
563
552
563
544
540
550
545
545
551
552
560
567
571
564
584
578
593
590
597
584
596
584
588
584
591
593
588
594
593
601
593
612
601
604
599
600
608
592
600
615
614
590
598
589
598
595
588
595
596
601
594
604
595
607
612
617
607
594
595
612
598
603
594
602
607
615
603
600
604
577
582
571
568
568
554
574
562
569
563
568
556
562
552
557
577
565
564
562
562
555
558
569
561
569
577
584
579
578
570
576
579
573
564
557
564
570
569
569
545
548
550
552
554
563
553
570
565
559
565
568
559
564
569
562
568
576
563
562
555
559
562
560
546
558
552
555
551
567
562
559
551
559
549
557
556
559
533
542
541
540
534
539
547
561
563
578
568
573
567
574
583
580
570
571
583
584
579
576
574
571
561
573
563
568
562
540
555
548
569
570
568
566
551
562
564
583
585
591
577
588
572
575
565
569
565
564
574
579
576
589
592
575
582
582
580
581
598
596
575
568
578
573
565
570
560
579
564
554
547
542
537
542
541
553
558
556
567
579
585
581
590
588
562
569
584
574
580
576
585
586
577
574
575
564
565
564
560
565
562
562
563
571
579
589
584
577
585
590
592
582
603
597
598
594
582
584
601
601
584
591
580
584
597
601
616
613
614
625
621
609
615
619
628
618
621
619
612
601
591
572
578
585
587
582
588
591
584
580
572
573
573
570
570
568
570
598
593
588
585
584
575
565
565
565
569
569
582
594
572
564
576
571
572
567
575
576
561
566
566
574
559
577
566
584
588
590
608
595
598
604
612
603
621
616
610
603
573
595
600
594
599
571
564
558
546
545
542
539
552
560
571
563
559
554
562
576
568
575
565
556
567
576
574
570
566
553
569
582
573
578
587
592
574
574
577
567
569
561
553
567
553
566
555
559
563
560
555
562
559
561
577
565
566
562
575
556
551
557
544
545
538
538
528
517
544
546
545
549
534
550
535
524
520
521
529
539
548
567
560
563
549
565
548
551
552
565
565
562
564
558
557
554
559
570
572
565
556
583
571
572
562
577
567
565
580
569
580
584
574
575
583
570
564
565
567
574
590
587
595
605
597
610
599
584
582
571
570
575
599
581
584
580
573
552
559
572
564
566
560
579
573
573
565
569
565
571
593
589
575
573
581
580
581
573
559
576
560
566
572
574
573
573
576
577
576
579
581
591
572
584
578
568
568
568
565
559
568
568
548
553
548
541
544
556
569
571
596
596
580
598
608
605
600
611
622
596
598
599
606
587
620
631
619
617
612
602
610
609
607
611
614
607
602
603
598
608
597
601
593
586
588
608
614
605
609
610
608
597
598
597
587
572
564
580
574
587
581
577
575
580
587
574
563
567
575
559
554
547
545
561
554
553
549
556
558
557
558
552
552
546
532
540
522
515
527
532
541
541
549
563
562
556
556
555
547
562
544
543
565
554
564
576
577
565
565
570
564
557
564
567
555
555
557
544
543
542
526
528
522
529
533
542
543
545
554
548
548
554
566
555
561
548
551
544
559
559
549
563
570
578
555
572
560
569
558
562
565
563
568
582
579
577
571
563
567
561
571
550
562
558
567
572
574
575
585
567
581
578
567
569
566
576
592
600
593
604
591
575
587
580
571
582
570
564
565
552
569
573
570
573
579
584
583
593
573
582
568
573
574
580
572
570
581
568
574
577
575
588
563
575
570
568
571
577
576
566
555
538
543
553
560
549
549
555
543
536
555
563
554
537
531
543
541
547
553
545
543
558
570
555
542
537
543
545
558
567
575
566
560
569
576
580
573
582
579
549
563
575
567
563
567
570
582
559
560
586
572
568
567
567
547
556
559
563
554
549
552
559
558
560
562
578
580
573
572
563
563
570
554
567
576
581
586
569
588
574
572
581
595
595
581
572
571
574
569
565
568
565
563
548
560
565
553
556
554
538
542
553
544
541
552
549
548
559
566
558
569
551
555
559
570
580
579
571
566
572
570
566
567
565
555
546
554
558
553
568
558
558
562
568
542
549
547
545
547
551
555
560
550
555
555
581
569
567
578
572
571
565
574
576
575
583
578
567
575
558
547
549
559
546
547
557
554
560
566
556
552
560
556
569
568
559
550
544
544
543
544
545
539
540
534
509
527
527
528
531
532
531
529
538
546
565
534
553
555
555
558
573
542
540
547
546
528
527
533
530
538
533
534
540
551
554
555
544
536
532
551
545
551
564
548
551
554
562
549
537
535
540
537
542
554
551
561
569
564
568
557
562
564
573
570
570
557
559
551
562
566
564
559
565
570
562
586
588
583
565
556
564
578
560
543
555
557
531
536
542
543
555
573
575
568
574
582
579
576
580
571
558
567
554
566
564
553
555
548
547
551
533
550
529
521
531
530
522
521
524
538
538
536
536
545
549
548
551
544
536
544
545
549
546
546
550
553
557
540
553
541
562
558
543
545
554
534
532
524
546
540
542
520
516
510
509
510
507
514
528
529
540
532
531
519
512
528
528
528
526
534
531
541
532
526
553
534
550
543
546
559
546
536
541
527
528
532
534
529
541
524
518
521
518
522
521
522
519
501
518
521
513
519
510
511
510
503
508
512
518
534
545
542
533
523
523
516
515
519
525
513
500
512
522
522
521
540
518
511
513
522
520
520
517
511
501
490
508
509
509
511
511
506
525
528
526
536
525
524
521
527
538
536
545
531
545
537
539
550
543
531
552
539
535
535
524
538
539
525
528
524
537
525
529
521
531
522
510
523
530
535
530
527
536
530
524
523
507
528
514
515
511
500
499
519
515
505
501
499
492
496
503
515
506
511
520
535
552
545
546
533
536
544
522
539
538
524
524
522
536
531
533
526
518
531
540
536
549
560
534
545
539
540
534
532
532
536
524
532
531
520
516
507
502
508
512
500
511
507
498
515
518
508
515
522
509
510
510
503
506
516
509
509
514
507
500
495
501
486
492
493
491
496
496
502
519
517
521
513
515
515
520
530
503
507
499
507
513
506
502
508
519
513
520
528
517
522
534
516
513
514
524
550
541
539
544
514
530
538
532
531
532
529
530
538
522
526
520
522
528
522
525
527
520
513
507
506
518
506
514
518
525
524
527
520
508
518
506
497
501
501
501
496
496
501
490
492
496
485
480
476
470
466
486
473
477
476
501
491
508
506
505
501
503
505
500
499
492
500
502
501
494
476
484
489
496
507
514
497
504
520
521
529
511
505
509
506
529
526
527
535
536
522
537
520
539
536
538
524
526
519
520
514
519
512
507
502
504
506
520
515
522
521
526
508
510
511
497
491
490
486
504
492
498
513
519
496
496
499
500
502
506
500
505
494
478
479
492
499
489
490
495
494
486
499
503
501
509
515
510
504
521
507
506
521
508
506
518
518
505
484
487
494
487
498
509
489
477
494
494
487
485
493
482
484
495
484
493
495
487
485
478
482
505
509
516
512
522
528
511
505
512
523
532
525
531
529
517
518
523
514
522
518
504
491
506
512
526
523
521
511
508
509
521
537
533
519
525
505
496
510
500
525
518
524
526
519
509
507
497
503
504
507
511
525
504
517
528
533
525
519
521
526
527
505
519
522
504
502
504
506
493
512
505
524
530
518
527
525
543
534
532
531
537
525
519
517
517
523
514
515
526
534
513
514
517
516
500
504
504
504
497
503
490
487
495
496
510
487
490
510
508
512
514
523
528
517
517
526
530
536
519
514
526
522
524
519
510
527
541
540
537
529
527
529
521
510
536
538
529
526
527
522
517
532
529
527
526
518
518
517
525
521
524
517
519
531
541
533
536
536
531
503
511
486
497
505
517
508
522
533
538
524
521
524
526
513
519
520
525
513
499
502
493
514
527
520
512
524
520
514
516
519
516
514
512
515
518
529
533
535
529
539
538
533
528
528
518
519
535
523
528
524
542
529
539
548
537
541
542
539
531
532
525
526
540
554
544
538
521
525
514
504
507
526
523
520
521
514
512
524
524
532
531
537
525
527
526
515
522
506
515
496
497
495
495
495
513
499
518
520
520
509
513
517
518
528
533
524
530
531
529
520
516
498
499
505
491
503
510
513
509
516
512
511
515
517
524
513
514
506
497
501
502
498
499
495
498
501
501
495
504
500
515
502
514
512
510
498
501
504
498
493
497
510
507
513
502
488
489
482
479
483
483
495
487
483
481
486
482
499
492
503
498
510
507
506
505
520
502
510
505
518
515
529
520
532
526
530
531
525
538
546
536
527
520
521
510
512
509
516
517
508
506
496
496
497
494
489
488
484
501
500
507
520
518
519
525
513
527
525
529
522
530
534
538
526
527
507
509
498
481
490
496
491
473
471
465
474
482
491
472
471
474
473
486
492
492
484
483
490
488
477
499
504
484
488
501
498
502
507
502
496
506
507
493
499
494
493
507
515
517
516
498
498
518
511
505
494
488
490
484
476
486
471
481
497
497
490
475
481
473
495
502
507
508
517
509
524
503
503
506
509
500
509
506
512
504
503
515
512
503
507
503
510
513
521
516
507
505
517
520
529
518
518
509
521
525
524
518
523
507
514
523
508
506
509
492
513
517
514
506
529
528
534
539
532
538
544
545
527
531
516
527
525
524
507
503
499
505
514
512
516
516
507
520
532
522
537
526
524
523
520
519
527
531
524
514
525
533
514
523
515
528
511
506
522
510
521
523
505
512
513
511
502
512
515
516
526
518
518
508
510
491
503
506
487
506
502
498
489
483
493
507
513
517
514
517
532
525
526
522
526
514
512
524
521
514
507
497
508
511
530
511
523
542
544
535
541
547
545
544
522
528
507
493
498
507
505
505
499
510
495
503
507
497
492
496
495
506
511
521
517
513
498
507
504
500
506
509
508
492
486
501
497
514
510
507
513
523
541
540
534
544
541
534
530
509
520
527
527
534
538
530
523
528
514
532
527
519
502
513
520
510
511
514
508
503
506
498
498
492
508
496
495
489
507
504
517
509
521
514
495
530
534
539
530
533
533
532
519
535
535
549
542
555
562
554
554
559
550
553
540
539
534
533
533
549
531
543
536
542
544
543
543
510
540
537
526
530
530
527
505
510
517
509
499
496
504
499
503
495
505
492
481
480
485
488
482
496
497
474
498
486
501
492
500
511
514
502
506
509
506
511
509
515
513
499
507
506
495
520
508
509
500
505
505
513
526
527
524
515
519
496
485
499
496
520
509
523
517
523
497
504
514
509
504
526
512
503
488
489
500
500
517
520
515
526
521
508
502
507
503
509
502
514
516
500
516
511
510
499
512
505
509
522
527
534
512
515
516
516
494
495
499
493
490
484
483
495
493
499
497
514
513
507
512
509
509
519
500
496
498
512
502
516
505
500
508
506
499
519
515
514
511
512
502
500
516
528
533
518
519
523
527
503
515
509
511
507
525
534
524
518
518
503
509
528
519
518
514
516
509
502
498
510
512
530
526
535
529
520
512
519
508
511
512
509
515
512
510
497
501
486
503
498
496
496
513
511
506
514
497
498
497
492
500
501
502
493
507
506
504
499
497
504
500
507
508
513
528
517
514
514
510
503
522
515
516
505
510
498
506
503
498
497
492
500
504
495
495
499
508
512
488
494
498
486
505
508
511
502
510
507
510
503
487
485
472
487
489
497
498
504
504
521
514
509
508
500
502
504
498
493
503
493
502
488
489
504
502
521
521
507
493
507
499
510
497
489
502
492
481
493
484
480
482
482
471
495
484
481
490
498
485
473
471
491
495
505
498
515
505
504
500
498
491
493
503
494
496
505
506
513
509
497
494
493
488
498
493
489
496
486
475
476
473
472
485
475
470
470
467
474
487
488
488
496
487
485
491
484
475
465
466
457
456
466
476
472
471
467
482
493
470
477
470
469
466
460
454
475
473
478
467
470
477
479
470
479
476
467
466
474
476
474
480
480
471
474
467
474
485
485
483
482
477
482
484
468
466
467
468
473
466
478
478
464
453
463
465
486
477
466
470
472
466
461
452
456
445
457
457
471
456
440
438
456
465
450
470
465
458
446
453
457
470
470
489
477
484
483
484
476
470
473
466
486
475
464
464
469
479
493
502
492
488
479
474
471
483
479
472
474
484
475
470
478
476
481
495
497
489
484
499
506
505
495
507
511
506
509
507
504
502
487
506
490
493
495
496
490
500
511
495
480
486
480
490
492
481
486
488
474
477
472
462
465
473
472
482
482
475
480
494
508
490
494
496
502
480
494
490
482
485
480
479
470
478
472
487
482
491
496
491
473
478
489
476
472
469
472
460
460
467
466
483
476
470
467
473
459
462
463
451
471
457
465
463
476
478
472
486
480
475
476
486
484
473
484
467
478
464
486
475
470
465
481
458
462
466
465
448
459
468
463
451
445
456
467
466
459
456
445
448
455
457
464
473
488
497
495
472
473
473
488
479
495
503
503
493
488
470
468
452
452
463
466
478
475
476
491
482
487
482
489
482
481
472
475
470
481
466
455
452
452
459
464
466
463
469
468
460
472
474
472
474
471
471
490
500
483
477
476
479
473
472
473
481
488
497
486
485
495
495
482
461
465
457
462
455
440
430
429
441
436
442
424
425
439
433
450
450
445
455
466
463
487
475
466
461
459
459
459
449
455
460
455
445
451
453
451
448
451
449
449
471
471
470
462
454
444
452
445
446
443
437
434
431
429
441
435
441
442
441
436
429
428
432
434
426
427
436
436
438
452
453
445
447
443
441
451
459
456
450
459
463
461
461
459
460
457
451
445
447
441
442
451
461
472
474
476
457
466
463
453
461
445
471
468
474
460
458
457
455
462
466
452
454
454
456
447
448
452
446
454
444
449
448
438
450
456
467
448
440
446
439
446
455
461
463
476
466
474
476
462
466
459
470
476
468
475
484
473
446
455
454
445
440
445
442
443
450
443
447
445
437
444
448
433
438
426
429
446
438
435
425
423
424
422
437
438
445
448
438
438
446
447
451
446
450
453
461
448
456
462
451
451
447
443
445
445
446
441
466
470
466
457
468
465
459
464
456
459
452
466
447
467
460
462
459
457
449
447
447
447
431
427
432
436
453
456
461
461
470
481
476
476
461
458
452
449
457
454
453
453
454
455
448
443
439
455
447
445
448
437
443
443
449
443
448
455
460
469
463
474
464
454
462
454
457
456
440
467
462
458
451
448
463
453
452
453
444
453
450
454
459
460
447
444
445
442
445
453
444
461
454
440
431
453
447
449
441
450
431
434
451
463
442
433
435
436
423
437
425
411
400
404
413
407
407
419
426
441
437
436
431
432
424
430
434
441
459
429
444
447
439
450
457
442
448
443
456
457
460
458
453
438
433
424
443
435
427
442
434
441
432
435
418
418
426
426
417
425
424
421
424
412
408
393
406
426
436
432
420
426
421
436
429
430
434
439
435
439
433
441
435
440
450
441
450
447
443
444
434
452
465
453
459
456
452
439
437
415
429
437
438
433
422
433
431
432
420
421
418
419
403
418
424
422
426
423
415
417
418
422
409
398
396
401
400
405
406
420
424
431
425
419
426
431
445
447
459
448
450
450
447
451
439
429
433
434
431
432
428
423
430
433
435
440
434
436
434
436
449
449
448
438
445
450
439
442
431
434
432
433
441
437
452
439
437
435
446
442
450
440
450
444
439
450
429
434
432
441
444
450
455
448
446
451
441
446
443
445
446
441
430
433
431
424
427
424
434
443
441
437
451
449
442
446
439
435
443
436
434
430
439
422
417
421
434
443
439
422
430
432
445
441
443
440
449
454
456
455
444
448
438
443
448
435
430
424
425
412
418
416
418
419
430
429
423
436
443
441
442
430
444
436
438
444
447
443
450
444
444
444
438
450
447
439
437
435
426
444
446
436
435
436
443
442
435
432
421
421
424
430
425
420
411
413
424
420
414
428
428
428
432
438
436
430
429
438
426
428
423
429
427
433
425
427
425
419
431
429
434
434
430
431
437
448
425
406
401
405
413
411
411
375
386
400
411
408
406
405
399
392
411
404
399
391
389
397
407
396
382
377
374
373
369
375
371
386
380
380
377
384
393
393
397
399
381
382
388
376
390
388
387
382
382
396
394
400
401
404
418
409
407
405
397
402
398
410
402
401
395
389
391
401
401
400
403
406
405
420
418
402
392
393
393
385
387
383
386
395
389
388
387
383
386
384
378
369
369
354
356
362
353
367
373
380
372
379
370
375
386
388
382
381
386
389
384
388
403
410
390
383
388
388
388
376
376
382
390
387
393
387
381
397
391
391
390
387
394
382
386
389
395
391
402
397
390
384
387
404
408
416
419
419
396
394
408
409
403
389
388
372
370
383
382
379
386
389
392
381
375
380
380
386
382
378
392
393
394
386
391
392
383
387
378
373
383
397
385
396
380
382
376
390
395
385
393
385
379
374
391
386
398
390
401
407
405
394
395
399
410
421
410
415
410
409
409
418
415
407
400
409
397
388
397
399
407
406
404
396
403
403
404
400
396
405
399
402
399
394
400
401
394
401
401
397
401
392
397
395
402
405
390
386
366
362
376
379
372
371
366
365
364
366
369
376
374
373
369
366
370
376
387
386
380
380
384
406
403
404
405
393
399
389
379
377
362
372
368
367
365
370
367
368
370
375
362
364
382
368
388
395
387
385
390
388
381
386
381
388
377
380
370
372
366
369
364
370
373
383
384
376
376
375
372
375
377
382
379
382
377
375
382
376
371
368
368
367
356
369
361
378
395
383
377
383
377
365
355
368
371
370
380
378
376
373
377
365
368
359
354
361
357
367
360
371
363
365
364
371
364
361
372
380
383
385
370
380
390
376
366
361
365
367
360
348
356
352
351
342
345
357
358
365
361
358
362
363
369
365
362
351
361
361
353
353
359
356
361
359
352
369
363
378
379
376
395
388
386
371
371
364
355
363
365
367
368
368
376
364
357
361
356
372
362
388
381
387
398
401
390
394
400
387
386
394
395
382
375
382
380
376
385
384
376
386
387
384
385
385
360
376
377
363
348
362
361
360
354
350
358
349
361
357
357
344
350
358
344
354
346
353
364
355
349
350
370
374
364
349
360
361
354
351
370
364
373
364
369
375
372
375
365
366
370
350
367
363
342
355
355
354
346
345
350
363
356
363
360
360
369
362
360
369
369
367
363
365
370
372
361
354
366
357
365
361
363
377
356
356
350
356
359
370
366
373
372
365
365
364
348
356
353
357
361
382
382
389
384
386
376
381
373
364
359
357
365
365
355
356
364
362
360
378
379
385
377
373
366
377
384
374
373
369
371
363
374
382
385
389
374
378
383
377
383
374
380
380
364
369
370
369
380
373
369
366
366
364
367
371
385
383
391
391
394
376
374
370
384
383
373
392
388
366
369
373
381
379
374
367
370
367
366
369
378
374
373
373
374
366
368
363
371
367
358
357
360
372
375
380
370
364
355
364
350
339
336
331
342
341
341
345
341
337
345
342
331
335
337
350
353
357
344
349
348
350
343
358
361
362
359
363
353
358
364
351
361
360
353
374
375
385
383
375
364
377
357
366
376
371
358
360
361
351
353
350
346
356
361
368
375
374
364
365
366
366
374
378
365
370
382
382
385
377
372
379
387
382
386
387
389
388
384
376
371
370
359
374
370
377
376
363
357
381
374
363
363
357
367
364
375
377
386
383
383
372
378
376
378
390
374
376
385
388
385
381
385
390
399
410
405
410
403
389
386
391
391
386
383
370
372
374
368
363
365
361
372
355
364
358
365
361
373
369
367
366
377
384
374
361
376
372
370
369
357
359
354
349
354
352
366
362
363
372
370
362
357
360
355
358
359
359
351
349
340
341
347
351
360
361
349
351
353
349
359
361
360
348
336
335
341
353
340
344
332
342
340
335
348
351
360
340
347
345
358
357
363
360
362
355
351
345
345
347
346
347
335
333
332
335
341
349
345
333
328
337
345
331
330
328
334
332
327
327
329
319
315
326
318
328
325
336
345
341
330
321
323
316
324
322
318
310
300
305
314
326
326
347
338
346
338
335
329
334
332
335
337
331
336
332
333
324
327
318
316
316
322
321
326
336
339
333
330
320
343
345
342
338
331
338
340
330
339
338
336
331
333
328
323
319
312
323
313
318
311
323
324
334
333
320
317
309
318
321
322
327
333
334
332
332
324
334
336
347
334
333
341
336
336
330
330
328
329
334
328
330
335
324
333
327
321
319
325
330
325
335
349
353
358
364
360
367
353
353
356
358
351
351
342
333
341
340
344
337
344
349
348
345
331
327
333
323
319
320
329
324
330
323
336
346
345
351
348
364
364
348
341
337
339
335
335
325
324
328
317
319
297
308
304
314
315
323
316
316
316
316
323
333
331
342
339
345
331
334
339
343
333
329
330
336
347
344
344
342
339
345
344
342
347
333
343
343
335
345
338
337
331
340
348
332
322
327
321
314
315
318
315
311
313
318
326
321
330
322
334
335
334
334
321
312
305
314
321
306
312
306
307
298
294
284
292
295
288
311
311
311
307
313
302
295
317
316
311
318
320
321
304
310
312
320
313
298
306
305
296
297
285
292
291
290
299
299
298
306
296
301
294
301
304
299
293
301
298
295
308
310
314
312
317
311
309
298
294
301
293
284
278
276
266
259
273
279
272
291
286
294
302
300
308
305
308
313
308
315
316
313
312
300
285
298
283
295
298
293
295
307
308
300
293
292
290
297
305
317
320
314
323
312
309
307
308
313
310
310
304
307
320
317
331
319
323
320
319
301
300
300
304
298
303
307
308
300
314
304
317
309
310
321
316
309
308
319
320
323
333
329
329
318
328
320
316
317
315
307
317
329
343
336
331
331
326
338
338
339
341
344
340
344
340
352
347
342
345
333
342
328
316
324
326
327
311
305
316
315
313
321
327
319
329
338
332
345
346
341
340
332
335
340
327
331
330
332
332
331
330
334
335
340
332
334
328
334
320
326
322
334
325
340
345
342
337
337
335
342
341
332
336
331
328
328
325
318
315
317
328
325
318
309
327
324
326
327
330
324
329
325
321
321
314
334
331
337
337
335
326
327
332
315
326
336
330
329
330
330
326
334
340
328
329
323
319
310
327
333
323
321
309
318
317
310
321
319
317
312
317
310
320
330
324
334
324
333
339
337
345
345
345
344
329
325
317
305
313
323
310
306
305
288
294
292
298
296
308
305
315
304
311
306
302
300
303
301
302
302
300
304
309
308
303
308
311
301
317
324
324
314
310
321
326
326
321
312
315
312
305
321
316
303
310
304
308
302
309
303
306
302
296
294
297
314
303
303
308
297
303
309
318
308
325
324
320
319
312
314
310
315
298
310
298
299
296
314
318
311
313
314
312
311
302
301
303
304
306
301
308
312
304
309
297
302
299
293
300
309
310
284
286
289
293
292
306
299
304
302
300
288
288
293
279
289
291
295
292
290
309
302
305
312
315
324
323
317
324
322
321
325
317
323
321
317
323
321
320
321
312
309
319
324
322
324
326
334
334
336
328
327
319
318
319
314
312
313
309
308
302
299
294
305
311
315
316
298
295
297
298
292
299
299
291
285
295
304
307
312
309
311
303
308
304
310
309
323
311
312
326
310
303
306
311
308
304
299
302
302
303
303
308
302
312
301
304
296
298
304
308
303
319
312
316
324
315
310
320
316
311
315
306
305
307
316
315
313
323
321
315
315
313
297
297
305
318
317
316
311
310
307
294
296
299
307
314
315
301
299
296
299
307
301
290
300
292
297
301
313
314
308
312
320
311
318
309
309
314
300
310
309
308
315
309
311
320
327
334
323
324
324
329
334
334
328
311
324
333
333
339
348
332
331
334
313
322
317
320
318
306
312
306
310
311
311
309
307
310
312
308
312
315
321
324
333
329
330
333
336
334
321
316
319
303
314
315
309
313
314
304
308
291
300
302
300
306
315
319
309
316
304
308
309
308
315
311
314
324
330
321
324
322
312
316
329
325
326
328
323
322
310
302
305
298
307
294
306
319
319
304
300
291
288
290
287
304
294
296
298
295
307
310
317
315
324
307
317
316
314
308
303
305
300
304
292
293
294
303
301
306
319
301
312
311
312
317
311
316
315
313
329
332
341
325
327
328
322
315
319
309
304
298
310
308
308
321
326
323
333
317
316
315
320
314
304
307
305
308
310
313
311
306
317
315
320
311
307
300
303
307
303
312
321
329
334
328
337
337
330
324
327
316
318
318
312
318
319
318
317
310
313
314
314
313
316
311
307
315
312
313
316
315
296
290
284
288
298
293
296
310
302
303
302
308
307
317
311
311
307
311
300
306
301
295
292
290
291
289
305
309
310
317
313
307
309
312
316
323
319
325
327
319
320
327
316
324
331
311
315
311
301
312
306
297
295
302
304
309
307
311
290
301
295
292
287
281
288
299
299
299
296
293
302
301
301
300
309
310
310
311
305
310
300
294
298
306
302
297
301
311
308
322
328
323
326
329
332
309
316
313
309
315
313
317
306
313
312
308
306
300
317
320
315
312
318
315
307
317
325
317
315
310
310
300
304
304
309
303
317
313
313
300
299
307
312
302
306
309
309
305
305
296
289
291
285
286
284
278
287
283
304
306
298
300
305
307
310
311
297
291
296
296
290
291
290
292
292
284
291
283
290
288
294
300
303
301
299
301
300
308
298
312
311
303
310
308
291
299
293
294
295
301
302
310
312
307
312
313
317
306
301
303
294
296
296
286
299
292
292
306
312
321
325
318
310
296
297
317
326
330
333
325
328
325
323
307
309
299
318
318
315
310
306
309
311
301
305
301
313
304
311
312
312
299
300
296
305
302
309
305
305
302
307
308
313
316
312
300
299
308
302
311
314
318
319
303
299
299
306
314
311
294
297
299
314
306
315
318
319
318
318
308
318
320
317
327
330
327
311
316
322
320
313
309
309
303
296
299
304
290
296
308
306
310
303
307
310
315
308
310
308
305
299
296
310
314
309
308
315
315
315
315
315
313
312
316
315
317
324
320
317
322
319
320
315
309
307
313
315
322
322
323
322
319
318
322
322
305
314
318
315
310
300
296
295
307
306
305
301
292
294
293
307
300
301
298
298
298
296
316
306
309
316
316
308
314
321
326
327
323
316
320
319
329
333
328
320
327
331
321
316
323
319
312
322
315
296
288
282
287
285
292
294
291
295
287
293
301
293
302
301
289
283
286
284
296
301
302
303
295
312
318
308
307
301
313
301
309
297
296
282
298
293
290
290
295
314
301
309
312
315
312
319
315
319
316
307
314
310
306
307
301
291
300
292
300
300
309
298
306
317
317
306
312
308
316
316
318
323
325
320
318
314
324
323
324
312
316
312
308
311
302
308
309
307
311
305
305
301
313
306
293
301
308
302
302
309
297
300
295
299
305
304
304
300
288
289
286
284
298
286
294
300
307
307
318
316
314
320
317
318
322
308
314
313
301
310
307
301
307
317
321
311
316
308
317
311
302
303
308
312
315
311
312
312
316
316
305
301
311
305
313
303
313
311
302
298
298
297
306
305
306
313
314
302
299
297
301
300
299
307
304
298
306
298
292
295
295
290
295
294
279
289
290
285
296
302
298
307
309
308
314
311
312
309
305
299
301
306
305
292
295
295
296
298
290
287
300
293
286
290
296
290
283
277
287
274
283
289
281
290
295
291
285
280
282
279
278
283
281
282
267
279
278
280
282
267
264
264
266
261
271
253
251
259
257
260
262
262
263
258
253
253
260
257
269
265
264
264
269
258
261
259
256
260
256
267
264
256
256
242
246
255
260
249
257
255
250
266
251
255
250
238
244
248
250
251
259
255
267
261
258
249
246
256
251
264
255
263
260
254
251
255
258
255
260
260
263
270
271
277
273
273
266
274
275
278
277
270
263
260
272
279
270
282
273
274
283
278
268
275
276
274
262
269
266
277
284
288
289
284
282
280
279
266
265
273
271
278
280
282
268
267
272
271
280
288
279
281
276
267
259
279
263
257
251
255
249
256
252
252
266
256
261
265
261
256
261
259
251
245
258
254
255
261
253
261
262
270
269
274
279
276
284
274
272
278
277
283
276
275
275
279
279
281
280
269
270
276
270
268
260
250
260
264
268
273
281
282
281
282
279
280
274
274
271
261
270
268
266
261
265
253
262
262
265
266
268
271
267
264
266
271
271
261
263
268
265
250
248
259
250
243
246
235
232
251
260
259
260
263
260
263
269
271
269
266
274
264
271
278
259
255
263
270
268
270
268
262
271
270
264
267
268
268
262
275
279
274
272
266
276
275
277
277
272
267
270
270
269
256
262
252
263
260
257
261
267
264
265
263
263
267
267
269
275
287
277
271
272
274
282
269
267
265
278
274
281
272
282
283
271
275
272
276
279
280
289
286
289
281
275
274
272
280
284
282
268
276
273
269
278
282
270
286
279
282
278
263
273
274
264
260
275
278
289
292
285
285
281
276
276
271
278
270
269
271
267
276
279
281
275
268
263
259
277
275
273
266
257
271
269
269
268
267
263
267
261
256
261
266
255
253
253
258
254
242
249
257
255
255
262
266
266
259
250
246
253
269
259
260
265
258
254
260
258
253
266
266
272
265
268
257
258
256
268
276
272
274
289
282
283
289
278
276
275
277
281
279
284
284
285
292
285
281
273
273
264
264
274
272
277
272
269
265
266
282
289
291
283
283
271
277
277
266
256
273
262
264
271
276
277
274
266
272
277
278
274
281
272
284
282
282
279
277
281
275
279
274
281
290
279
277
274
281
274
264
265
268
267
278
271
259
259
251
249
258
260
260
267
276
278
283
283
280
271
269
267
261
255
259
257
256
261
259
256
242
238
245
244
238
246
251
243
237
243
246
243
246
254
268
277
274
269
272
271
267
268
266
260
257
251
247
243
251
255
257
264
272
276
275
287
290
281
277
275
261
275
277
267
256
259
255
261
265
271
275
282
279
272
277
272
277
270
277
273
277
274
263
255
251
255
261
254
261
253
252
252
263
265
271
266
260
266
256
265
269
267
264
263
262
263
273
273
271
276
282
277
286
279
280
283
277
280
278
278
272
269
275
273
280
280
290
286
288
284
287
286
279
282
280
275
267
273
264
272
271
271
285
275
268
267
281
268
265
258
265
262
260
264
269
252
252
254
250
249
245
247
258
247
248
253
246
237
248
252
249
256
253
242
247
247
240
254
255
251
253
264
268
263
260
261
257
253
256
260
262
264
268
271
273
271
273
267
255
259
263
260
260
264
269
269
272
264
267
274
280
283
272
286
268
267
279
282
288
286
272
284
282
275
276
271
273
275
284
274
272
271
276
280
282
284
289
284
277
269
269
270
269
261
264
257
269
264
264
264
264
263
267
272
272
274
272
263
278
287
280
281
281
276
284
281
272
273
275
273
265
269
278
273
258
266
267
267
261
260
253
251
249
250
254
258
261
262
265
273
263
270
274
275
283
277
278
258
263
269
273
273
280
269
271
277
266
260
256
263
264
263
279
280
273
266
260
263
271
273
265
259
267
272
266
264
268
249
253
254
253
266
258
261
262
258
263
271
274
258
263
253
260
253
253
257
252
260
268
276
267
273
277
280
264
273
277
285
273
283
284
270
272
276
277
271
280
273
281
272
285
277
285
281
280
270
276
276
292
286
285
285
269
262
264
262
262
260
255
257
265
257
259
258
265
263
270
265
266
267
272
270
263
254
262
254
252
267
263
261
264
265
263
264
261
259
261
260
256
267
261
265
268
262
254
261
267
272
271
271
267
269
269
277
265
270
265
274
264
267
268
265
257
255
266
264
258
250
260
261
254
252
258
258
261
263
267
269
258
257
267
269
259
251
253
256
249
257
253
247
245
257
253
263
271
276
266
262
272
266
266
272
270
265
259
271
268
275
274
268
256
261
253
268
259
260
262
265
275
262
249
255
249
265
253
259
257
277
261
269
270
278
275
270
257
254
252
256
258
262
251
258
262
266
252
261
257
260
261
266
259
265
260
263
257
259
263
258
255
262
267
268
268
264
257
261
263
260
265
266
264
262
261
251
249
265
249
246
256
256
258
258
254
265
258
262
267
265
266
273
269
271
265
271
268
264
267
262
275
265
266
264
267
267
262
263
270
275
280
276
274
280
272
267
259
252
252
249
259
273
268
267
262
260
269
271
268
283
268
273
273
272
267
271
279
274
283
286
279
281
285
283
282
275
283
283
276
274
269
269
265
258
266
262
266
272
270
270
276
269
270
269
268
263
260
265
266
263
273
271
274
267
262
262
262
265
266
262
269
265
259
257
253
246
254
255
259
264
259
258
256
248
252
248
231
245
243
240
237
239
236
244
244
244
241
245
244
239
236
243
256
250
240
242
239
229
218
224
230
239
241
225
235
239
244
256
237
246
238
235
238
255
246
253
257
257
261
263
260
262
263
260
260
260
267
256
252
254
251
247
248
247
250
258
251
252
248
242
234
240
247
239
241
248
240
240
245
248
255
249
248
259
247
252
261
261
248
249
250
256
260
269
274
274
255
263
261
272
273
277
263
269
261
269
274
280
280
282
277
283
268
268
265
262
270
258
262
255
246
248
255
257
266
258
251
262
271
271
274
265
273
281
275
280
280
268
271
273
270
278
272
275
276
274
269
274
276
275
264
257
255
260
259
258
254
246
251
251
242
257
257
251
253
266
257
262
268
256
254
254
258
269
257
262
269
256
251
251
258
252
251
261
