1118
1111
1108
1089
1089
1105
1120
1110
1089
1090
1069
1076
1089
1071
1089
1074
1093
1098
1082
1080
1079
1060
1073
1086
1075
1072
1081
1067
1059
1055
1062
1061
1067
1061
1066
1060
1062
1047
1064
1052
1058
1055
1073
1064
1070
1062
1057
1066
1075
1082
1070
1057
1061
1068
1081
1088
1096
1102
1103
1083
1076
1064
1077
1072
1085
1083
1070
1075
1084
1078
1091
1059
1056
1069
1071
1085
1077
1077
1089
1083
1076
1084
1077
1074
1082
1091
1084
1088
1099
1119
1108
1097
1094
1091
1113
1112
1092
1095
1075
1077
1107
1099
1079
1079
1091
1087
1087
1073
1074
1080
1075
1087
1071
1061
1064
1082
1081
1065
1068
1068
1052
1061
1071
1081
1087
1081
1084
1099
1087
1063
1074
1074
1069
1063
1070
1078
1079
1075
1062
1063
1073
1062
1070
1075
1081
1077
1071
1063
1066
1055
1063
1080
1077
1075
1072
1087
1104
1099
1118
1113
1099
1114
1086
1085
1078
1074
1078
1090
1080
1079
1088
1084
1069
1092
1075
1081
1092
1083
1081
1081
1067
1077
1075
1080
1068
1076
1078
1086
1084
1074
1065
1057
1063
1087
1072
1083
1083
1076
1069
1083
1065
1070
1058
1055
1048
1049
1048
1066
1073
1053
1068
1048
1072
1067
1081
1081
1070
1071
1088
1056
1064
1062
1043
1053
1064
1058
1063
1061
1061
1056
1077
1055
1079
1070
1072
1073
1087
1071
1069
1068
1068
1059
1067
1048
1043
1056
1066
1069
1062
1057
1055
1064
1071
1079
1052
1071
1064
1048
1048
1057
1060
1071
1067
1069
1055
1052
1064
1063
1060
1059
1070
1048
1065
1049
1063
1062
1067
1073
1082
1063
1065
1083
1064
1072
1072
1057
1048
1045
1033
1038
1066
1078
1071
1048
1044
1058
1065
1046
1049
1040
1056
1045
1040
1030
1045
1063
1046
1051
1064
1068
1068
1064
1061
1061
1070
1064
1082
1087
1055
1059
1048
1053
1058
1061
1082
1066
1062
1058
1058
1043
1059
1056
1064
1064
1051
1043
1048
1042
1035
1055
1050
1036
1046
1046
1052
1040
1062
1049
1079
1061
1061
1056
1057
1056
1056
1075
1080
1058
1074
1074
1067
1055
1047
1072
1071
1041
1047
1046
1058
1066
1042
1056
1069
1052
1048
1076
1062
1055
1057
1054
1056
1063
1071
1076
1082
1078
1070
1076
1061
1055
1045
1038
1047
1064
1065
1049
1041
1060
1074
1058
1050
1058
1075
1078
1080
1073
1073
1081
1088
1068
1077
1085
1052
1073
1084
1074
1084
1084
1086
1072
1094
1088
1066
1060
1055
1064
1063
1066
1069
1060
1059
1069
1065
1029
1025
1035
1044
1039
1034
1042
1054
1065
1060
1056
1029
1049
1067
1069
1054
1069
1071
1072
1077
1087
1077
1066
1069
1083
1080
1055
1062
1066
1083
1070
1066
1065
1063
1037
1027
1014
1015
1026
1046
1037
1041
1026
1022
1045
1027
1019
1052
1045
1032
1028
1021
1030
1012
1025
1018
1038
1053
1059
1052
1054
1058
1030
1019
1039
1050
1054
1038
1046
1027
1043
1053
1034
1031
1049
1051
1060
1045
1059
1034
1050
1060
1037
1040
1026
1040
1031
1063
1050
1052
1045
1050
1063
1039
1036
1015
1013
1030
1049
1040
1055
1044
1027
1031
1035
1038
1046
1036
1033
1025
1023
1019
1035
1035
1035
1040
1046
1036
1026
1039
1030
1049
1041
1036
1050
1029
1041
1037
1034
1018
1022
1038
1040
1024
1021
1034
1036
1012
1022
1022
1027
990
1020
1008
1015
995
1011
996
1010
1014
1026
1020
1024
1031
1017
1018
1041
1037
1045
1042
1051
1044
1045
1058
1071
1062
1044
1057
1040
1056
1052
1046
1026
1049
1051
1049
1042
1032
1030
1030
1016
1033
1030
1018
1026
1013
1028
1015
1030
1031
1005
1037
1036
1036
1049
1041
1055
1055
1047
1051
1041
1046
1046
1051
1043
1049
1032
1042
1044
1046
1029
1047
1023
1013
1023
1013
1011
1028
1044
1023
1036
1055
1039
1044
1027
1034
1036
1044
1056
1051
1044
1034
1041
1027
1034
1025
1031
1019
1010
1014
1020
1021
1012
1002
1018
1024
1016
1027
1016
1025
1038
1007
1020
1036
1037
1035
1042
1045
1046
1044
1029
1025
1032
1039
1044
1037
1039
1028
1040
1049
1047
1057
1049
1045
1055
1048
1042
1044
1060
1059
1053
1040
1052
1052
1024
1049
1049
1056
1047
1046
1039
1033
1013
1031
1015
1017
1021
1022
1022
1040
1029
1033
1028
1014
1027
1035
1020
1015
1024
1031
1020
1010
1028
1016
1026
1031
1017
1022
1019
1011
1007
1012
1012
1022
1016
1043
1023
1037
1028
1020
1020
1021
1022
1037
1041
1030
1030
1042
1045
1037
1042
1047
1025
1017
1022
1014
1042
1033
1051
1054
1062
1059
1052
1043
1036
1038
1040
1042
1051
1043
1041
1034
1022
1021
1033
1027
1011
1025
1021
1036
1030
1044
1037
1049
1036
1034
1042
1050
1044
1038
1051
1036
1030
1029
1038
1028
1039
1037
1027
1034
1033
1025
1027
1019
1015
1014
1026
1014
1028
1019
1027
1039
1023
1018
1030
1019
1020
1025
1032
1019
1031
1022
1023
1017
1044
1048
1043
1051
1037
1049
1047
1049
1061
1058
1045
1045
1036
1044
1051
1036
1045
1040
1042
1046
1055
1053
1029
1038
1037
1041
1043
1038
1047
1044
1049
1056
1037
1062
1047
1051
1044
1043
1062
1045
1041
1049
1042
1054
1045
1035
1027
1030
1021
1034
1036
1038
1039
1029
1033
1021
1043
1028
1050
1050
1031
1019
1033
1025
1047
1022
1013
1014
1021
1028
1019
1029
1032
1028
1020
1035
1044
1034
1043
1049
1034
1025
1020
996
1011
1038
1045
1038
1047
1051
1023
1035
1039
1044
1048
1044
1051
1033
1057
1051
1056
1046
1044
1033
1030
1049
1049
1061
1061
1058
1053
1053
1055
1045
1025
1027
1019
1026
1031
1023
1026
1028
1036
1038
1047
1051
1057
1037
1036
1020
1011
1024
1036
1042
1026
1030
1033
1021
1031
1036
1036
1046
1036
1037
1030
1026
1018
1019
1038
1034
1035
1042
1034
1025
1031
1040
1037
1043
1038
1023
1030
1031
1028
1026
1020
1021
999
1002
1002
1019
1022
1012
1018
1027
1043
1016
1004
1006
995
971
990
990
998
977
1008
1010
1006
1007
990
976
1014
1016
1020
1019
1002
1009
1016
1014
1018
1023
1013
1016
1014
1000
1014
1035
1033
1037
1041
1030
1032
1032
1010
1011
1021
1017
997
989
992
997
1002
994
1017
1000
1016
1000
1002
1024
1012
1015
1010
1018
1016
1026
1018
1017
1017
1027
1017
1034
1025
1012
1012
1026
1037
1030
1026
1001
1011
1003
996
1002
996
985
1001
1016
1020
1030
1012
1022
1038
1047
1060
1043
1038
1030
1026
1025
1019
1020
1013
1024
1010
1001
1013
1013
1014
1024
1019
1025
1024
1028
1022
1030
1030
1024
1026
1028
1036
1023
1015
1011
1008
1013
1021
1014
1036
1011
1013
1008
1016
1012
1031
1012
1003
1009
1009
1014
1019
1026
1021
1016
1009
1000
1006
1018
1022
1030
1022
1023
1018
1028
1030
1031
1046
1032
1023
1014
1019
1030
1033
1050
1036
1038
1044
1049
1045
1053
1063
1071
1072
1076
1058
1034
1045
1046
1036
1036
1048
1057
1046
1052
1034
1027
1047
1050
1034
1029
1029
1016
1032
1027
1035
1018
1036
1027
1019
1032
1014
1021
1017
1013
1029
1016
1012
997
994
1014
1023
1017
1025
1032
1030
1036
1034
1037
1028
1030
1020
1018
1033
1025
1037
1031
1039
1054
1051
1032
1043
1049
1028
1035
1027
1028
1049
1038
1018
1008
1004
997
1007
1008
1004
1012
995
1009
1009
1034
1018
1030
1007
1001
1014
1011
1025
1013
1017
1027
1014
1026
1021
1019
1034
1009
993
994
986
1009
1010
1001
994
997
1013
1025
1012
1011
996
998
1010
1008
1010
1029
1025
1041
1048
1044
1015
1009
1026
1025
1026
1035
1033
1022
1040
1046
1031
1030
1012
1017
1013
1008
988
995
1013
1020
1020
1002
1017
1022
1022
1009
1024
1023
1016
1040
1056
1056
1048
1056
1038
1025
1033
1026
1027
1022
1034
1038
1065
1077
1061
1056
1045
1058
1054
1048
1039
1028
1048
1050
1019
1023
1002
1002
981
986
995
1009
1019
1027
1022
1023
1025
1014
1007
1002
1020
1015
1020
1013
1023
1042
1013
1011
1014
1002
1019
1006
1027
1022
1003
1029
1028
1023
1025
1030
1024
1016
1026
1009
1024
1028
1021
1041
1009
1018
1006
1011
997
1012
1003
1006
1035
1041
1052
1045
1051
1054
1058
1052
1041
1035
1028
1036
1027
1031
1026
1031
1039
1030
1027
1023
1028
1025
1038
1024
1040
1041
1029
1018
1026
1030
1045
1053
1051
1044
1043
1048
1054
1041
1047
1052
1051
1066
1038
1044
1039
1042
1042
1024
1014
1028
1034
1020
1026
1025
1019
1025
1022
1015
1012
1019
1032
1026
1023
1024
1035
1023
1041
1036
1030
1016
1021
1029
1028
1027
1020
1021
1049
1044
1036
1049
1040
1048
1060
1063
1060
1051
1039
1047
1057
1049
1065
1047
1044
1041
1044
1044
1049
1040
1034
1037
1043
1015
1032
1035
1047
1045
1058
1068
1039
1048
1039
1033
1042
1042
1046
1055
1048
1034
1055
1035
1036
1024
1018
1030
1032
1016
1025
1017
1008
1028
1009
1023
1011
1015
1035
1042
1059
1054
1060
1058
1042
1070
1048
1055
1038
1048
1046
1038
1042
1049
1020
1022
1018
1037
1032
1026
1012
1024
1029
1030
1037
1013
1006
1009
998
1009
1017
1039
1028
1029
1038
1040
1030
1011
1040
1037
1038
1027
1023
1022
1020
1021
1014
1015
1021
1022
1020
998
1003
995
994
998
1009
999
1017
1000
1004
998
1012
998
1005
1000
1004
1010
1023
1006
1015
1021
1017
1009
1016
995
1000
986
977
1000
1010
1014
1020
991
1006
999
1020
1010
1013
989
1012
1023
1024
1012
1018
1030
1044
1032
1034
1022
1034
1019
1008
996
998
993
1002
996
1008
1018
1020
1020
1025
1019
1018
1009
1024
1007
1000
1009
1008
992
988
995
1004
1003
1015
1007
1006
1011
993
995
996
995
995
1003
1015
1027
1022
1017
1000
999
1022
994
1006
1004
990
1007
992
984
981
985
979
984
985
968
992
981
988
975
975
974
966
976
977
972
972
984
982
985
971
978
971
973
988
990
997
977
981
978
974
973
974
967
980
977
992
996
1018
997
1015
1008
1004
1003
1004
1006
1001
1007
1003
1013
1023
1014
1022
1022
1025
1023
1013
1012
991
1010
1015
1019
1002
1007
987
984
987
989
974
973
980
984
980
971
961
961
978
985
970
989
981
975
981
978
989
984
991
995
993
973
962
956
959
968
964
972
979
984
975
965
975
978
984
986
987
1000
992
1002
996
992
995
976
970
981
995
996
1000
982
982
980
981
986
989
989
995
982
987
974
991
977
975
983
997
977
985
1011
1005
1006
1007
1007
1002
1012
1000
986
1003
991
987
986
984
993
995
1008
987
996
984
1000
996
1011
996
997
1006
1007
1007
1004
987
983
990
975
965
970
962
969
976
990
985
976
977
973
969
960
979
971
972
971
968
975
966
985
992
987
990
998
988
1001
986
987
978
989
965
978
1002
994
977
985
987
985
979
977
982
988
989
984
962
965
987
992
989
991
997
997
993
1009
1006
1002
991
978
966
959
957
965
985
983
970
993
995
988
1006
997
997
1004
1008
999
994
1007
1009
1008
1007
1009
997
987
1000
981
984
1003
992
995
997
995
987
993
980
984
962
956
962
963
961
947
955
972
982
974
952
957
954
958
970
971
977
973
963
985
989
1010
1032
1023
1005
1000
1010
1010
1005
1005
1008
1007
987
982
973
983
988
990
981
974
974
992
989
995
978
979
1001
999
1010
1006
1010
1005
1011
992
985
998
1001
971
973
978
981
986
984
1001
998
989
1001
1000
1000
988
981
986
982
978
985
972
984
987
989
998
1002
992
990
971
977
979
997
975
979
988
984
995
995
974
983
969
974
985
991
967
981
988
977
990
978
979
967
969
980
971
969
974
983
974
986
956
972
965
980
978
983
996
994
988
978
989
983
994
964
974
978
971
971
977
968
967
971
962
971
970
967
961
989
992
975
949
963
986
993
994
1003
1024
1031
998
1009
1012
991
1013
1012
1002
980
977
978
971
991
976
965
972
962
974
957
959
999
988
985
979
988
1008
999
998
991
1000
994
985
1003
990
998
998
981
985
993
1015
1001
997
1011
997
997
994
997
992
988
994
985
997
987
977
980
973
978
990
1008
1012
1013
1001
970
971
1003
992
1000
997
990
981
997
1003
1000
992
998
1008
1018
1009
1016
1007
1004
988
998
984
986
974
963
971
974
955
960
972
982
982
982
970
985
980
978
990
988
978
969
978
1009
1007
1024
1030
1024
1005
1022
1023
1025
1003
1016
1005
1016
1009
1021
1011
1002
975
987
965
949
958
969
976
975
969
967
988
997
1003
1007
1019
1015
1005
996
1006
1007
993
986
977
985
990
989
982
985
989
988
976
960
965
976
985
982
1000
1000
1014
1010
1000
1004
1007
1014
1013
1014
996
990
992
984
989
1006
1023
1013
1011
991
987
983
989
992
1021
1001
1008
1010
1000
1006
1010
1007
1016
1005
1006
999
992
998
997
1001
977
987
992
983
973
997
985
974
978
975
961
970
966
990
980
974
989
985
975
978
983
989
990
999
1011
1005
1008
1012
996
1000
1004
995
1006
1009
1006
1011
1019
1026
1013
1007
1000
1006
1008
1001
997
1006
999
991
1002
997
996
991
988
975
965
954
968
947
955
947
952
961
973
975
974
962
977
974
981
989
985
971
976
986
980
996
984
997
984
978
967
964
979
993
981
985
989
980
964
974
974
973
982
989
999
1005
1011
1019
986
998
971
975
988
978
986
980
984
975
991
998
975
968
950
929
922
932
943
952
954
942
961
965
975
974
966
973
978
983
977
978
947
957
968
959
962
953
953
960
959
941
952
931
952
954
959
960
958
939
965
955
943
949
950
939
936
947
971
984
979
999
987
975
969
977
968
977
976
983
956
965
968
954
965
953
970
958
977
965
955
964
961
960
955
948
955
954
965
968
954
961
965
963
956
980
988
985
974
978
984
974
977
971
971
974
972
964
975
973
963
983
979
986
966
974
961
966
959
968
963
973
984
950
951
950
969
969
967
963
957
965
966
963
950
975
978
986
990
1003
987
975
976
968
957
957
955
955
955
942
941
957
952
964
973
968
984
991
979
982
974
989
985
963
971
953
956
961
961
975
975
978
980
991
983
990
984
979
998
976
974
983
981
978
988
977
975
981
959
969
962
968
958
956
970
971
979
972
967
964
977
942
971
972
975
962
961
963
970
978
983
978
988
994
966
950
950
963
977
963
986
966
990
981
980
990
981
992
974
975
968
956
962
953
963
969
996
999
977
975
969
980
977
975
975
981
968
984
957
955
956
974
956
960
957
963
973
951
950
954
946
962
986
971
969
967
969
964
954
970
976
989
972
972
965
948
950
977
982
978
977
960
948
945
965
937
951
950
958
959
949
969
971
965
963
970
973
989
960
965
955
959
981
959
969
981
967
959
973
972
970
947
950
959
969
974
967
973
976
984
978
972
985
960
955
963
952
971
973
967
961
952
951
955
958
969
960
955
956
949
967
953
939
952
949
948
966
959
974
977
970
959
979
964
962
958
958
953
981
953
946
947
946
955
967
964
966
960
949
934
956
960
968
950
953
947
946
943
962
956
954
956
955
955
963
963
955
954
947
952
935
952
945
953
963
974
974
962
963
960
975
980
990
1002
986
982
978
958
974
977
976
951
975
969
968
981
962
981
988
1001
987
1002
992
991
973
973
971
986
965
956
970
970
979
980
983
980
985
986
985
994
992
989
986
995
994
996
988
961
971
982
968
961
975
968
979
979
988
1002
1002
973
988
996
986
994
975
975
987
994
983
988
986
974
968
954
960
960
973
964
945
949
960
956
972
951
959
961
966
968
966
960
990
973
980
977
969
963
965
961
973
965
978
972
974
959
980
975
984
969
995
984
980
964
971
990
983
987
987
985
975
984
975
966
966
966
968
978
981
985
972
979
983
979
981
972
979
971
990
980
981
970
988
977
991
989
970
977
976
992
964
955
983
974
962
971
974
1000
975
993
985
981
978
978
992
972
972
969
976
970
968
967
984
976
997
989
990
985
976
970
985
975
971
993
986
982
972
967
978
981
982
969
982
968
965
960
968
968
969
945
932
933
929
934
908
938
946
947
941
954
960
972
964
972
982
972
964
981
977
980
969
969
966
966
945
971
975
954
965
964
978
978
985
983
985
1001
991
1003
990
964
971
954
953
948
939
949
969
954
936
944
964
958
963
959
973
969
966
975
976
973
980
967
974
978
974
958
964
960
972
981
975
965
971
953
958
991
984
966
988
984
984
974
968
969
967
969
980
988
984
993
987
982
1000
980
985
981
979
984
954
967
972
949
955
952
964
976
962
949
940
965
978
981
970
959
949
967
954
951
968
952
942
968
967
964
953
959
954
966
966
956
958
957
970
958
967
962
970
965
980
986
990
989
995
987
975
963
961
971
946
945
943
945
960
963
970
964
970
979
976
977
979
980
983
975
983
986
977
962
1003
997
995
980
976
961
980
966
952
969
969
968
967
950
956
946
965
962
951
959
952
977
973
956
962
951
961
958
954
967
960
971
976
954
967
947
953
953
955
955
954
964
952
954
968
959
946
954
977
973
963
972
969
962
955
957
951
946
966
968
974
953
966
966
955
944
961
954
957
945
954
961
959
950
951
972
967
961
981
992
985
967
978
967
983
964
969
980
978
971
970
968
961
958
970
969
958
947
959
947
945
946
966
952
952
971
949
956
953
954
954
964
969
980
986
992
984
1000
999
982
986
974
959
983
987
1002
998
984
978
959
979
967
972
977
970
966
968
983
979
976
959
947
962
965
952
978
986
967
962
980
969
955
942
945
946
943
953
962
927
949
954
957
956
943
938
940
927
922
946
950
959
942
961
968
965
983
985
989
984
980
966
963
958
960
971
958
953
928
944
947
921
935
937
947
940
964
948
964
961
956
959
931
942
953
951
942
943
962
954
951
963
958
950
948
950
955
941
936
937
935
949
950
953
945
952
947
951
920
948
934
913
938
924
928
929
928
923
926
936
935
929
946
957
963
958
959
965
950
944
942
949
957
982
970
962
958
976
962
970
964
966
968
956
949
939
941
944
941
939
941
976
964
959
968
974
983
984
961
982
975
977
973
1002
996
1002
979
964
959
952
956
956
946
965
960
960
957
946
966
937
948
944
938
942
928
929
934
944
937
959
953
947
943
944
950
956
950
961
947
945
943
940
920
953
949
937
933
957
958
941
950
962
963
957
950
937
940
955
960
967
961
970
963
992
981
976
991
966
974
972
965
963
956
970
971
964
958
940
953
954
940
961
962
961
959
955
964
970
967
985
975
958
967
979
973
984
981
982
977
969
972
961
965
962
959
963
963
972
971
986
993
975
980
976
969
975
989
988
983
974
967
960
946
952
961
964
976
970
959
963
961
959
978
960
965
965
963
967
966
960
955
958
973
970
972
979
982
999
998
994
972
976
972
970
954
963
971
974
950
940
935
934
950
938
926
948
957
955
956
955
953
949
960
961
965
955
954
963
970
960
958
964
966
947
959
972
971
978
988
993
988
979
965
999
995
983
993
964
955
973
967
965
959
964
969
959
972
972
971
972
960
952
943
936
959
956
953
966
967
948
950
943
939
954
948
938
950
951
951
966
963
959
968
953
945
948
963
969
970
969
975
966
966
958
949
942
952
937
949
945
945
945
952
950
933
933
924
921
952
972
974
968
961
960
945
938
953
925
935
911
918
945
933
941
945
971
959
956
946
951
956
956
977
973
946
954
941
958
946
933
919
946
939
948
955
957
960
954
951
953
942
948
936
933
931
929
936
938
978
974
963
969
967
942
954
961
950
970
983
962
954
964
967
960
947
938
944
962
959
944
967
976
959
980
969
953
966
993
986
969
982
973
964
942
966
968
956
951
925
941
954
955
947
954
968
940
942
965
963
957
971
944
952
955
949
954
938
949
942
949
945
950
944
942
931
936
928
925
928
943
951
946
960
964
951
946
952
948
942
956
960
969
947
932
947
962
953
942
949
970
963
970
966
955
960
945
982
978
970
978
971
981
978
974
952
945
948
949
952
938
936
934
941
946
942
954
962
961
938
942
953
951
934
946
936
926
925
929
933
942
959
980
959
969
978
976
981
969
961
963
966
961
958
970
957
946
962
962
961
960
955
932
933
953
943
951
949
936
968
941
934
927
929
926
921
957
946
955
962
968
946
943
942
943
959
944
960
952
969
976
974
954
953
947
956
975
957
955
945
962
965
945
945
951
951
951
968
944
937
944
939
936
923
944
938
929
945
965
955
963
965
978
975
970
969
963
963
963
948
938
941
942
955
965
973
986
993
990
965
965
963
976
972
970
977
975
960
955
948
950
969
965
978
971
972
974
972
972
970
981
973
972
967
970
980
988
976
971
986
970
955
965
958
947
943
946
958
966
954
943
941
941
931
933
940
959
947
958
953
947
949
952
958
960
947
934
946
967
949
955
958
967
953
964
942
944
939
941
962
973
963
961
953
956
950
936
937
943
945
956
950
945
954
952
953
938
938
938
934
926
923
913
949
937
960
943
935
928
935
946
944
943
952
935
955
960
977
949
938
953
944
925
935
937
927
941
954
959
949
947
955
941
932
948
939
940
946
948
957
937
937
947
935
943
937
941
934
936
939
949
963
958
950
964
951
943
941
950
957
960
955
968
970
964
965
942
948
947
937
968
954
960
952
947
949
976
961
965
942
951
956
966
954
935
952
968
960
961
963
964
966
964
961
959
971
960
964
941
954
939
942
938
958
941
920
930
943
945
940
939
942
952
941
948
941
958
943
938
933
952
943
943
942
953
953
956
957
946
952
931
939
931
936
929
939
923
937
940
941
909
918
908
917
912
900
901
916
916
922
926
925
944
936
934
939
923
931
943
945
939
938
937
933
933
908
911
917
914
916
924
934
933
946
944
922
929
923
913
915
915
946
944
934
941
924
929
944
925
926
912
910
914
923
911
925
924
925
935
916
930
944
948
936
952
948
940
933
917
912
917
913
931
929
927
915
921
917
940
937
937
941
946
951
940
926
933
940
923
926
930
926
921
914
918
909
900
910
907
902
924
910
900
922
921
914
926
915
907
891
901
914
896
897
889
904
905
904
902
922
909
909
919
911
901
909
905
897
900
899
891
886
870
887
870
886
881
875
895
898
901
895
914
921
916
921
931
931
921
914
914
928
932
916
912
923
926
905
918
898
892
880
897
895
884
898
905
892
915
909
906
893
899
898
908
895
894
893
916
903
904
918
917
923
912
908
899
918
929
898
888
877
899
911
916
909
886
895
904
897
917
910
890
903
910
910
905
922
911
922
912
904
888
897
903
899
919
919
921
904
895
904
904
898
912
889
911
906
910
916
907
910
908
920
917
919
915
925
927
908
908
920
929
915
902
898
902
899
896
892
889
903
918
917
908
905
907
902
913
912
913
935
921
920
933
917
918
894
881
885
890
888
902
914
912
916
932
931
921
929
933
920
911
905
897
896
897
906
921
910
920
926
905
910
915
922
922
904
918
914
914
923
917
894
902
900
908
915
913
917
915
904
911
899
910
915
917
923
907
912
934
928
932
931
925
933
920
912
920
907
922
916
913
903
907
894
901
914
895
892
902
888
891
912
916
919
901
899
889
901
900
909
916
893
889
887
894
886
900
881
890
903
911
895
897
914
899
900
900
894
908
901
887
883
894
883
905
894
900
902
912
906
904
913
922
934
923
906
925
906
903
920
922
925
907
902
903
887
871
859
864
866
863
876
893
883
895
910
920
917
915
915
918
920
906
909
910
922
901
907
913
921
922
907
892
900
910
925
923
909
928
922
904
918
913
906
919
916
893
910
896
891
889
904
922
909
902
909
904
896
921
907
912
896
896
897
898
875
874
893
888
879
879
884
902
883
892
893
883
903
910
910
916
921
924
917
913
904
905
906
927
921
918
915
912
910
914
908
910
908
902
887
907
913
912
895
905
906
907
899
890
912
917
912
913
912
924
908
919
911
919
908
927
919
923
919
919
920
918
912
923
917
914
928
924
917
921
922
905
905
907
909
909
920
922
919
907
907
885
878
882
905
916
901
890
893
896
904
901
909
898
889
883
908
889
885
890
900
902
894
882
878
890
912
887
897
909
895
899
904
893
890
919
890
903
905
888
905
911
901
898
897
919
912
917
893
894
903
903
912
896
911
901
904
912
909
909
908
895
905
908
908
897
898
913
915
907
914
904
898
907
922
899
910
897
907
912
915
884
895
889
902
883
891
892
898
885
897
899
891
887
874
902
888
886
874
878
893
892
914
909
925
928
929
936
944
937
937
914
926
926
916
913
919
919
913
901
918
918
901
907
892
899
880
899
906
917
923
916
916
904
914
927
921
912
918
902
898
899
894
902
901
903
903
907
897
889
885
876
893
889
909
911
900
910
908
913
924
909
902
897
890
898
901
904
915
925
934
938
928
912
903
904
904
900
893
908
886
893
886
890
880
885
882
872
878
859
879
897
898
907
907
916
908
920
919
900
908
924
892
893
900
883
880
903
899
899
895
898
886
903
896
888
892
897
899
897
892
868
895
894
905
915
902
891
874
872
879
879
886
884
880
887
871
872
893
894
916
908
906
928
919
916
931
912
912
915
905
904
901
916
912
917
925
926
914
923
903
893
901
920
914
907
902
903
904
914
891
903
896
905
904
895
905
906
890
918
926
921
919
906
909
901
890
888
903
895
891
889
887
879
888
900
880
885
890
881
886
875
892
913
904
918
919
929
915
918
933
925
911
902
893
896
899
904
900
890
879
887
885
888
897
899
890
905
897
901
902
896
890
900
904
904
890
910
915
914
918
908
909
912
922
919
916
904
912
903
909
907
910
919
917
906
918
905
910
904
918
912
901
905
907
910
925
927
913
908
924
922
911
929
916
898
909
915
913
901
903
903
900
907
905
906
905
910
909
909
919
914
926
910
890
883
901
903
913
898
896
903
891
898
915
904
919
916
912
902
893
895
873
875
900
874
880
890
887
895
904
910
905
897
904
913
916
915
909
914
905
908
899
899
877
889
885
893
878
891
887
909
902
897
900
901
910
910
911
889
907
897
907
909
894
889
888
893
885
888
907
917
914
947
933
922
920
925
913
913
922
913
927
918
909
923
911
904
910
906
922
921
916
914
917
918
914
909
916
907
883
886
884
898
894
899
910
910
911
904
903
901
883
893
897
887
899
909
907
914
907
905
901
892
874
882
896
898
900
907
914
885
866
875
880
888
898
894
889
870
876
891
891
881
872
879
881
897
904
901
904
892
890
887
889
905
912
905
903
904
911
893
902
904
884
898
901
897
891
909
899
902
890
895
892
908
898
893
899
904
908
881
889
884
886
881
875
876
880
885
891
903
895
922
893
897
916
915
912
906
917
897
905
898
914
900
886
902
898
891
906
892
913
911
911
927
920
924
912
923
912
905
898
917
891
902
911
903
896
907
920
916
906
913
925
916
917
918
914
932
927
938
944
933
910
912
915
907
904
900
886
894
904
903
899
896
912
923
917
899
931
925
926
930
934
914
917
905
911
903
895
899
914
912
903
880
907
894
904
889
915
907
896
894
900
890
889
894
889
886
892
900
903
886
887
909
901
903
908
910
911
918
908
929
937
929
920
924
917
924
907
910
909
904
908
905
892
894
894
887
894
906
910
901
902
897
901
920
920
911
903
906
920
929
918
913
906
916
916
920
925
905
896
915
922
916
934
903
904
910
903
907
895
898
913
917
916
929
908
909
905
896
896
898
901
891
888
878
889
900
904
918
914
914
911
925
933
914
905
908
891
886
897
896
884
909
900
904
912
921
918
919
928
923
923
921
927
926
917
921
928
927
932
938
930
920
897
891
886
883
884
890
876
897
892
883
885
891
899
892
888
891
877
893
891
879
888
884
872
883
880
888
896
891
902
904
896
895
901
905
909
918
920
919
897
910
901
914
905
895
899
902
895
896
918
917
915
915
904
907
900
902
904
911
916
918
914
923
908
920
905
899
907
883
889
888
878
877
891
898
908
892
901
901
896
897
895
893
904
900
886
892
891
909
890
892
888
888
901
888
899
897
889
886
901
893
891
907
907
911
912
917
914
922
924
902
909
919
919
912
907
923
913
905
902
893
906
908
903
904
894
897
914
942
919
924
925
923
920
914
898
897
891
891
891
894
889
908
915
901
913
911
927
931
930
916
907
891
885
890
882
893
878
886
888
892
884
862
872
871
872
878
876
883
875
885
886
871
876
852
858
871
869
883
891
896
906
901
901
896
893
911
901
900
890
907
913
903
898
906
894
897
894
894
886
896
909
902
884
899
909
912
912
918
912
914
905
890
900
890
886
899
902
892
887
882
888
893
890
889
882
869
881
902
905
899
900
909
892
881
882
885
898
907
901
892
905
901
918
900
913
918
926
921
908
904
894
893
888
886
911
923
929
930
931
904
909
909
907
904
914
906
909
909
906
903
910
911
928
924
897
906
905
898
883
901
895
895
903
919
915
911
908
913
908
895
891
884
883
906
906
903
892
910
897
903
919
908
917
920
917
901
918
895
893
908
891
891
887
882
882
878
894
884
902
897
882
882
884
886
888
908
919
917
907
907
894
904
905
893
912
893
910
914
908
911
897
913
907
912
903
892
902
882
871
891
887
889
889
904
903
906
902
906
906
906
915
928
917
908
916
932
934
939
921
926
931
914
898
910
898
902
906
892
896
919
908
900
893
900
907
899
892
891
895
889
881
885
866
870
878
877
891
872
874
892
902
893
893
893
896
876
892
886
905
887
888
891
893
885
880
877
880
886
874
878
876
873
874
884
890
900
893
883
886
888
894
907
911
905
886
901
890
894
902
886
902
908
897
905
901
889
884
872
888
889
871
873
883
887
874
862
874
874
868
861
875
870
863
878
876
870
877
871
879
897
890
885
877
871
876
864
860
859
849
852
850
870
870
876
870
879
884
873
883
876
867
843
845
841
848
865
838
840
840
845
843
840
848
841
854
880
869
873
861
862
879
864
859
856
860
871
875
870
852
866
858
852
869
859
856
842
852
860
859
861
857
859
866
870
869
859
876
867
867
854
851
854
854
860
863
859
872
868
886
881
867
880
890
895
893
886
878
889
876
867
877
886
873
901
897
892
883
874
893
896
897
875
903
898
906
884
889
891
894
887
881
885
879
882
871
871
848
870
863
860
846
851
869
855
876
868
862
860
863
868
866
857
871
873
849
858
854
863
866
872
863
874
878
885
882
875
870
882
861
866
862
870
877
892
886
882
883
878
890
877
870
868
861
867
874
881
874
863
868
869
872
848
829
841
835
843
847
853
848
863
862
870
872
880
884
876
858
852
847
876
891
880
891
857
883
867
859
869
872
863
869
881
869
874
872
891
870
868
880
869
873
875
868
860
858
864
850
842
858
857
860
874
881
893
874
877
877
891
882
875
863
868
868
856
882
876
860
856
868
876
870
877
877
868
881
890
894
896
893
875
890
876
884
882
889
875
869
870
864
866
891
874
865
868
897
892
885
897
895
900
896
898
895
875
863
869
885
880
873
881
881
872
882
850
856
846
852
856
854
854
862
862
874
883
883
878
893
898
892
891
887
893
889
887
893
888
884
895
881
875
876
876
883
871
857
878
875
877
882
882
890
892
894
897
880
883
894
888
876
891
889
894
905
896
889
887
894
884
885
890
872
893
862
856
855
871
864
869
864
880
863
869
872
867
860
867
873
864
870
870
863
861
874
878
872
872
868
866
868
870
871
872
867
870
864
861
870
869
867
870
872
863
863
869
890
888
878
877
862
877
870
878
870
878
866
871
884
891
880
890
898
904
891
886
898
886
898
879
877
883
870
882
852
861
867
863
858
862
877
880
863
872
863
849
855
872
874
866
862
866
863
879
881
875
878
850
876
864
882
875
891
873
866
858
852
836
841
861
861
861
868
872
891
890
898
891
877
881
876
873
880
875
885
888
887
884
890
876
865
883
887
866
877
875
873
868
864
876
871
862
874
894
895
890
894
881
878
870
854
875
886
887
886
877
883
874
875
876
870
875
876
869
872
871
870
888
881
890
900
885
884
882
876
877
870
862
863
880
866
873
872
865
866
862
861
872
870
862
871
856
857
863
856
880
861
857
841
864
872
876
875
876
872
867
862
879
882
862
878
874
866
864
858
870
864
868
868
878
876
880
881
876
863
864
874
869
888
880
882
882
875
881
883
871
863
881
871
882
891
888
884
882
885
880
865
886
865
881
874
867
869
855
861
869
882
871
872
881
894
886
887
890
878
888
892
875
892
892
897
877
884
879
882
881
879
876
859
861
864
860
859
851
858
880
872
877
860
863
863
860
852
864
851
858
858
865
872
866
856
858
867
859
864
849
850
840
839
836
831
837
836
831
845
853
846
858
834
844
843
832
843
847
873
855
852
842
865
864
875
863
868
854
865
879
865
864
877
887
897
874
884
857
859
878
872
889
891
903
901
893
880
887
882
888
874
871
892
873
875
876
885
881
886
882
887
884
870
866
865
861
877
888
894
883
879
878
885
877
861
867
870
865
865
850
845
859
851
864
859
850
854
853
845
838
855
862
861
852
856
865
878
870
864
854
856
876
868
883
872
875
863
836
854
856
845
861
853
834
845
851
846
841
838
830
858
850
853
867
853
866
876
863
874
876
868
873
854
861
880
874
871
863
878
878
870
893
879
885
886
885
890
872
875
867
864
875
860
857
865
851
875
873
868
861
847
858
854
874
865
875
835
840
838
857
862
874
870
863
871
884
875
876
879
862
870
867
838
838
846
859
833
844
835
850
848
852
874
866
866
870
856
886
875
897
883
868
870
847
872
870
863
862
853
846
841
839
844
850
858
882
878
871
873
880
877
887
892
872
885
865
863
888
891
889
876
875
879
880
876
873
862
852
866
855
851
868
870
871
869
866
874
857
847
860
865
864
852
853
853
864
859
848
863
863
863
862
865
869
878
877
875
867
879
874
879
871
876
878
879
885
885
882
888
885
871
871
878
869
851
852
865
873
859
865
858
866
849
865
875
879
868
874
866
847
858
849
844
857
846
860
856
876
874
857
841
819
828
837
854
869
876
863
847
868
853
858
864
852
850
856
857
835
850
853
854
846
856
847
860
861
867
865
865
862
863
857
851
859
855
847
853
843
848
858
867
865
849
852
867
858
860
847
851
865
854
837
841
851
858
875
861
872
870
874
858
857
870
866
870
867
859
868
853
876
869
865
866
856
863
867
879
864
865
863
882
880
880
869
884
865
871
863
874
878
867
872
873
864
833
853
861
854
847
865
879
882
867
872
871
877
886
889
880
886
874
858
855
850
854
878
861
882
854
858
858
854
820
828
846
857
861
847
842
825
851
858
868
871
859
858
866
876
876
874
886
880
887
877
852
837
836
847
849
853
829
834
853
850
863
872
866
866
859
850
849
841
844
856
858
857
859
850
840
855
854
851
853
854
854
850
843
851
832
822
852
838
831
840
854
845
821
819
821
840
850
856
827
845
855
866
842
841
828
816
822
831
842
854
837
850
850
822
838
829
832
828
825
835
832
838
843
832
837
844
848
835
850
861
851
852
840
822
835
834
837
831
846
832
837
841
846
834
835
828
830
836
825
830
830
816
813
821
854
845
825
822
824
817
821
827
815
842
839
860
847
841
836
852
857
858
839
846
825
848
848
848
837
851
843
834
850
840
851
847
842
828
829
835
832
832
836
833
833
835
827
837
844
841
839
828
844
830
841
827
814
817
822
839
845
845
842
841
840
834
843
856
856
854
840
844
853
840
849
859
853
834
838
836
841
855
864
858
861
863
859
873
862
864
863
852
840
824
828
832
822
817
821
808
827
827
832
824
832
840
841
832
851
855
849
852
855
850
863
850
833
845
822
832
826
814
818
815
824
837
848
842
826
839
827
814
827
833
835
837
842
838
834
843
843
836
854
849
847
854
855
850
848
855
842
845
854
845
848
846
837
836
812
828
824
830
839
829
847
852
855
861
858
844
863
844
849
841
823
841
837
855
855
840
840
837
841
852
850
847
849
857
843
844
836
828
837
864
849
842
842
852
854
846
834
841
845
849
844
843
836
829
832
849
842
839
849
851
846
859
851
834
839
844
838
842
851
855
846
851
846
849
834
838
838
835
846
849
840
854
840
836
837
838
841
837
832
840
832
828
825
843
828
821
835
835
839
834
834
828
818
829
816
828
838
839
843
835
822
834
842
840
838
831
836
838
838
849
858
841
852
837
838
838
828
844
839
840
826
829
827
828
842
835
846
850
849
836
861
834
842
822
829
833
820
824
830
815
812
820
844
845
833
852
851
844
850
852
842
843
834
832
810
807
815
815
813
809
803
809
807
804
804
816
809
833
839
846
848
846
838
857
857
868
866
856
844
841
843
851
851
840
850
837
838
841
835
842
845
843
828
827
833
832
840
844
826
824
838
851
842
836
835
824
820
821
839
836
830
831
829
835
835
852
845
847
845
846
839
835
840
840
842
857
850
853
838
829
846
854
843
841
841
854
865
841
830
838
841
846
843
835
828
821
809
807
814
805
823
833
830
845
842
838
849
846
856
850
833
829
826
836
825
842
831
829
823
825
840
832
826
834
846
840
826
844
846
847
848
834
841
834
838
825
823
838
819
829
827
810
819
847
847
841
850
846
859
831
829
833
845
821
833
841
843
835
848
848
843
863
850
857
854
849
839
843
840
845
847
853
855
844
825
830
818
830
823
834
831
832
846
836
846
849
843
842
852
846
860
847
845
854
854
858
856
841
854
849
854
861
860
852
865
857
860
868
854
844
825
844
844
849
870
855
863
863
853
851
843
851
847
840
849
842
845
858
852
849
856
846
848
848
834
830
833
848
858
839
838
829
849
838
832
826
830
815
832
823
818
833
827
836
828
824
825
824
829
831
844
837
835
844
842
828
819
838
846
842
857
869
860
842
832
849
838
842
843
846
844
851
832
850
832
826
832
847
835
829
827
834
843
846
848
830
838
832
841
848
854
844
852
855
854
825
849
845
837
818
833
827
824
832
835
850
837
836
825
836
845
842
837
838
819
814
824
836
840
842
839
826
827
824
810
827
806
825
814
821
816
804
817
792
790
802
800
795
799
813
818
792
821
825
817
814
817
823
820
822
824
833
835
845
838
845
846
851
851
858
872
855
852
851
846
847
840
840
840
829
825
819
811
824
832
813
834
830
831
823
830
841
832
826
828
821
833
839
846
819
833
830
814
828
853
832
824
834
819
808
827
826
810
821
821
835
845
854
853
845
826
830
829
842
828
836
812
804
809
820
836
830
832
816
842
832
832
832
834
855
852
830
845
842
821
830
828
833
832
825
837
831
838
826
821
825
817
803
805
793
802
812
804
810
805
816
805
811
815
821
839
834
814
835
845
842
836
833
839
835
831
832
834
834
847
845
862
849
851
845
817
843
848
856
855
852
842
842
842
851
849
841
830
855
853
845
861
864
867
864
853
846
823
817
830
827
832
836
834
839
824
834
841
840
862
836
844
831
827
820
820
831
843
843
857
838
840
843
842
839
849
840
832
845
827
830
838
827
831
855
855
837
828
811
818
808
810
826
818
822
842
828
819
826
825
842
845
837
852
852
850
845
842
842
843
834
828
831
852
832
826
830
850
851
846
848
831
828
838
834
834
834
833
828
824
835
829
838
826
821
817
813
806
805
825
821
816
824
825
821
811
836
831
841
861
849
843
847
829
825
820
824
824
825
824
825
822
827
835
848
839
837
850
849
849
841
851
849
833
847
847
867
860
842
836
852
838
839
833
858
837
846
862
846
844
835
833
831
820
845
845
837
831
825
830
830
830
821
833
838
847
848
843
831
844
837
834
829
839
840
822
822
843
837
834
829
833
840
838
820
839
829
825
828
822
829
825
815
828
846
835
844
850
840
839
844
845
845
841
844
859
839
839
835
835
829
832
825
833
817
826
818
820
845
853
863
853
845
851
847
835
851
856
862
846
840
857
836
847
834
821
826
837
830
830
833
825
821
837
819
832
848
857
851
855
854
848
869
862
844
834
828
813
821
820
835
841
831
827
821
826
826
838
835
849
838
834
834
818
829
830
836
837
830
826
830
834
836
832
833
828
824
832
810
825
817
822
809
798
825
817
818
817
821
820
814
842
839
871
869
864
866
859
853
848
854
850
862
861
850
829
840
840
835
822
832
836
830
841
833
832
830
833
830
843
829
834
844
861
850
856
833
829
828
816
822
846
828
828
821
830
829
831
847
844
841
837
838
845
848
848
833
838
838
828
833
829
831
846
860
840
843
841
842
851
836
850
840
831
839
846
841
851
843
840
838
836
841
839
845
847
838
841
836
846
824
826
830
828
810
829
816
835
830
821
835
841
830
818
837
847
828
828
837
835
816
823
804
810
800
818
803
816
812
810
812
835
820
832
824
820
825
822
823
833
826
829
833
848
851
854
855
861
862
855
852
853
852
850
852
858
846
867
870
854
849
850
847
838
832
845
851
839
837
837
823
819
821
835
833
829
821
834
822
837
832
835
847
831
833
823
828
835
838
836
836
840
849
856
846
836
847
849
848
852
837
837
845
845
841
843
842
841
842
838
842
840
826
822
794
816
809
827
816
818
831
832
841
841
852
845
848
848
850
839
852
849
848
851
846
856
851
866
844
847
838
840
841
856
861
845
847
842
862
845
859
859
852
856
838
843
853
839
848
851
856
860
857
851
855
854
843
844
844
843
845
853
839
853
852
848
849
856
851
849
848
824
824
823
812
815
812
808
826
834
844
823
821
805
826
829
831
829
821
817
818
837
839
841
841
839
840
852
842
825
843
829
832
848
846
851
836
824
840
839
862
862
861
859
865
847
842
858
873
876
867
873
870
854
846
857
857
856
861
843
839
832
821
845
845
843
846
819
832
810
816
826
841
832
828
832
838
853
870
872
866
861
859
851
841
853
859
864
874
865
861
876
867
857
859
850
842
840
852
857
846
853
852
859
850
861
855
862
843
840
845
837
841
852
861
867
869
847
844
833
849
855
855
841
843
841
846
852
847
861
863
870
855
844
850
840
825
824
837
818
819
813
820
809
815
823
820
830
836
838
837
841
842
836
847
829
844
841
834
817
823
831
836
846
849
842
840
849
843
845
844
851
839
851
853
858
840
838
835
820
822
825
824
838
827
832
833
836
814
811
836
856
829
827
825
829
842
817
828
818
823
842
841
835
861
841
828
835
822
833
823
827
826
816
811
835
837
837
832
833
830
804
820
838
847
858
878
867
850
861
853
863
864
862
851
847
861
843
850
854
840
849
838
841
829
843
842
840
841
836
835
826
834
829
833
830
829
837
851
839
843
842
849
831
820
836
831
814
826
846
839
843
845
827
871
856
844
845
855
851
846
841
842
836
846
842
832
824
826
831
827
825
813
812
815
836
849
847
860
850
847
848
848
843
841
833
840
847
846
831
830
847
842
843
851
844
847
860
855
844
833
841
847
842
839
843
848
833
863
862
862
852
842
857
837
840
811
810
823
806
829
823
829
827
831
818
827
827
820
829
829
835
830
833
846
847
836
850
848
864
859
864
860
864
858
857
847
838
859
852
853
841
856
857
858
860
856
862
852
847
864
860
857
858
846
841
833
822
832
848
835
821
818
832
827
851
846
851
855
850
849
849
854
834
831
837
845
865
860
837
851
841
815
819
836
831
846
846
843
844
850
839
846
837
821
813
811
817
819
820
831
824
833
831
841
825
825
834
840
843
838
853
843
847
844
843
842
838
844
853
837
845
849
834
852
843
838
837
838
843
834
829
833
827
825
828
844
828
832
842
822
836
838
819
845
839
846
835
827
830
826
841
844
833
840
832
830
844
836
825
844
833
827
838
833
832
852
848
831
843
841
831
827
833
832
843
833
838
840
831
830
824
823
814
825
820
834
844
859
857
853
860
852
855
859
851
836
851
849
832
830
853
848
860
865
855
851
851
835
857
847
853
821
841
839
847
835
837
826
840
827
846
845
855
863
862
835
821
830
824
835
853
827
833
838
834
839
855
849
859
858
845
851
867
855
848
843
847
853
834
817
829
831
834
827
847
838
858
842
838
848
832
844
840
850
831
840
817
822
824
805
818
823
821
817
823
834
825
830
819
832
823
835
833
844
825
827
831
828
832
843
834
833
820
831
841
834
842
832
839
860
850
844
844
833
839
838
835
832
838
847
837
842
838
838
834
833
819
822
834
821
819
826
814
817
822
837
839
826
838
845
839
829
836
842
831
838
824
844
822
811
810
815
830
828
837
830
833
854
855
845
853
842
847
844
852
863
867
877
869
885
867
859
854
866
856
847
848
850
851
828
841
836
842
835
837
841
844
831
831
833
806
826
829
829
835
834
827
828
838
845
859
850
847
854
833
825
817
828
824
830
826
811
818
832
831
848
834
841
834
844
843
871
860
857
847
834
850
865
855
861
851
848
844
844
842
836
825
834
848
841
852
854
849
843
853
859
861
865
849
842
853
864
846
847
838
827
822
819
816
825
846
860
847
830
840
832
844
834
833
820
840
833
833
841
846
841
836
822
825
833
824
831
815
835
828
816
828
830
851
838
847
855
843
837
820
825
816
828
831
831
837
829
835
820
848
843
842
844
830
851
840
849
848
864
852
855
847
840
861
849
859
849
852
849
855
843
838
858
844
841
846
847
849
848
868
869
862
858
860
859
853
842
841
827
822
836
834
829
829
844
843
836
822
832
828
830
850
831
829
829
830
830
825
831
829
840
826
829
823
833
827
834
836
840
834
814
826
830
832
831
825
837
824
828
819
840
846
844
844
837
853
858
845
824
853
845
833
848
841
842
846
836
830
843
841
834
840
840
841
841
845
836
828
842
837
823
830
818
837
829
829
818
804
825
826
837
859
839
844
836
842
836
834
836
828
842
830
828
830
831
842
826
820
801
798
812
838
820
832
835
852
842
833
829
832
829
839
845
837
828
822
830
827
842
852
843
863
847
840
848
845
840
843
849
834
835
839
856
849
856
849
847
856
868
856
852
835
833
837
838
849
847
850
844
848
830
856
860
839
831
844
824
854
830
850
829
840
850
852
859
869
853
847
835
847
842
841
820
819
814
827
806
817
807
817
812
804
813
832
809
824
834
824
822
823
833
821
826
848
856
843
847
837
836
831
834
838
836
838
837
820
826
843
842
848
838
831
828
841
841
858
842
861
853
873
870
856
844
857
853
859
865
843
831
829
840
842
833
830
828
836
841
839
839
837
817
850
848
826
824
819
814
836
827
826
850
837
831
842
857
836
831
832
836
838
832
818
824
829
816
815
809
819
823
834
833
835
850
846
848
855
834
850
842
837
830
824
832
839
858
845
851
847
848
847
853
844
850
849
851
844
848
864
846
827
847
840
841
838
829
820
827
836
850
853
851
857
853
835
849
839
835
834
839
839
844
856
840
847
846
858
836
839
832
834
823
839
853
859
831
830
817
831
835
815
824
825
839
831
835
846
839
845
840
860
855
837
845
851
851
864
855
856
840
841
831
849
852
846
836
854
847
833
842
853
851
820
826
825
846
851
841
848
842
833
837
830
839
842
835
843
846
836
848
856
866
853
857
844
842
845
837
844
852
844
841
835
826
813
829
834
835
853
855
846
842
841
846
846
849
838
844
841
833
844
841
825
829
839
841
835
844
836
854
854
845
840
854
827
833
834
837
827
826
817
818
833
836
841
839
841
829
826
845
838
839
843
856
847
845
842
827
831
828
828
809
791
818
815
823
821
819
828
827
832
834
836
840
828
840
841
848
854
858
854
845
840
840
834
832
832
844
850
843
850
844
843
849
846
847
852
860
856
852
850
865
867
857
835
843
845
833
834
836
845
846
840
855
872
847
861
843
844
848
837
848
847
846
834
819
821
822
