822
803
824
834
836
821
815
827
817
823
825
816
813
804
806
798
797
804
794
800
794
785
773
782
773
784
780
791
785
784
764
752
748
765
790
776
784
777
766
780
777
770
765
781
775
783
778
808
792
811
789
804
795
788
801
788
784
774
780
788
789
777
767
786
790
797
780
777
781
796
793
799
810
805
784
798
793
804
806
795
807
811
796
790
802
794
788
788
787
794
816
812
796
805
791
775
788
778
794
797
786
790
795
791
786
786
771
774
780
786
797
783
802
788
783
788
781
773
764
763
770
766
774
775
782
774
800
792
795
800
807
798
808
808
801
797
810
808
796
799
782
792
800
788
783
791
808
802
798
795
789
789
793
777
776
793
790
799
803
793
805
809
803
791
778
786
790
770
783
787
775
777
777
787
775
760
768
764
781
795
786
794
783
800
798
792
792
772
785
782
776
794
785
794
805
797
795
791
797
809
818
810
809
795
798
790
802
791
803
792
795
801
799
818
806
822
802
800
801
797
791
797
809
792
799
803
803
801
780
773
782
807
800
791
771
790
774
784
779
805
798
800
814
788
808
810
802
796
796
805
800
784
763
756
781
784
775
770
766
768
753
758
756
765
776
772
767
765
772
782
787
777
758
781
790
803
797
820
815
806
798
790
792
789
797
794
804
813
789
788
788
784
798
796
801
777
767
779
786
779
789
802
799
809
813
798
796
785
798
801
786
798
783
797
796
788
798
794
805
804
822
800
818
804
808
810
806
785
792
809
767
795
773
783
784
796
802
799
777
795
801
791
790
790
775
793
781
789
781
766
779
762
770
766
768
753
781
770
788
805
795
790
806
786
779
785
803
806
801
794
798
778
787
772
780
784
791
803
795
799
792
798
777
778
776
782
786
774
772
781
773
775
778
790
791
781
774
770
773
784
791
802
795
785
793
803
794
789
783
791
795
794
797
793
779
777
787
782
814
801
808
802
796
805
802
808
802
786
818
816
788
793
790
793
808
799
796
771
788
786
786
785
785
795
791
780
794
801
786
791
777
795
791
782
784
770
762
761
782
775
759
779
775
786
794
793
784
762
778
780
805
788
783
770
773
776
781
768
778
780
786
773
773
780
771
769
752
778
779
765
759
769
764
764
758
773
764
781
795
802
795
773
768
779
783
779
779
778
781
787
789
790
785
797
796
799
803
799
797
788
795
776
785
799
794
802
814
800
784
772
779
787
788
778
770
769
756
763
766
778
791
776
788
781
754
768
757
782
766
774
781
788
790
777
769
786
778
768
777
790
798
791
791
795
793
800
799
789
773
781
779
787
788
785
773
800
787
786
790
788
784
792
780
791
799
800
798
790
786
784
766
757
751
755
754
759
740
758
770
763
764
765
772
789
773
772
756
765
754
752
747
744
733
737
730
728
747
738
759
761
755
768
754
767
768
764
762
761
768
780
775
776
766
752
769
759
765
775
772
754
760
762
750
747
761
745
750
752
752
749
737
744
752
763
772
777
769
777
781
775
780
781
788
788
786
780
774
780
788
778
789
778
772
777
778
784
783
759
779
770
777
791
797
781
791
782
769
785
777
768
767
780
788
768
789
781
781
790
782
764
759
763
751
770
759
755
755
760
748
756
757
765
756
756
743
758
739
756
757
730
758
760
769
767
765
765
764
777
762
770
761
763
760
769
751
756
762
765
763
763
764
766
767
761
777
781
781
783
794
785
754
788
786
775
768
747
766
753
761
752
759
764
777
755
751
753
745
735
755
750
752
740
744
764
763
745
753
738
743
746
772
770
768
773
784
775
776
778
789
780
772
774
776
783
782
777
764
752
756
738
735
748
734
729
734
741
737
740
746
743
757
739
766
771
765
759
769
751
755
772
777
767
764
780
768
763
768
780
774
761
766
772
769
785
769
766
766
771
777
772
770
783
783
766
756
778
780
777
773
794
772
765
774
771
763
769
774
774
782
794
782
773
778
763
773
786
795
792
788
787
788
794
795
787
787
788
786
780
765
772
785
786
778
795
785
773
768
770
777
780
789
770
780
779
786
793
795
793
809
794
762
766
784
790
765
773
776
770
775
772
759
753
750
756
744
751
745
716
737
737
740
751
747
760
757
759
758
757
761
763
771
760
751
755
751
766
753
758
770
753
743
744
737
742
750
750
760
755
738
754
748
744
753
755
748
747
744
752
757
758
755
754
768
767
763
760
770
757
769
760
760
756
761
766
752
761
744
743
753
761
759
763
771
774
796
790
774
780
786
781
781
799
791
796
784
798
771
776
785
794
777
782
773
778
758
760
753
758
767
764
742
740
755
775
778
789
784
785
784
773
776
783
783
763
771
777
778
785
774
757
762
762
753
757
767
757
757
758
764
767
746
754
749
729
737
726
755
759
757
763
769
761
762
759
746
733
734
737
736
729
738
742
753
757
755
756
738
760
761
765
750
761
759
757
761
744
748
731
748
749
756
761
757
770
761
776
768
773
790
771
784
775
761
769
770
768
767
761
756
759
775
768
771
782
764
761
740
747
753
767
770
775
767
767
766
773
765
764
775
765
757
769
756
759
765
772
755
761
753
759
764
777
781
766
775
767
779
779
771
786
776
782
778
780
764
771
756
779
776
779
773
781
768
782
780
779
788
780
775
773
756
768
774
773
774
779
785
795
778
775
775
770
767
769
763
771
750
763
784
776
767
774
761
760
754
750
753
763
757
758
761
746
769
764
777
771
754
751
755
765
766
757
750
743
740
753
738
752
755
763
754
746
761
766
774
775
756
762
760
768
773
791
794
779
769
772
765
749
747
765
758
751
753
763
760
757
761
741
760
769
763
754
738
745
731
732
749
738
736
737
733
736
729
739
722
706
720
720
735
735
739
744
744
738
734
732
743
726
719
735
736
733
742
746
730
725
717
712
710
738
745
749
725
723
741
738
735
736
751
750
753
750
744
749
746
750
763
742
749
750
749
746
748
736
732
742
744
745
728
746
730
729
734
720
731
734
742
742
734
724
723
723
724
728
736
721
737
739
748
753
742
752
763
773
764
759
761
737
747
756
741
736
721
727
727
722
718
737
733
754
747
763
761
773
771
766
770
772
749
769
756
752
736
750
738
739
738
750
749
754
721
733
748
748
746
741
732
739
750
742
740
749
743
744
755
764
751
760
764
779
766
765
754
728
746
739
749
742
734
754
756
752
752
762
746
733
740
730
737
749
746
740
754
738
735
738
736
737
728
728
724
719
730
741
752
756
758
758
748
755
728
730
730
722
731
742
742
740
735
729
745
727
735
742
730
735
724
733
748
738
753
740
744
739
741
733
724
726
726
720
708
704
716
722
710
731
723
744
745
743
744
732
724
733
717
727
724
743
751
766
739
754
772
747
757
750
764
745
734
729
732
730
735
743
736
728
723
740
744
737
741
741
742
737
742
743
744
753
760
763
753
769
764
764
752
749
744
741
730
742
749
774
777
795
780
761
764
768
777
769
786
779
770
774
790
777
768
764
756
749
770
757
743
757
746
747
748
751
749
755
749
735
726
746
745
731
743
739
724
744
742
725
735
721
714
721
743
730
739
753
755
738
731
728
743
744
750
746
743
739
732
743
745
763
763
763
769
760
754
775
769
760
753
777
765
757
768
746
751
745
740
733
732
728
735
744
742
739
743
742
760
745
753
757
741
759
753
773
760
775
762
773
772
759
751
760
744
745
747
747
733
747
753
736
721
740
723
738
735
733
745
758
746
761
754
753
755
757
765
746
737
729
728
741
720
737
735
741
757
756
741
749
759
765
754
750
744
750
750
742
761
742
740
736
724
721
716
733
733
722
735
729
737
741
747
747
730
726
739
745
743
745
755
775
767
740
756
767
751
762
769
779
784
772
761
766
771
767
757
771
762
770
757
763
754
752
753
756
771
765
763
778
786
798
785
773
765
772
757
749
758
749
757
744
743
729
731
726
724
706
746
745
727
733
738
734
725
727
712
715
721
724
721
725
723
715
720
709
728
729
712
714
722
739
735
748
763
752
730
756
751
756
746
717
735
722
719
732
725
730
715
732
722
718
719
729
727
721
743
725
745
751
746
731
728
747
741
737
738
722
728
742
730
737
735
745
745
736
740
736
739
733
727
729
734
733
734
745
744
727
742
722
739
732
745
723
732
746
743
737
752
749
755
741
745
737
731
728
732
722
750
745
738
729
740
745
741
729
747
736
743
731
747
721
742
741
734
737
743
727
738
734
717
718
730
736
728
733
747
730
735
751
748
738
743
734
735
732
732
752
732
734
721
731
721
722
735
746
752
749
733
733
746
741
737
748
724
741
740
744
724
748
715
723
721
727
730
723
740
732
746
740
753
761
756
739
737
756
752
762
763
752
749
752
740
739
743
743
744
728
716
732
730
739
725
715
721
724
717
716
722
728
728
728
725
731
725
738
734
741
742
751
744
753
734
749
743
746
739
738
730
743
728
729
725
716
731
723
731
740
720
732
739
746
739
728
730
726
728
737
735
732
731
724
729
715
731
723
729
734
751
744
735
741
749
750
744
749
742
746
741
750
756
739
761
763
756
739
743
729
734
724
745
733
746
737
740
743
728
741
742
739
724
728
717
731
750
758
755
766
750
761
750
754
763
749
756
750
752
749
749
756
756
738
741
734
743
752
736
758
751
764
742
736
756
749
760
751
751
733
736
727
727
739
737
724
706
725
724
731
735
725
732
726
716
717
725
721
725
710
709
714
708
717
709
732
727
727
735
729
732
735
732
722
734
736
724
729
742
729
739
730
720
712
712
715
717
731
715
725
736
741
755
739
736
726
737
732
736
737
722
716
730
753
755
756
766
756
744
751
746
740
737
738
734
721
725
739
733
741
734
743
743
749
751
744
736
738
737
741
723
700
715
710
710
710
712
706
702
722
723
716
725
719
730
716
698
714
722
727
724
723
725
734
729
737
726
729
740
741
739
719
711
720
706
706
707
710
703
716
703
708
711
719
720
713
716
719
724
718
721
727
716
724
729
723
729
714
723
729
730
710
719
716
721
732
731
721
721
734
737
744
750
742
745
747
751
743
753
751
757
748
727
722
728
721
728
743
755
752
754
742
733
734
725
735
723
731
743
714
713
728
715
717
717
733
723
723
742
728
744
716
737
734
727
731
734
729
742
747
751
752
730
719
714
724
723
715
703
720
730
727
742
731
732
749
733
722
739
736
733
730
757
747
735
730
718
715
712
715
711
719
724
724
719
732
724
725
730
739
742
736
727
747
745
736
731
735
750
745
743
740
735
734
746
730
741
722
715
696
703
693
716
737
736
739
750
730
746
744
728
716
731
737
732
736
745
741
740
740
738
714
707
717
714
727
712
728
724
730
722
733
738
705
716
716
713
724
711
710
714
729
726
716
747
744
755
753
754
744
737
742
747
755
746
750
747
767
764
759
757
758
776
785
764
770
750
756
736
719
733
727
729
720
742
724
723
710
732
739
727
739
738
743
736
747
761
766
771
764
755
734
742
749
737
737
747
761
770
760
776
745
743
747
751
749
753
735
744
734
730
745
744
745
751
752
736
736
746
720
735
759
719
733
737
734
736
736
747
743
742
744
733
727
721
716
727
734
749
755
750
739
762
730
716
718
708
726
735
722
731
742
756
743
744
739
723
722
735
729
742
742
752
743
750
749
761
757
758
753
742
751
741
756
740
748
738
731
722
725
717
724
723
712
734
743
744
748
757
748
730
737
745
735
742
737
743
731
729
730
726
716
719
729
734
726
728
719
711
711
709
698
704
726
723
723
708
712
729
734
737
731
729
727
730
733
713
713
718
699
710
704
701
711
712
718
723
726
721
723
722
719
713
720
732
712
714
719
716
713
724
726
742
734
742
723
711
723
708
717
708
712
725
724
725
723
711
717
745
742
729
747
743
759
734
744
734
725
714
735
739
744
743
751
754
747
753
740
732
730
724
734
718
708
705
708
696
693
705
716
708
706
723
724
737
728
718
739
735
743
744
741
720
729
740
742
742
736
743
751
737
736
735
735
749
728
731
733
724
729
732
722
711
713
722
717
715
706
686
695
691
701
686
684
701
708
709
707
680
703
720
715
714
698
715
718
708
701
704
706
711
713
721
724
718
720
718
724
725
711
716
694
700
696
700
724
728
709
723
717
713
705
717
726
714
719
729
730
722
740
719
731
730
737
726
724
716
722
710
711
721
727
725
711
706
713
696
685
716
736
741
753
742
744
758
776
765
773
762
748
750
751
754
746
744
740
737
737
731
729
742
713
727
740
734
738
739
748
735
738
729
717
716
734
725
715
723
721
701
719
714
709
719
728
717
721
742
724
735
720
699
715
723
710
714
711
714
710
702
711
716
713
708
697
691
702
706
705
714
709
703
706
700
695
700
728
716
699
715
699
709
711
708
702
697
712
711
713
707
718
731
728
726
720
731
732
730
722
730
732
722
707
715
711
707
705
696
705
712
722
717
698
705
703
695
696
697
700
694
686
683
681
692
704
702
705
704
724
711
712
698
699
686
686
689
699
697
700
712
705
709
701
716
713
706
697
690
694
697
696
697
700
694
702
718
710
705
709
715
726
720
708
715
717
710
697
699
703
708
706
711
706
697
712
704
716
706
718
700
693
701
700
704
713
707
698
696
700
699
710
713
709
698
708
701
687
670
686
700
677
684
688
689
671
671
677
684
686
692
686
691
698
710
706
716
700
710
712
716
709
725
710
711
696
689
711
702
706
689
697
694
700
693
687
693
717
701
720
722
720
709
691
691
694
690
692
692
676
672
685
691
686
680
696
688
694
695
690
688
678
670
658
671
676
683
693
718
720
712
711
701
711
721
705
698
693
701
706
702
707
706
714
702
709
711
703
718
708
705
713
715
716
719
713
706
708
712
724
711
702
700
715
711
701
699
696
705
695
694
701
711
703
687
703
707
698
701
701
700
713
696
686
696
713
697
716
705
703
689
674
687
691
691
701
687
688
689
689
669
685
691
667
671
661
668
668
661
672
672
674
664
679
684
688
689
693
689
701
691
694
692
703
713
729
716
724
704
699
718
710
701
712
711
715
700
701
702
700
700
700
706
688
678
683
688
698
709
712
701
711
717
710
714
709
696
705
699
718
708
707
716
719
726
722
721
706
711
707
695
701
711
704
682
679
685
691
690
699
697
685
686
696
696
687
692
686
691
697
691
688
708
688
683
687
676
691
690
689
706
703
702
698
705
715
715
726
709
715
709
697
706
708
703
693
706
697
679
668
674
674
676
683
680
679
683
690
688
687
692
703
695
703
694
699
687
691
699
704
717
721
719
720
720
722
714
715
717
727
735
723
742
745
730
731
719
733
734
726
729
729
727
721
695
701
701
701
709
711
699
703
714
708
710
716
707
717
718
714
699
701
696
691
697
703
711
702
697
686
682
702
699
699
712
694
699
693
698
700
706
726
710
710
708
704
692
697
701
718
702
674
670
672
687
674
670
676
670
673
699
692
691
689
669
684
688
691
691
695
693
673
673
669
666
701
692
703
707
707
708
723
729
723
726
727
720
707
699
702
716
698
691
698
680
675
679
671
692
703
712
694
685
675
658
674
675
678
682
699
694
696
713
710
711
710
704
708
700
719
712
715
705
705
687
704
686
706
706
714
723
706
726
730
714
706
721
713
713
717
711
705
708
691
697
693
715
722
707
715
714
710
712
714
719
716
708
725
723
711
701
692
702
701
707
712
719
706
720
711
717
703
710
706
712
695
682
698
681
687
687
692
695
680
704
699
700
705
707
682
691
677
684
684
702
688
667
682
677
652
668
663
662
663
667
657
673
683
676
676
662
671
665
660
665
681
674
681
673
675
663
682
684
695
680
680
682
689
706
708
691
695
704
707
717
700
706
689
701
690
675
687
685
690
705
702
715
698
705
696
696
696
699
689
697
691
672
693
706
705
711
724
720
700
711
719
714
723
709
693
693
700
697
684
701
699
711
710
707
710
712
714
708
700
699
701
699
706
702
694
698
699
694
681
697
692
697
694
681
685
684
686
696
678
689
680
681
689
681
696
700
704
713
711
700
693
691
692
682
678
683
680
673
686
682
678
680
693
702
695
703
704
689
690
679
677
682
689
700
693
697
680
697
683
685
698
692
687
692
688
699
689
696
695
686
683
696
692
692
694
686
677
678
689
674
680
669
689
687
679
667
660
679
674
675
664
677
667
664
673
683
694
694
703
682
688
679
687
686
701
701
708
694
687
680
675
679
684
683
675
670
684
670
662
660
666
676
670
676
674
680
690
680
680
687
684
677
672
665
675
680
664
673
660
677
673
683
683
675
669
693
683
670
679
682
684
677
681
675
673
668
671
675
662
680
666
675
667
675
694
687
684
680
672
669
684
683
678
677
683
681
694
686
690
688
696
703
708
713
705
693
703
705
710
695
703
692
701
723
713
702
689
699
701
694
693
691
691
700
702
712
706
716
720
706
713
711
706
700
700
698
689
670
688
679
678
679
679
689
687
690
682
681
676
696
681
681
680
682
685
676
676
672
673
679
692
689
675
669
682
689
688
690
695
702
693
690
690
673
701
699
682
689
688
697
696
690
682
691
683
686
684
680
698
707
703
713
702
687
683
679
686
678
689
688
703
684
680
669
675
682
664
663
668
671
673
664
667
674
677
687
686
683
686
701
692
692
681
669
673
677
683
681
674
687
691
694
694
698
695
685
686
700
709
703
692
705
701
722
698
710
720
704
713
700
698
700
708
699
684
694
675
664
676
679
671
671
682
696
703
699
705
676
695
688
692
692
690
698
677
677
667
685
697
699
688
687
696
704
684
690
686
669
675
666
672
687
685
694
697
697
701
700
683
686
676
673
669
692
702
705
708
698
682
691
690
695
685
692
688
669
691
690
681
695
703
700
698
704
680
688
682
678
681
681
679
674
668
670
680
682
672
671
679
675
675
668
663
676
675
658
675
687
697
709
700
698
696
692
680
692
681
675
686
668
684
698
708
689
683
684
692
695
693
688
692
700
697
706
712
702
705
710
707
711
704
703
690
675
673
676
676
671
667
678
695
681
686
690
689
688
675
669
669
655
676
667
665
677
660
654
658
657
671
682
694
681
685
681
689
686
699
692
677
677
690
689
689
688
689
691
685
677
679
676
678
699
689
696
689
693
679
673
677
686
692
692
697
697
701
703
703
709
702
697
696
691
698
687
694
703
690
703
697
710
709
709
711
715
711
701
696
702
725
722
708
726
717
704
706
704
697
704
709
695
680
684
676
667
667
662
679
676
687
687
666
657
650
632
635
657
677
661
674
664
664
672
673
658
659
668
680
673
665
667
678
667
676
687
688
693
687
687
692
686
673
669
686
683
683
680
688
670
680
660
664
661
681
671
674
676
681
671
689
677
686
664
654
666
678
672
665
679
699
704
686
701
689
675
685
672
670
680
674
678
695
680
691
680
678
677
689
689
681
682
689
689
679
678
676
666
656
674
682
693
684
684
693
692
696
692
685
666
682
685
682
679
685
677
678
681
657
658
640
661
670
665
664
664
678
677
674
676
685
683
690
685
668
665
663
674
671
677
683
683
681
686
690
693
701
689
680
687
684
670
662
669
670
669
657
650
657
659
654
644
656
644
656
680
678
687
670
686
681
689
691
687
693
684
678
682
686
681
679
673
663
675
675
677
673
680
653
666
674
684
683
662
666
678
681
671
679
702
691
698
701
708
704
681
694
698
690
690
696
706
692
691
678
669
675
665
685
690
678
661
678
682
670
668
670
668
677
677
671
677
670
659
666
692
688
695
686
683
679
675
671
663
657
656
662
659
663
652
659
653
650
646
646
649
658
660
654
644
633
637
654
662
653
654
648
661
649
652
665
660
643
654
656
665
655
653
649
661
651
669
670
665
673
676
681
689
682
688
682
670
665
675
658
660
653
651
666
664
654
666
669
663
668
677
671
680
679
674
659
643
653
656
644
661
666
665
660
666
663
665
685
679
682
681
680
665
683
676
676
656
644
658
675
671
662
664
665
655
665
660
668
660
659
654
666
685
673
671
655
645
647
655
657
657
651
665
676
673
651
643
647
638
638
637
660
659
644
650
660
658
658
650
643
649
646
653
656
653
639
632
643
653
662
667
662
670
658
661
654
656
648
646
656
658
661
661
661
660
671
673
683
675
665
663
669
653
648
661
667
670
653
667
659
664
660
658
648
659
659
648
642
636
645
636
648
655
655
657
656
640
649
661
667
670
656
648
639
648
650
667
676
668
666
667
661
670
671
676
647
649
648
646
642
644
638
649
668
672
674
671
663
677
682
659
638
637
635
637
634
631
626
650
660
654
649
641
659
654
643
649
656
650
638
638
654
662
653
645
655
653
663
652
658
658
661
666
658
651
641
643
646
640
653
653
652
651
643
641
639
640
634
634
651
654
653
656
670
666
663
672
673
675
673
672
657
671
661
678
671
667
670
660
667
672
678
690
678
678
685
672
647
667
662
666
668
645
661
653
642
654
638
659
670
666
670
671
670
654
667
663
669
669
663
663
659
655
665
669
667
661
665
650
642
647
640
654
659
641
630
643
642
655
661
652
654
651
650
658
648
647
640
641
644
663
647
649
639
639
642
634
629
632
642
647
659
652
637
639
633
625
642
642
645
646
627
628
615
626
648
643
639
622
630
651
633
645
646
652
645
647
649
637
646
675
648
659
656
669
653
633
640
632
630
646
657
668
653
652
655
643
633
645
627
613
609
634
634
630
638
651
661
669
658
644
655
651
652
659
649
652
652
657
642
642
645
651
646
637
645
645
635
635
628
638
646
661
652
662
654
660
670
659
654
656
647
666
669
665
672
674
665
657
665
660
666
665
664
656
656
664
656
665
655
671
654
648
664
632
651
639
634
648
633
646
636
651
648
651
640
656
652
646
654
649
648
626
649
643
633
626
639
638
652
641
634
633
633
657
658
643
645
643
638
661
642
633
627
636
641
631
635
644
638
640
637
637
625
623
629
633
636
638
633
633
644
628
633
638
629
635
644
643
650
645
649
659
664
658
651
652
664
655
643
652
659
665
668
649
659
661
655
646
657
663
655
643
623
631
637
627
639
641
644
630
635
638
647
657
638
652
662
642
640
644
648
655
659
651
650
643
649
657
645
634
646
658
661
658
642
652
623
626
642
628
637
631
641
643
636
637
638
636
638
639
645
645
633
651
642
649
634
652
662
668
679
682
663
661
663
668
663
654
658
638
635
636
645
645
662
657
660
644
660
648
652
655
650
658
643
646
650
654
636
649
653
653
648
664
659
659
658
656
649
655
660
665
666
669
669
664
665
653
665
663
651
663
640
651
649
663
664
653
651
672
673
671
650
650
652
663
656
648
657
661
664
652
636
648
631
645
674
668
664
689
693
685
691
685
681
667
670
664
685
668
673
659
651
655
644
649
655
662
656
665
661
659
672
670
658
647
652
649
652
652
661
667
663
680
669
657
665
653
650
660
670
641
662
653
668
667
670
674
647
672
697
704
684
679
682
675
685
685
668
668
678
664
650
650
658
654
650
648
662
670
669
668
673
669
652
641
648
653
653
652
643
622
626
633
637
623
632
640
642
647
651
663
651
642
642
641
652
645
647
657
670
684
662
676
677
671
676
661
657
648
656
667
675
681
676
678
676
662
669
688
679
673
670
681
671
674
664
661
673
675
677
668
667
654
653
653
655
645
649
657
664
660
659
665
664
668
672
667
665
673
686
685
680
675
672
684
682
656
664
669
643
639
646
657
656
664
662
643
644
646
659
663
642
652
654
653
664
656
655
668
653
674
664
657
670
680
683
670
671
666
675
646
658
676
672
655
666
663
673
667
651
669
667
645
649
648
649
640
635
632
640
647
655
666
651
653
652
657
656
657
658
660
666
659
659
662
658
662
658
664
657
649
648
665
652
647
655
673
649
658
649
643
639
655
654
669
666
668
661
669
666
666
682
673
674
673
666
667
669
674
675
662
660
649
655
667
647
660
672
659
652
659
670
658
659
641
639
636
647
643
641
657
660
670
669
667
672
665
666
657
658
644
643
650
646
646
636
644
655
658
660
658
648
642
639
646
660
665
673
683
677
675
676
670
677
692
687
668
667
660
666
663
668
663
662
664
675
665
676
675
665
672
674
670
684
683
681
673
682
660
668
673
660
664
663
658
660
646
658
663
667
669
655
647
649
630
620
632
648
654
651
652
664
656
657
659
649
641
645
647
649
659
651
651
652
657
666
669
677
668
683
692
685
676
681
675
676
677
684
688
684
664
665
688
688
685
682
667
674
675
663
662
673
673
679
672
671
666
677
684
689
688
686
677
679
672
666
668
661
649
645
646
662
671
666
653
655
644
648
651
644
663
663
674
670
681
688
681
694
675
676
673
666
666
657
675
675
671
666
675
673
680
669
676
676
678
679
659
654
655
653
660
644
653
656
639
642
638
647
659
656
640
650
645
652
643
651
653
653
644
654
666
661
649
651
651
662
665
662
682
679
674
671
653
660
667
657
675
665
661
665
661
664
652
646
652
658
673
661
655
661
654
659
642
641
635
638
647
644
642
655
658
655
651
663
661
670
657
660
665
659
667
657
656
669
661
657
654
659
674
667
666
650
668
666
669
665
663
646
642
649
645
649
653
645
655
643
641
641
667
665
677
663
683
674
683
676
693
690
680
689
684
666
666
644
653
650
645
638
635
628
645
644
639
638
650
647
663
652
649
659
658
647
641
640
643
636
637
635
641
654
632
642
650
653
655
647
646
662
645
653
649
671
656
652
657
656
683
673
679
681
682
669
680
682
688
689
692
685
687
676
685
662
667
650
653
653
650
651
657
652
649
654
645
648
656
653
662
669
663
659
653
646
648
644
649
648
662
665
672
677
668
665
657
653
650
655
664
659
654
656
653
652
650
653
656
651
642
644
639
640
638
635
641
641
642
640
650
647
629
639
642
633
642
642
640
631
653
641
650
645
645
650
665
673
663
650
663
654
650
645
651
638
640
641
651
641
678
667
648
634
633
618
629
632
645
638
650
649
646
641
632
656
655
672
669
664
665
662
668
662
669
659
666
663
668
668
666
658
657
642
647
647
659
660
667
663
650
656
653
661
665
656
659
656
659
660
675
657
670
666
667
660
639
646
663
661
656
657
642
655
658
648
646
647
650
651
654
658
653
651
649
658
665
653
643
638
646
638
642
635
638
648
632
633
635
639
629
647
644
649
643
642
660
664
676
663
647
664
673
668
668
668
664
665
666
668
671
672
669
662
653
663
673
675
674
674
660
660
658
649
653
657
660
655
655
674
660
659
647
652
658
657
666
667
650
662
657
652
662
662
673
655
671
649
662
660
660
660
658
648
653
655
656
663
670
663
662
668
654
664
662
672
667
681
673
671
673
669
662
667
657
656
653
660
657
659
650
660
652
665
656
654
667
662
639
656
650
673
668
656
666
657
662
667
655
652
667
663
662
651
666
647
639
638
647
661
648
646
645
644
641
647
665
658
649
679
683
678
674
671
665
661
651
654
655
669
660
689
675
677
673
672
669
666
652
643
651
666
657
652
651
654
648
643
650
652
658
656
669
675
655
670
660
653
650
645
647
658
644
655
656
664
658
663
662
666
664
656
655
670
670
661
684
672
675
670
675
679
667
687
673
665
668
665
657
643
618
640
643
645
654
649
633
642
639
653
654
656
655
648
655
675
674
662
671
653
661
648
649
653
641
641
646
644
636
650
638
632
641
641
635
644
644
645
647
642
644
655
655
657
644
651
652
645
648
638
633
646
624
634
639
643
626
649
648
646
644
653
656
652
660
651
655
656
653
670
653
644
648
657
648
654
657
651
663
667
663
670
685
671
671
681
674
659
662
655
657
643
656
652
657
651
659
675
649
657
654
662
665
652
663
659
662
661
661
649
659
650
657
659
673
657
665
653
655
665
671
653
673
673
676
666
655
656
662
678
658
661
654
668
679
676
658
662
637
632
638
649
663
648
666
647
652
645
637
630
641
643
650
645
633
648
644
643
630
630
628
629
633
650
646
643
640
651
638
648
651
651
650
644
637
652
657
660
648
641
642
631
612
610
617
627
629
634
648
636
636
633
633
644
654
655
666
665
654
658
656
652
634
654
652
658
654
651
655
653
653
643
641
651
647
651
662
658
651
648
641
635
654
652
665
676
670
667
677
689
675
665
675
674
670
662
651
644
656
656
650
654
657
656
666
646
652
654
658
652
661
657
659
653
659
664
674
670
664
658
669
642
649
654
643
648
657
666
658
660
664
667
663
673
660
667
674
670
670
674
671
674
668
668
657
641
646
658
659
660
675
679
669
651
658
660
629
643
645
634
625
632
637
640
644
654
645
645
641
647
655
637
638
633
652
660
657
665
657
649
652
644
642
655
653
640
640
634
629
633
634
635
654
628
634
659
629
658
662
668
657
650
655
668
663
665
654
646
644
642
645
644
632
641
643
656
649
660
650
646
651
644
644
653
641
639
641
652
645
671
669
661
664
672
649
651
643
642
656
660
651
635
643
636
644
623
625
622
625
639
652
648
638
652
631
660
642
634
646
643
629
631
627
637
621
625
615
623
630
619
608
608
605
614
613
615
616
619
620
633
633
636
646
641
647
629
631
628
636
643
636
638
645
652
646
645
650
643
640
627
643
648
639
637
640
653
656
654
649
649
637
633
643
638
654
655
656
634
639
649
646
631
622
636
639
614
592
619
628
623
618
611
616
614
631
644
639
631
622
629
622
625
628
633
610
633
644
653
654
639
647
658
649
663
661
653
661
653
648
641
649
654
658
648
654
645
656
664
642
647
630
645
622
625
605
613
613
625
626
623
632
643
651
643
643
639
649
640
654
664
644
645
647
636
639
636
632
641
639
629
650
627
634
639
648
642
640
627
628
631
635
640
632
627
638
641
628
653
664
654
646
658
660
655
650
655
661
644
653
659
648
646
649
651
641
637
630
651
636
639
633
646
644
646
640
649
641
647
654
651
652
665
661
669
662
663
662
668
657
648
644
646
664
653
660
652
646
652
644
639
653
657
643
640
631
649
646
631
626
639
619
621
639
640
620
609
616
636
640
632
636
631
623
633
617
624
623
629
632
643
630
620
617
619
616
608
605
617
636
631
633
628
640
624
618
625
619
629
631
618
634
639
644
651
647
651
645
641
631
648
638
648
641
650
650
639
643
644
645
644
640
660
667
653
650
657
644
641
642
641
650
641
648
652
656
637
650
650
633
620
603
612
616
620
626
619
614
631
625
623
636
646
632
636
637
651
645
644
634
642
653
644
626
630
617
624
620
625
633
632
633
623
631
644
653
659
654
647
653
648
644
640
638
629
635
634
655
654
657
639
638
640
638
652
629
640
622
613
618
621
612
616
632
624
615
620
625
642
634
651
671
667
651
664
658
661
675
675
672
667
673
666
676
665
658
667
658
635
628
630
638
620
613
620
620
628
633
624
628
636
649
659
645
642
640
634
647
639
630
624
637
638
645
640
634
644
646
655
642
656
659
663
666
676
670
660
658
649
640
653
643
639
628
640
636
641
644
656
662
650
649
663
680
674
679
678
660
670
654
656
649
644
651
649
652
666
657
663
666
665
659
657
661
652
651
638
654
646
654
655
656
655
647
652
662
667
659
643
653
636
640
649
632
614
616
620
627
635
624
628
646
629
632
630
640
625
629
636
639
635
635
629
630
635
659
652
639
646
628
648
635
627
626
639
627
626
641
639
627
628
631
629
620
629
635
622
622
609
603
613
613
612
616
606
607
610
615
624
631
631
644
645
645
640
645
646
645
654
642
647
637
632
629
627
623
631
638
642
641
630
645
643
658
641
657
653
643
651
649
651
659
642
636
638
640
646
644
653
628
649
667
646
657
663
657
650
646
649
660
657
644
662
652
669
662
647
656
663
652
658
630
628
615
628
642
626
628
632
638
642
627
643
652
645
639
631
625
626
623
639
635
628
632
626
639
658
657
635
629
612
629
629
643
656
651
660
655
655
635
642
642
635
642
654
664
660
669
660
656
662
664
657
664
656
659
652
639
642
661
656
652
631
636
631
627
632
652
645
657
645
634
645
649
661
652
648
648
660
652
660
648
625
639
639
647
644
638
640
650
639
638
637
626
628
622
617
621
629
625
628
627
622
619
622
628
631
629
632
636
635
644
640
643
642
650
651
657
655
647
635
631
658
643
634
644
636
636
637
651
650
645
636
632
633
637
636
645
631
633
626
632
625
630
631
624
639
645
658
662
658
656
645
641
634
653
633
642
644
643
642
642
653
641
649
633
642
645
637
654
640
641
626
621
617
633
639
647
634
635
643
647
653
650
656
647
651
661
655
647
651
653
664
651
659
675
660
661
679
669
648
638
651
653
649
647
638
637
639
648
633
633
626
629
641
638
649
664
662
663
651
635
639
656
654
653
635
640
656
643
648
647
649
636
633
627
624
629
642
663
654
636
649
656
649
642
653
632
629
634
648
653
645
640
640
618
612
624
628
624
624
623
627
626
639
633
630
619
617
635
625
640
641
646
619
612
610
610
610
635
638
646
622
629
640
631
635
643
640
638
628
638
646
638
635
628
630
622
637
643
649
626
618
623
626
636
635
623
629
628
625
628
631
639
639
648
650
642
636
634
646
637
645
644
645
626
632
625
639
639
630
645
642
638
625
629
645
653
664
665
668
669
655
649
661
664
656
656
669
659
658
655
648
650
643
641
647
649
650
655
663
662
669
662
661
674
666
670
675
653
651
648
633
632
632
649
657
635
629
642
634
632
645
638
649
632
625
619
621
619
626
635
647
631
638
628
630
631
637
633
646
642
649
636
638
642
625
643
654
643
651
650
647
647
640
648
635
633
632
633
633
633
630
636
622
621
619
621
631
638
632
636
635
638
645
637
635
646
639
637
640
648
639
633
638
634
639
644
636
637
624
622
628
625
618
633
632
639
635
632
622
604
600
611
626
621
620
617
623
614
636
626
637
656
639
641
642
647
650
642
650
645
634
634
646
656
635
637
632
636
629
626
635
634
642
641
646
647
650
646
639
633
652
662
662
666
663
653
652
656
657
655
655
655
658
661
655
671
664
648
644
640
654
658
660
637
647
637
627
644
658
654
650
660
642
661
665
656
664
661
675
670
660
658
667
653
646
632
636
632
639
639
630
635
623
625
635
639
655
637
640
641
637
632
640
645
624
627
642
629
626
624
639
628
629
633
650
643
651
673
661
652
653
668
655
660
650
655
656
653
645
638
634
654
655
652
650
649
644
646
638
633
623
627
621
629
621
618
613
602
604
610
622
622
625
638
633
634
627
627
637
635
636
633
624
617
611
614
628
631
630
638
629
622
613
626
604
604
606
596
609
621
630
628
625
627
646
636
635
632
612
634
635
627
633
638
635
637
640
634
631
635
632
635
629
633
621
625
620
621
631
630
638
629
647
640
629
632
633
626
626
642
639
630
634
635
628
625
637
620
615
627
616
611
614
616
610
617
601
613
623
634
629
629
621
619
625
633
657
652
645
647
653
628
658
657
659
651
649
647
637
629
645
642
639
639
633
634
635
642
635
637
637
635
632
630
628
623
610
626
635
653
654
658
645
645
645
638
633
640
639
636
641
638
638
644
639
639
631
643
626
614
605
610
610
623
621
630
642
637
632
641
629
615
627
624
604
623
614
617
621
619
614
612
618
617
598
587
612
604
611
602
594
612
620
621
638
633
617
630
640
654
645
645
649
641
637
640
617
621
628
626
624
625
637
632
636
626
624
621
613
628
636
623
626
623
614
608
603
622
631
625
640
643
647
660
651
655
651
663
659
659
660
657
651
652
643
626
632
644
625
623
621
631
622
627
613
621
605
609
607
614
618
612
604
641
633
650
653
652
659
644
658
658
660
656
649
644
636
628
627
635
631
637
629
640
645
641
634
626
623
639
638
645
636
640
641
641
645
634
648
641
637
634
638
632
638
649
638
650
635
636
647
640
620
625
619
608
620
622
625
633
635
616
615
606
596
601
607
606
603
604
616
619
618
624
629
631
625
614
628
632
642
646
633
637
638
638
641
654
662
661
654
655
632
633
640
639
628
630
615
627
624
624
623
628
606
631
627
609
617
621
611
619
616
629
627
628
631
624
637
627
641
641
648
628
627
636
628
615
615
594
601
596
597
591
609
614
626
618
617
617
621
620
620
607
609
622
622
633
639
639
622
626
627
624
631
625
619
628
633
644
642
662
652
660
651
652
639
632
630
611
599
604
609
613
612
610
595
602
601
622
627
619
630
618
635
625
620
633
634
620
621
613
606
603
595
618
619
631
619
618
624
629
644
635
625
623
620
632
636
621
617
623
605
613
620
612
621
611
608
620
614
619
611
612
615
625
631
625
625
625
625
613
627
633
637
643
630
643
633
635
616
631
616
621
619
626
626
624
625
618
605
625
618
626
629
619
631
618
614
621
624
630
628
630
636
624
628
629
633
630
640
629
622
617
634
629
633
633
635
643
626
633
612
611
603
625
618
618
613
624
611
617
629
632
616
624
613
620
618
618
607
611
605
620
617
609
612
607
604
619
639
620
614
619
604
601
600
599
612
600
591
607
612
606
622
609
626
617
612
608
622
605
616
610
610
622
620
619
611
613
606
594
603
621
613
627
615
613
612
601
609
602
616
620
628
636
624
620
617
631
629
629
629
632
626
622
624
625
614
617
603
612
621
620
605
623
618
626
631
641
625
630
624
621
617
609
603
598
611
615
624
621
624
619
618
624
630
632
632
640
632
637
632
633
625
609
606
620
618
609
608
611
616
617
623
627
618
631
629
617
612
607
612
600
592
591
589
599
609
606
612
623
625
617
610
609
606
619
608
615
624
602
601
593
591
604
618
611
613
602
629
631
634
632
629
612
628
624
619
625
625
632
641
647
633
641
652
646
644
637
644
652
638
639
622
616
635
621
626
624
622
629
641
631
627
622
637
649
646
641
635
629
621
622
636
632
626
636
641
636
634
614
623
611
610
607
611
605
620
622
633
626
610
615
616
603
600
586
594
590
602
585
597
592
576
599
614
608
604
607
612
603
606
616
612
614
620
622
627
611
599
604
606
597
604
591
601
616
618
618
617
599
619
603
584
585
596
588
612
616
612
598
614
618
607
596
631
623
625
628
611
631
624
624
601
610
594
586
592
590
627
622
621
633
619
608
605
597
605
617
606
613
616
608
632
618
615
623
625
603
593
596
593
577
569
584
578
594
589
600
606
608
595
608
611
607
607
605
606
612
598
617
619
612
630
623
625
627
616
606
616
614
609
612
593
595
582
590
594
586
586
596
587
588
593
583
597
611
613
593
605
614
624
608
604
616
608
610
604
600
611
592
602
603
610
613
611
605
610
609
607
609
608
602
604
599
605
611
608
611
605
607
608
603
601
600
620
631
610
610
627
602
603
600
586
587
583
584
596
600
603
613
606
606
611
597
602
596
603
604
603
599
605
618
627
622
624
613
593
605
616
602
616
618
608
607
598
600
615
609
597
590
597
601
593
586
592
585
585
582
585
584
585
584
584
592
584
587
585
587
583
580
582
577
576
579
574
594
607
596
600
597
600
615
616
631
620
615
610
629
622
612
608
604
607
613
599
605
601
603
618
612
601
605
616
598
608
608
596
593
590
590
603
602
592
602
605
605
593
595
588
584
581
579
587
585
584
593
606
605
610
609
605
608
599
605
595
585
585
591
603
598
594
599
581
587
587
596
600
601
597
582
578
587
582
587
589
585
602
595
608
604
621
598
602
599
596
596
595
586
589
580
591
592
586
581
585
595
598
590
590
601
609
606
600
599
599
594
610
603
601
593
607
613
605
611
604
600
606
602
603
592
600
586
584
577
586
591
586
594
603
584
589
584
578
585
599
601
608
612
615
614
614
611
606
618
605
603
597
605
604
611
603
598
602
599
587
590
592
594
584
595
600
585
592
594
589
590
601
612
598
591
575
603
599
596
591
598
605
604
602
597
602
600
594
590
585
598
610
617
610
597
586
594
602
595
586
594
607
612
598
613
613
612
616
613
617
611
611
615
628
619
622
603
611
613
622
617
619
607
598
609
615
604
580
590
587
595
583
577
582
584
586
575
575
588
592
593
580
588
593
585
594
592
590
582
570
573
577
574
572
581
574
576
564
566
578
575
577
578
601
595
588
584
604
606
601
615
605
603
605
607
616
617
611
611
602
602
605
616
616
607
615
603
606
613
615
611
604
602
592
589
590
598
588
581
573
584
585
586
601
593
588
592
604
602
602
601
594
593
609
602
609
611
612
603
614
613
613
608
612
600
621
610
605
604
602
610
606
594
591
598
600
593
593
596
590
589
581
588
588
589
583
589
588
598
598
596
579
587
605
612
606
610
613
604
622
617
615
609
611
606
595
606
614
609
601
605
610
605
591
603
594
600
609
593
605
610
595
602
609
604
588
593
585
602
593
591
588
584
592
587
585
572
574
563
567
580
587
586
575
580
561
555
582
588
580
578
578
573
569
579
577
582
574
587
591
587
591
590
591
576
577
566
561
577
571
558
564
568
578
567
559
560
563
560
575
575
576
578
575
571
587
567
573
591
575
587
577
585
585
581
590
589
586
592
603
592
607
603
603
591
588
601
607
612
606
607
606
624
619
611
602
594
602
609
604
603
607
608
605
611
608
595
605
610
602
589
589
591
583
569
571
587
579
591
594
585
580
597
595
600
598
605
603
605
589
596
594
581
574
581
580
598
598
598
600
615
610
617
610
612
616
605
605
603
606
581
588
598
604
605
595
596
604
594
598
599
593
580
591
596
599
615
608
617
597
615
599
591
595
615
619
609
595
583
596
605
589
588
588
583
578
576
561
564
568
572
581
584
580
601
587
587
575
590
603
600
605
610
602
599
605
597
613
598
598
592
605
605
616
606
602
596
597
595
605
594
590
599
590
584
583
589
594
611
608
609
613
605
603
610
614
608
614
615
611
603
617
630
620
621
616
619
623
617
603
608
591
602
614
592
600
596
599
594
607
617
616
621
629
629
630
616
609
598
599
610
606
615
613
606
594
598
584
594
602
609
615
604
613
615
614
604
594
593
582
591
574
575
582
598
583
589
601
600
600
604
604
595
598
601
595
590
586
586
587
600
592
599
584
601
601
587
589
601
589
596
600
597
602
587
595
578
599
603
606
598
598
595
598
592
586
586
581
593
600
603
602
605
616
605
616
613
611
608
604
601
588
592
587
602
614
607
607
604
590
591
581
589
596
576
575
569
571
570
560
557
574
574
575
565
566
573
563
573
591
585
590
576
586
582
577
585
592
594
597
578
580
593
592
602
593
592
590
609
607
613
608
600
602
590
600
607
603
599
601
594
584
581
594
610
600
598
609
595
602
599
591
607
593
588
589
594
606
588
597
591
584
585
600
595
584
583
590
606
597
603
602
594
601
603
606
606
596
605
611
611
612
603
605
606
608
605
597
582
577
585
588
597
606
610
597
595
591
593
601
611
611
588
605
602
604
619
611
597
591
599
590
599
607
600
590
591
600
608
610
617
607
605
610
602
598
604
603
631
610
624
620
626
611
602
598
605
605
598
601
606
595
608
603
591
597
602
589
586
585
597
589
586
585
583
585
581
581
587
574
586
593
601
607
611
605
605
592
589
600
580
585
576
570
563
578
565
563
573
602
613
610
613
608
601
596
585
599
594
584
593
585
596
592
603
612
604
601
616
606
609
588
587
586
575
571
587
570
594
581
591
595
590
584
596
585
585
593
585
586
579
576
587
570
573
571
588
569
573
581
572
576
580
580
584
590
586
596
588
591
586
588
592
608
603
618
603
599
610
610
599
603
606
599
598
601
599
598
598
606
601
597
596
608
597
593
589
597
595
600
607
600
605
610
614
620
605
608
600
600
618
604
598
605
602
606
594
603
604
619
610
607
599
600
604
588
594
590
595
586
597
607
600
603
584
601
603
608
601
597
581
590
601
584
593
589
576
592
580
577
585
572
581
579
587
588
588
588
594
585
574
587
587
596
606
607
609
600
599
601
606
619
601
606
606
620
617
619
608
615
611
603
586
575
578
567
579
574
577
562
580
580
583
579
560
566
574
573
569
556
549
559
554
557
557
564
564
566
573
569
569
583
582
573
585
586
583
571
586
590
591
574
574
587
609
607
614
609
594
596
590
587
593
582
593
589
587
592
597
590
592
596
605
590
601
583
589
588
581
592
593
591
595
596
592
607
606
598
601
604
603
613
602
598
597
595
587
597
597
604
595
597
589
586
583
582
579
578
584
586
601
597
600
593
588
602
614
618
611
606
597
609
604
617
612
614
613
600
598
598
611
607
592
603
600
595
601
596
590
607
606
599
607
602
597
600
609
591
606
608
614
618
603
616
610
618
612
599
598
611
604
616
624
613
613
616
601
603
600
620
612
617
606
617
610
624
616
618
620
608
613
605
604
613
602
602
600
598
594
596
593
601
601
601
594
608
595
601
603
598
601
605
591
593
601
589
583
578
583
595
591
583
580
594
592
578
586
578
571
573
571
574
567
573
575
578
576
579
574
575
570
574
582
592
598
593
589
594
585
598
587
594
598
603
603
589
581
580
564
576
580
569
563
565
576
580
584
573
576
